3976
5087
5279
7658
1903
2634
3570
4318
5131
1721
1895
4711
8770
8993
5667
7516
3260
3341
3834
7925
5198
6929
6781
2943
6021
4930
8968
1659
342
349
6378
1148
5153
2874
8315
3933
5074
3226
8884
1981
2805
8534
2532
2644
641
8831
8783
3303
1110
6222
8293
5556
7403
1748
1798
6408
5204
3755
1293
1287
7250
3379
924
2361
4340
6318
4178
3825
2443
2990
8403
1973
6175
3075
8059
7489
1500
7974
3946
7156
5701
5052
4194
1779
4817
7772
2604
528
4287
3701
3865
1392
4656
16
5967
1159
8916
8916
7772
2859
8329
7590
7978
2699
6595
5280
7449
5011
142
2713
5729
8105
93
7702
5116
3405
4313
7974
4818
302
2499
66
3216
6874
2661
5163
7921
3414
4835
3291
4367
338
8884
5946
8053
3945
772
1797
8121
4144
910
5207
460
4611
4850
6157
5625
639
5674
2939
1184
86
614
3467
2083
7742
4221
3704
7006
6357
7506
1990
6694
1438
7032
8927
4393
1528
5517
6213
5804
5151
8178
5254
7939
5734
395
4630
4354
253
4091
7116
6462
7809
8610
2512
5843
2662
3420
477
1065
4256
2595
4506
7679
6343
448
2908
3709
4065
4569
3581
4100
2832
1476
3013
7154
6317
3082
5435
6001
7142
371
8552
4464
3858
4756
2310
3783
7808
7356
7155
4280
7833
4360
7712
3081
4386
3331
7064
305
7870
7303
222
5480
8742
2248
7732
6218
3269
356
7706
4270
4909
3956
4690
8134
6349
5506
1573
5294
6938
7723
2489
5327
8411
8092
8184
3564
3197
6818
4927
5225
7072
1382
7410
4426
4955
3367
8355
2748
8502
2807
8416
1170
5366
2470
7592
686
6382
5013
802
4552
5425
7226
5773
1633
1312
194
2775
641
116
215
7480
3296
2027
3502
305
3799
3750
4469
3168
4578
4668
974
1795
179
6265
3056
2454
7681
3181
5237
8841
4727
8447
472
3199
3132
6791
5842
4992
2587
3611
6652
4512
1159
4965
3011
2301
5824
8050
460
5286
2685
4727
1673
2730
1608
1950
1301
8084
6710
8220
1089
5664
7932
3145
6067
6220
490
4345
7141
785
8743
3774
3562
2867
6185
480
60
1568
2464
3262
4774
5077
8653
8540
1037
4113
4673
1568
7532
4064
2182
8878
6709
1638
5514
4773
1930
5124
6954
80
6740
4575
5680
1227
5628
2174
7080
7533
2308
6942
2239
4520
8489
2755
6814
4990
5997
274
6046
4310
8886
5470
5799
8200
5159
5344
7904
1733
7365
4487
7496
4518
1137
7276
8828
2103
3585
7031
3602
4412
2601
8439
3208
975
779
6533
6164
1583
6784
1366
5288
6757
878
3890
8040
2000
8670
2435
4298
1214
3757
6189
5074
3435
7147
5552
563
6803
4216
6230
8793
4813
3138
704
1603
1866
6854
7765
6332
3008
1027
7455
6572
8869
2907
7754
2984
27
1339
1044
344
3280
652
4973
8967
5827
8978
6328
5888
3351
4625
4246
2259
2018
6933
5207
8071
218
2140
5390
3552
775
2265
5026
6844
3488
3454
1939
7004
1259
3563
8213
6434
5388
3711
3361
4002
6362
3250
3894
8521
6086
6066
294
1553
1147
6381
1010
5508
8359
7491
7240
6558
1665
4211
8767
175
1708
4642
4892
7657
4104
5147
3454
3950
8786
7472
5220
4513
521
1867
6450
1529
5675
3080
8688
3986
3188
6423
24
4161
7415
4014
8408
4213
157
4265
8005
4961
472
4538
6898
8191
176
5445
6100
5004
5598
3654
1500
3686
5360
4440
2528
4243
8083
144
5944
7827
8305
6900
8322
6022
831
373
5085
2161
6542
2994
1278
5171
4289
7171
5260
8128
5286
4655
8682
1682
3939
8866
8644
7973
2042
8832
4634
3159
498
1602
26
4663
3439
2114
8106
3862
1035
2884
6638
1883
1631
3609
8846
4668
4552
924
3078
2413
349
6800
4431
4142
8229
705
3115
5667
1776
347
6195
8047
7233
2442
1825
8247
8955
7685
4792
3808
7874
8233
8775
3706
1001
85
1035
5062
5687
4639
3846
7913
1856
8040
3867
2786
1346
728
7007
843
937
1074
2033
2492
3666
4906
3104
651
344
1248
1695
5263
7272
2183
3222
6851
7733
5653
4828
5514
590
8833
119
2513
4651
6500
4886
7563
4274
2786
1018
2178
6505
1615
755
7403
7462
4819
4695
4237
8056
8981
8401
3412
3758
4375
6500
1581
7479
5830
7136
1411
4338
5741
6544
8156
7213
6330
2519
2186
3031
7092
1008
6236
5285
8467
3960
8484
2443
3060
6398
1191
6826
700
8126
4801
4764
3573
5263
8102
4246
3804
1215
494
5726
3011
2723
5092
2876
8477
2313
4651
3689
2907
2904
8135
4928
5029
1501
5534
1896
3828
5346
5310
2754
1308
2442
2357
1844
3142
4598
4265
1027
5777
556
882
4331
6902
8993
1413
539
3888
5275
4048
7715
4927
4207
1955
8173
4808
2472
3613
8859
7785
2093
7090
766
5547
2934
7743
8845
1532
71
2175
1196
8505
5032
52
6107
5088
3572
7336
5946
2737
8263
4013
2338
792
1102
6653
8977
69
3828
8286
3370
5389
587
354
5433
2703
7625
6957
5961
5172
2085
6584
3238
1251
85
8860
5778
6265
3469
6418
6023
3289
2095
8208
8885
2654
1358
4044
846
1818
8831
259
6970
4664
2704
2130
499
6260
6714
6332
7144
1832
5163
7616
3516
4204
1109
6512
8365
793
7310
8984
6834
3204
6117
1701
7823
2720
99
7856
6923
3763
3014
6275
4882
5527
1885
4458
6636
1841
4688
2949
5682
1470
5177
8112
4401
6906
1872
8509
6099
7327
2361
7605
3139
6369
4547
4449
1835
5360
3645
8150
5317
7625
5042
3555
7128
7078
4775
485
555
1300
2999
1
4690
1093
8673
7390
8716
2070
7017
7114
3856
4057
7595
4465
2800
37
5479
1201
3698
6054
2886
3092
4472
6559
8182
4424
3371
8522
2795
3818
336
8044
1425
5747
1089
5286
4993
8036
2778
206
6741
2713
8893
6386
1084
597
2458
5599
4835
7500
4740
5809
4035
2380
259
2395
626
8004
1514
7170
8957
1440
1828
2936
1743
2939
8212
8440
1438
1760
119
8773
1039
8141
3433
8484
4595
123
7168
8592
1534
870
6058
4741
8296
8627
2303
1189
7724
7828
2653
2442
1960
437
2590
8249
5509
7336
800
831
4573
5073
3869
3400
1453
4270
3467
6193
4110
8
964
184
5541
6242
2524
8030
3996
2375
1165
3137
1064
7019
7986
7693
2473
4553
6458
6000
7116
660
8922
7430
6090
3746
5376
1003
1601
365
5669
7722
5636
7917
8091
5988
4480
7645
5233
6576
1213
6621
5479
3847
5714
6397
2764
3629
3138
6418
8219
8523
2727
2857
1972
5053
7494
4039
3058
2720
7462
7115
292
4640
3522
3432
5921
6481
238
1252
7384
4740
4389
8478
4472
8167
8229
3735
3508
5169
1867
7804
6188
5145
992
2312
8257
5678
7009
7798
6244
4262
1383
1650
1827
8679
4204
8685
7372
6670
1420
1604
8955
8916
5088
585
6521
2320
6769
5239
5942
5081
4660
207
2801
6524
4606
7342
6997
1521
2118
4616
5265
5055
247
35
7502
6799
2851
6422
2357
6821
4395
183
5046
5288
4267
7613
8321
6723
2664
6387
7966
6610
5931
6118
5212
4706
8247
8556
7014
1141
2330
6181
264
6605
4597
3666
4389
5496
8515
8550
3470
4018
8065
2924
604
2313
2536
3322
6267
2373
1504
6322
1061
4481
169
8432
5452
1628
808
7607
8738
7906
4643
3089
8883
4979
8444
6990
73
2559
4044
7123
1872
2480
5688
5603
5838
3292
8199
1273
4033
2130
5176
1376
7422
8613
2911
1852
2493
6478
5072
8490
2819
4075
8796
7237
6387
7860
5396
3097
8590
404
8615
3463
8937
101
2774
116
720
1845
2898
6819
2147
2627
6622
926
7757
5614
8412
1329
7206
7093
5995
6694
3368
1096
4746
4764
4509
2409
27
3243
5046
2386
4035
1591
3764
6098
1648
690
5995
1089
2338
5661
981
7227
8238
3110
2135
6045
592
7703
4810
4553
400
5664
7120
351
7266
2001
3522
3917
8951
5666
6443
6523
574
4468
7118
2365
5023
1282
8947
270
1919
1796
4231
6890
6437
44
3604
8465
3201
360
3184
8525
8432
4453
3681
1101
3162
6206
3091
6328
2689
609
6083
6291
5571
6705
6502
4997
3428
8631
3982
8347
1521
7935
5169
1348
8328
226
1435
6820
6135
2588
5410
8365
5861
2584
8913
5560
742
924
5879
3676
2962
7454
1855
8374
8414
5221
8545
853
4609
7603
1778
4035
1626
6429
5509
544
4545
8235
6658
4038
6110
3053
8714
1510
6838
2291
7312
7712
8946
5649
451
2027
113
443
5178
6202
864
2553
3362
3606
8055
3536
6057
503
7210
2572
7795
660
8388
3160
7567
254
2317
2308
5033
4913
5699
4409
5533
7233
2106
7249
6445
5093
4886
5592
5990
2834
3959
8084
1180
5127
4576
197
2939
1483
1549
3645
4231
3127
7329
3889
1232
4862
3698
7971
1082
2039
8004
3376
2305
8960
7274
6175
4009
3247
4909
827
7063
607
4023
2411
634
7729
3588
648
3553
5451
3457
6882
7804
5763
1157
3031
3368
1093
3285
171
776
7888
632
5221
3876
6190
2348
1680
7908
2011
6476
3260
7508
8951
8575
4010
6000
6873
1790
7648
8551
7563
4171
8648
8973
5605
4862
6284
6510
4764
4291
129
816
6813
8431
8256
7301
4429
7052
4292
6873
4845
8619
5350
3833
3513
4929
5694
1153
5408
2370
5370
4546
3322
5329
4920
869
548
6117
2421
4415
561
7652
4796
696
4907
8614
7179
5447
7189
8581
911
150
4028
4384
2685
6995
49
5024
1423
1001
2271
8792
1709
6722
7113
8501
5760
8736
5423
2981
4515
4695
3135
8409
6121
684
1406
2898
160
3587
5747
147
8573
5260
1068
104
760
8383
6673
6069
8912
8646
7567
4693
994
7467
2310
8280
5540
2444
8898
7957
7228
3723
1430
2304
2366
4250
683
2121
976
2997
7886
320
263
2322
6268
2409
795
4108
7788
2778
6281
5626
4230
2094
5561
6353
7768
1106
5971
7900
2000
6057
4999
4783
8684
8538
4566
3042
5528
6997
6348
6205
8336
2623
5755
2343
7133
6185
7704
6897
7289
7015
8250
6895
7189
3214
4015
1094
6934
2030
3320
5752
2562
3974
627
6872
2302
4682
4727
705
533
2344
1150
2567
4560
3312
1955
2681
3821
1401
4279
6671
4132
5338
5820
802
4588
1506
1978
6535
7598
7974
6729
1920
5841
7667
1935
1378
8090
6225
6789
1252
874
7324
6463
3460
828
2708
4467
2612
5713
7841
7183
8949
7722
378
4489
5869
8819
1750
7480
7436
6792
8590
7209
4631
1394
2010
2968
6252
2330
1024
6668
1165
8458
5061
1178
7989
1961
6658
1066
2430
7946
4032
197
7663
8860
8607
7737
7634
1184
3607
1192
4914
7487
4847
5823
4362
1000
3801
1693
3452
5536
7664
7037
3848
3703
7764
189
7951
1721
1992
3634
954
4198
5286
3722
4096
2726
2650
6977
3658
5491
2406
8805
3981
4134
1249
1201
3925
2639
4661
1734
8647
1533
8471
619
3986
6418
2377
2173
8599
414
6953
7678
1519
3056
1792
4254
4487
6714
511
8966
1354
3744
8856
4242
7831
2188
2269
1812
1013
495
8727
3109
355
8227
5924
854
114
5820
8222
6994
3741
6779
1473
3398
2937
7134
4970
3663
7308
8158
2660
7604
171
6702
6228
3061
8869
3178
5358
3192
5292
255
6012
7731
578
197
8348
6691
3716
3823
6260
4089
3949
3913
8132
8979
7582
649
6693
3395
6224
2107
1690
3061
5308
3078
2091
2490
7319
4124
912
4725
8549
4618
6090
1456
2631
8135
5415
6910
4095
8976
8600
4869
8193
8429
3046
374
152
5471
5464
3711
4916
5639
7101
2030
8582
6921
585
6512
7982
770
6787
1681
1958
5786
6287
5508
7118
2743
1741
6860
6757
771
8614
3269
4576
666
7984
4133
2025
8652
2965
3985
9
4523
2148
3684
249
1861
5255
5629
6928
6054
7565
8168
3523
8832
4527
1886
474
2845
3844
7762
8045
2519
3602
6142
72
8732
7895
7263
5898
3437
4690
7403
5493
3582
7921
944
6320
1949
8883
5408
2801
4338
5381
8590
4734
4336
7048
3338
3935
4175
6653
8133
5539
6077
7624
5783
1128
778
6999
8626
1391
8741
4655
5945
3572
7466
4758
8535
2445
1516
3820
5755
974
137
5214
1072
8110
6231
4650
2149
4350
4539
6214
7067
8626
6068
4623
4391
4000
5315
4345
7034
8968
4223
6010
1482
6032
7011
1668
6361
3420
1415
6754
905
6483
373
1729
5656
947
2165
3680
7740
1297
4739
4623
7741
4417
8917
5267
2670
4153
4093
4656
4719
7838
1174
6919
1919
2913
7979
8090
5420
785
4492
7532
1574
2138
2892
2947
1952
3173
1421
674
6742
4920
2155
8428
6050
982
8184
6749
6101
4622
6433
4175
4018
2389
1934
3966
380
7349
4328
1744
1931
7426
6630
1290
8777
3335
2423
7264
7295
2043
3658
2825
3621
977
5055
3658
1808
3566
8361
8591
1760
7358
1153
7440
590
4354
4372
5426
4860
1142
164
3213
26
930
1518
6826
6001
5318
1406
1927
5024
1061
5661
8363
780
4411
1946
6717
3938
2045
4087
3867
6826
5671
8191
5287
5617
2235
6680
3223
1868
1042
3422
3572
8458
6257
6006
5321
6678
1309
7808
8047
2288
998
4129
8720
8275
2822
7200
753
6927
1643
8183
5359
6029
6586
1250
7563
1561
4649
4332
4736
3862
4991
2224
870
1865
3978
4864
6285
1185
6982
3178
6479
160
4577
3512
3025
5266
896
591
2896
5056
6556
7514
6839
2154
36
380
347
1966
7702
4237
8692
7884
8543
7582
1562
5429
5115
4149
5722
5714
2375
5891
2973
3086
2695
3640
1743
8815
6597
4312
7603
7987
6095
6493
4098
7308
7655
6983
84
3740
1959
3604
6626
8530
6117
5400
8576
4548
1082
8731
7980
8935
5512
6504
3929
8448
5144
6292
3933
8125
5173
6608
5766
3261
3835
3321
975
1786
3802
4779
266
6732
5176
3494
8091
8703
8824
3700
780
1180
3057
3237
1040
5400
6110
4578
5044
6924
3354
8838
6759
6186
8037
8152
3847
8817
138
8596
8121
659
745
1629
289
7386
405
734
912
3411
630
5011
2657
3578
7266
4733
2040
2702
6122
6169
8631
6083
3126
4221
765
4075
7061
2539
1121
5240
274
6291
3443
2350
6978
1168
7540
6002
8870
8315
1733
4563
3191
8772
1221
8990
3034
6862
8267
3606
1898
8401
6008
4012
950
8205
1027
5291
2111
1857
2956
8012
3815
3360
8313
1634
4800
3125
3888
458
8259
3994
3827
1442
8985
500
7156
6907
7859
5340
5882
4429
6616
1624
258
7015
1076
120
7311
7502
2218
411
8953
4638
3657
3373
7778
335
2761
678
3848
2633
4323
8270
8568
2202
1391
8427
4599
2409
7322
4777
8117
8473
6383
13
2585
6010
4850
6783
821
2064
4332
8992
5501
5771
2551
7938
6729
1908
7827
3094
6776
1739
1016
3965
1621
2490
819
8891
4352
6786
2931
2084
4630
8694
4358
1091
3767
5888
7996
7863
2464
1222
4284
4380
8922
1645
3287
190
5749
7320
6267
3573
72
7623
4092
8113
4794
5721
3726
2372
287
6642
6807
6056
4119
4462
4785
258
1439
4037
1367
4205
804
192
2324
4700
1363
75
5684
3249
4357
7202
4598
8670
4488
7769
6234
5281
2065
3029
7451
5353
1166
5722
8277
7891
2489
4812
31
477
6212
6799
6446
6939
8934
5546
31
765
155
1415
3702
6918
6168
1119
1153
40
7062
1418
515
4031
4380
6795
6648
5950
5107
5473
5694
4950
2502
2546
8890
7958
7874
7773
4580
6370
6282
1136
4114
2745
6179
3439
7999
8502
4122
852
3329
2145
5396
1337
5402
6006
7545
4200
11
1867
8691
6094
588
1659
7637
2471
616
4682
4659
4978
2800
571
3318
3124
4938
1294
8917
3228
6492
4601
2259
5230
814
1868
1208
5780
2988
3730
4466
3002
8601
8446
7751
3013
7481
5285
7884
6044
4445
5291
339
6896
8185
2056
8056
6991
862
8237
8959
2010
5630
1595
2365
2337
5427
3870
8450
2130
989
5569
5481
5355
4118
4339
7180
5656
2056
4266
7684
6395
8081
57
3683
3035
8123
8489
5069
6157
4864
6376
6554
2782
3344
1352
1711
1688
1111
6387
6035
1669
7875
8332
5534
2770
2134
422
1387
6439
6256
2331
2869
8156
3842
3912
1974
3205
7663
1451
8313
549
8600
1297
7040
2324
515
1741
5795
6352
5001
6813
4126
8137
2127
3298
3919
7414
4812
8265
3559
3185
6451
2853
4711
1132
6664
4959
8679
1195
6548
6512
622
3292
3779
3811
1345
4264
6968
3660
861
6729
4649
8076
1786
5644
1973
5356
4414
8678
1661
6979
4530
1285
5759
7531
3937
8245
4787
398
7118
450
8910
8656
3957
8447
989
365
1498
2426
4971
6199
3896
1622
8646
8545
7237
219
8131
8804
713
7168
868
1006
6266
1191
7113
8200
6465
222
847
584
2536
6344
3308
4992
5481
1937
7531
4339
6228
4024
8397
2801
6336
5080
7774
1405
4727
306
2861
771
7395
6711
3590
2621
6285
1548
2623
4305
4405
3487
661
8411
4953
224
3242
8064
3796
6704
623
2295
3861
549
4572
8847
7578
3466
4860
5983
5528
872
8332
5777
2178
568
5507
8882
3150
8100
7208
7135
6956
2431
5962
5745
3342
4704
561
8929
6505
4158
1000
5031
1887
8246
8588
4001
1454
674
4682
1072
3624
4170
6113
2201
360
4850
6845
5832
7723
6334
6463
3383
1167
3133
7995
3795
28
6113
6714
2604
4763
934
8636
3287
136
4419
2897
8143
300
2594
8919
5453
8577
4263
916
135
2100
7001
1031
4313
3659
8357
3355
7419
2113
1129
3141
6052
2269
3401
2317
4238
6505
1026
1938
1438
947
1177
6461
4958
2677
3342
4957
6959
5538
2747
3578
1320
6122
1198
4385
2151
8857
7968
6623
5171
4762
7479
4601
2634
7972
3134
6123
1165
5983
8476
7106
2969
2695
4561
3786
8325
7817
84
4280
2435
4491
8130
1877
2634
5045
8711
940
3588
4460
690
3259
3326
8323
1572
7870
4001
8894
7330
7159
8146
2829
1763
4615
6946
4865
1953
6561
1072
8367
8302
7614
476
7583
6580
5901
4571
2534
171
2255
526
1337
8103
6321
7469
7800
5974
4398
2089
1716
5165
375
4142
8868
7760
3659
1416
3757
4803
5361
614
6749
8630
7409
8926
1314
5166
3041
4841
6710
3161
5601
8877
3143
7686
6477
121
893
8920
8734
530
3332
8388
420
24
1563
2700
384
3899
2296
2884
1112
5544
8172
649
4645
7395
1582
1745
3176
787
1439
5891
7409
6361
341
5191
7876
3991
6031
587
5559
6572
7068
6684
5936
830
226
4135
4203
5209
6245
3895
2476
1665
5498
7881
5024
8544
2456
2854
3268
8710
4987
860
4900
7295
7616
4266
7816
6527
2490
5817
4405
3301
5526
7813
3484
3002
7090
2725
3898
5339
6659
1970
3534
4817
7517
29
3498
1222
5865
6816
7542
2527
3138
4555
3787
2359
3428
4995
4292
4915
8461
8269
2511
3218
7052
7227
5217
3088
5080
293
6581
4166
3426
119
7548
1123
4349
7083
3091
1237
3221
7434
6837
5410
7455
6776
2886
4915
5968
5863
6656
737
4683
6190
2892
8711
5503
4450
8855
3997
5903
3098
5084
5181
8829
8161
2252
7067
4013
1269
945
8542
8887
6935
6975
4651
3338
1532
7491
3614
3787
7012
2131
2175
3570
4221
1679
6550
7477
8551
1533
2858
3056
5236
8648
4911
6455
6693
8618
3026
1142
3420
6778
5172
8006
773
8805
7072
1856
3646
6572
6647
4974
23
5111
1341
4517
3331
2373
2731
4419
8832
4190
7430
8377
7963
6109
2943
5798
7966
690
3754
2701
6338
664
5150
8614
8489
3478
518
3244
86
1395
6323
4892
6709
2305
3027
869
3821
8471
773
6286
2365
6267
127
7326
8018
6126
3461
4351
7646
1778
4671
370
1133
5067
2830
203
6621
8407
1121
4046
4491
5750
3600
8902
5767
7114
1640
3686
7320
4195
2110
1430
6883
7249
340
730
8674
2275
1826
2173
5274
1927
8000
8419
5960
777
7971
4716
532
1830
2348
7350
6400
6021
7000
3350
8882
3350
5391
3929
8316
8913
5519
3769
7332
1285
8905
5431
5420
5299
2439
3843
8285
8372
6901
140
6627
7787
3693
343
2036
8952
8988
7332
4610
3034
6079
36
5962
141
7709
4431
8362
8204
7515
1308
6563
1845
1942
998
6805
6744
1163
578
7714
5505
3123
1504
5832
8703
1334
6340
3555
875
249
1035
7782
2339
8879
1573
7110
6288
4204
1251
2765
6704
8081
4022
8517
2259
2021
1443
4246
947
5862
1421
38
8070
6631
4063
3953
828
5905
5190
3748
5766
474
5412
3278
2603
6482
8807
1839
4028
8184
110
6486
7442
60
3909
1095
5216
4202
8484
286
3520
1432
1174
3426
7926
8074
1172
3711
8493
5254
5736
4965
292
3351
8631
3085
6136
2523
4436
5277
4650
4960
2242
5485
3000
6701
7326
8818
4428
761
296
955
5273
8546
464
4263
8657
820
1817
5024
5069
6359
6720
1656
8483
7743
1020
2589
6560
120
3026
946
1019
2335
6432
8149
7841
6870
7344
5080
3387
1107
5285
396
7400
1848
3221
1237
4494
788
5816
5419
2128
357
5229
7267
1455
3796
5499
1731
7174
278
8070
2719
3677
8196
1769
4720
1569
4320
2602
498
1237
417
7980
4720
1402
2472
8275
3039
4313
1730
4424
6256
4360
2325
3959
2602
1381
957
1550
664
3943
4024
1801
5187
2464
3162
3046
2405
4180
3038
5503
6291
8263
4212
5660
4238
6558
2649
6328
4295
8040
2474
2495
7928
818
7246
2687
4523
1629
1645
1560
2879
534
430
7137
7592
7338
21
4251
351
5553
7659
2764
447
3366
7934
8899
4418
3802
4825
870
7251
2731
8340
6871
6983
3726
106
3493
8729
2939
6687
7591
5237
5541
3200
1198
8632
5086
4164
6246
1331
7768
3249
324
2014
3076
5564
23
3764
2506
825
8668
351
7651
8775
4368
2581
4021
4861
2541
3688
6815
1669
1867
3092
3722
6759
2760
5368
8056
5899
4116
150
8714
1164
1367
6823
1425
5978
317
679
7437
2583
3173
1935
352
4437
2023
6636
2671
1515
2836
2937
5559
6372
2759
3594
7103
7648
6569
2149
2419
873
2903
2166
14
1927
866
7617
290
7710
3545
4232
2562
4174
4424
8388
5036
6510
5706
6999
7118
1499
1344
6863
6174
5124
3080
7162
7882
4440
6387
2782
8942
4886
4300
8846
7844
3194
8147
3069
4078
6506
8730
4759
54
294
3593
4841
2036
2960
5814
4658
4661
7157
4484
4029
6674
4831
2359
7608
3545
3618
6468
7673
1275
6949
1031
724
8447
3049
3648
7280
8971
3175
8606
8919
5193
247
2999
1817
6650
8701
7521
3750
8226
6166
242
8262
2338
6103
8483
641
8470
1975
3374
1646
77
7351
3253
1472
7849
5704
7911
6367
5910
3491
1817
8797
2689
2953
4763
3706
3185
7081
3799
4826
912
1359
659
2445
1028
3210
8136
1117
2717
5958
6824
6772
4500
1577
3109
7442
2103
1045
2281
701
3681
8331
8443
7186
6717
1592
573
6031
5790
4309
7081
933
4409
488
8721
4632
6459
3240
4552
6404
4214
742
1602
3936
2182
7159
8774
5750
7620
8676
6991
7225
2243
703
3152
543
1168
8809
2766
5895
697
191
3636
91
1220
480
8805
8780
1622
4609
3875
3866
5067
2408
7105
2176
491
3959
2195
3908
8791
6252
8660
1296
3590
5773
3881
8286
5873
4750
3055
2645
6818
3449
3886
8926
8152
2002
3569
5290
4047
7838
1148
1718
3574
8995
5496
3546
5000
8813
1107
2549
3738
4543
6770
1212
5495
2320
3820
8771
1345
6965
3286
7101
3282
1679
1409
2891
5572
733
313
5942
8913
4373
3361
7043
5412
7651
6492
5263
6059
7724
4163
8689
1162
6366
821
7999
1256
7752
3155
5306
147
804
2864
3237
8617
8212
6159
424
4551
8263
7954
6009
5884
6981
3663
8177
5061
4513
5636
5124
8709
8226
675
5328
91
4912
8452
1276
8410
1047
3832
3066
8849
4016
5373
5373
3784
4854
6548
5426
3394
5308
8623
5910
1458
8585
8850
3074
7447
165
6950
8159
7004
7955
1046
5799
3106
8064
4431
3115
8096
7713
5638
3446
5271
1969
8303
4026
5748
4293
3728
2337
4608
6591
3920
5917
2189
320
3848
3933
419
1888
8449
2160
8178
5601
7433
8663
1643
4523
907
8084
5348
3216
7169
7826
2926
6584
4041
5631
6367
6838
7074
765
5372
2561
1968
5983
8155
1305
2645
345
5285
4792
7454
5359
7385
674
2611
8103
258
6136
2969
1638
5974
5086
8109
5592
6068
4300
7926
3354
4710
7228
3242
5004
45
361
4056
4049
180
3919
8033
829
3482
7170
1177
8979
1442
7330
250
5856
8254
7353
4695
3702
4000
7446
2351
4936
2842
4735
3277
754
8825
4043
6532
4908
5850
3616
7851
7090
4880
2430
4409
6351
2469
697
1557
4040
1415
4238
407
4972
2504
835
2868
1489
6147
7423
7278
8419
6431
8256
8034
8588
1089
857
3141
285
4460
1869
4927
3862
643
3327
7418
8733
2773
4531
828
1411
6872
550
4052
2686
3286
4510
3022
852
4938
5709
6695
1779
5226
7035
5592
7876
3700
3519
5034
3223
3502
3318
922
7702
8338
2984
8032
140
2145
6399
6397
3213
5292
7676
6835
4709
8423
2849
2210
128
7141
8560
7622
3028
2035
426
8638
2880
8812
8107
3469
2984
8010
4363
7505
5444
162
5146
7900
3603
4554
8799
8765
2671
8886
286
6549
8018
3720
1125
4137
3981
2668
5981
6413
7202
8154
1677
925
1928
5158
2018
546
4840
969
8030
8893
7404
7200
5835
6894
3605
2226
5392
3244
6570
5356
6370
3135
7350
4104
2574
631
966
6181
127
7687
3254
5325
4050
8480
7564
8831
5712
5742
4867
5153
5106
6825
7325
1702
7465
5912
4604
6910
6481
1951
7533
1862
8285
8310
5068
8471
4744
3457
1227
1952
4910
4104
3635
7897
8638
7338
2846
7938
5579
6964
70
5880
6524
4295
7936
7992
7177
2527
5469
5121
125
7394
8863
4410
7518
5459
3267
6264
7644
6035
3881
4737
823
5868
7007
439
1645
2552
1491
5217
700
6095
1384
965
6040
257
5351
3913
2935
1416
763
350
6789
2717
6486
1141
825
6422
8436
6474
4383
8537
8743
5087
4796
6793
7128
7764
5679
8348
6149
8193
2950
172
3992
3936
8491
1140
2247
4733
3412
388
8497
5491
7677
6432
8182
6282
6878
8713
5634
8307
7395
551
2168
5682
8743
2068
5211
4899
8229
2337
6239
208
8638
2800
1428
3736
2337
3930
6788
1917
1639
3062
6066
5644
5636
4885
7789
4913
6410
4842
3539
2822
7468
5088
4507
5420
6639
8696
5099
1661
8216
8032
5631
7436
7142
2935
3616
6311
8229
6491
3428
6727
6152
2942
8564
5706
1205
1493
4266
3135
2267
1785
1733
7724
1924
8056
7571
2024
7363
3605
2631
2173
8482
5069
4794
5089
2996
7851
7202
541
7497
1545
5158
8769
3377
5109
2980
2213
4758
3950
4942
2432
8801
5268
5556
7991
7157
1194
2762
2036
5297
2094
6691
1515
5371
8242
3661
3472
3587
5641
1006
2660
1117
3972
4589
4577
6586
2961
1923
3764
1564
1247
6178
4910
3913
298
350
3705
4288
4388
1314
5007
3707
4058
8778
655
8518
4800
3650
2652
6498
2431
2361
6028
8967
6564
7927
985
910
7225
2518
5073
5862
5915
3704
2589
3166
1266
8931
6183
3267
5951
7310
3505
2812
2097
5720
4128
105
737
8696
2795
3398
2154
4638
7537
2991
4677
1952
5061
7205
655
8519
949
4956
3312
1069
328
1282
1475
359
5710
454
4734
4720
2429
4821
6396
6029
1684
2907
2644
4858
1647
5918
4154
3903
7402
7803
4198
5368
2848
6586
2342
6878
758
2610
2072
5001
4884
4758
3638
8382
8191
6937
2366
5223
2274
8525
2381
5882
5025
4979
8765
5516
3953
3141
6106
2245
8299
587
3159
2709
7550
4882
7961
7638
7038
545
4672
8877
1017
484
5824
7894
8706
7435
707
6672
2288
6070
4372
324
7011
4069
3011
283
8491
5798
3096
4083
8550
1789
3231
8544
4909
8591
8148
8622
6214
5060
260
7194
878
5166
7359
1924
2140
794
7675
8995
7061
1619
8651
62
690
1569
911
637
8975
5
2872
3082
8358
3448
7792
4742
8486
4622
4489
3303
5131
4730
1979
8689
7881
7185
6950
815
5995
2179
1069
8007
5772
7213
3215
7527
5096
3874
8589
5624
8031
4769
4662
2671
5768
7024
6342
2207
3489
2433
495
5742
4630
7991
4411
7419
668
5486
8840
5391
6814
2440
8974
1577
8756
5046
7369
1400
1181
7842
3832
3842
5242
8728
8093
2786
7313
785
5284
8051
8376
6457
7403
5160
3257
3130
6468
2839
8656
5202
8596
570
4204
8300
1524
4922
4921
2539
6795
589
8909
911
3746
332
6577
5860
856
6996
5390
8546
4972
5663
4140
6548
7182
3189
4371
7518
4408
5334
6799
1754
2438
5349
240
346
3400
8587
1324
4870
2634
6719
5431
433
1919
1932
8169
5495
6660
1368
1609
7097
3690
1976
8330
4343
549
118
4930
5118
7545
6563
7715
4277
1949
1914
3433
6301
389
3829
521
6091
1017
1769
6734
4112
2150
8120
8797
5985
2838
748
8240
4231
6056
7530
250
7599
1886
3096
3208
2710
4196
6113
5723
3899
8552
1264
3318
6308
5097
5260
5651
6848
2225
1047
1249
8376
6440
8231
3193
6607
6914
1001
1293
5899
3489
6828
2084
3307
3141
4590
6660
6053
3221
1604
5845
7231
2334
7365
2322
5002
4620
4249
7268
257
1408
8764
1947
424
4340
5143
4538
2854
5158
2124
6135
3762
2929
5531
512
1120
5843
6334
6358
2771
6758
3537
6002
2708
4008
8013
645
4706
8858
7876
7849
3203
2040
3669
3293
3703
3153
7787
4245
3031
3956
4103
8258
3927
7740
8431
2169
8776
43
7487
4187
4961
7888
7041
656
8473
6786
7510
5084
2681
3054
6791
3006
5883
751
8614
5971
3489
7672
7663
4042
118
1913
7239
8206
1685
2788
6356
6728
1345
6936
1890
4560
8633
2057
7147
3226
8538
4830
5405
7446
3847
3950
3312
2979
893
3048
4139
7861
2881
7758
6899
6699
4492
7667
3347
1212
1322
7156
4013
3862
6627
1654
3551
4260
4297
8048
7096
1129
5945
4293
1674
6702
2259
1870
962
6413
1833
8052
8563
5463
95
3370
440
7602
664
705
6583
1854
845
1973
5817
5972
7581
7544
4412
7671
5257
2579
7369
7712
1487
4914
5881
3796
172
8203
174
1494
3572
5127
712
7509
2712
7764
4042
6391
1122
2718
2129
8368
8417
1884
6867
2986
6542
985
8910
7049
7458
3885
4320
541
2141
547
2537
199
2258
6156
3595
8161
3845
5226
224
5565
3350
6234
4269
8053
7003
3761
7171
1912
795
4656
2146
5290
2001
4404
6888
1909
6418
2197
2952
3793
4320
8973
887
457
1039
2055
6175
5867
7147
1060
1896
5495
2709
4392
1718
1400
905
8747
4638
6927
345
6843
7193
2791
5614
2728
8534
7280
7447
3132
6909
8497
2095
6986
802
7401
1234
5977
5318
4102
3717
1376
4302
8785
3146
7674
599
5838
8380
2173
7923
8443
7900
6163
6889
6290
8724
1255
8391
8990
2514
6142
1007
2068
8420
7285
8106
6088
8485
993
1674
2342
5741
4419
4548
2135
446
5272
3331
6008
1448
1276
1505
4195
4368
6807
7318
6563
6532
7900
4087
348
1027
4770
5438
1160
3421
2183
2368
7842
7833
235
4065
5486
487
1170
3774
2529
2660
2269
7818
3422
1558
8006
1894
2461
2034
2800
513
2268
3196
886
7608
2613
2722
4497
4686
2393
69
3691
1301
5719
6879
6333
8746
777
1073
2498
8496
5905
8217
2427
1897
677
8723
6911
2202
1367
146
5133
3188
7403
8638
3413
8055
773
7878
3855
7598
3253
2720
4294
3462
3565
905
7132
6967
4470
2134
1408
6375
7379
3719
6060
7737
7892
4339
5050
510
8421
654
4727
8947
274
5523
2972
3577
3745
2879
5357
8898
3377
1675
3029
426
7424
7527
4603
12
1098
4204
8256
7544
3580
23
4200
316
2208
2899
7120
8929
5939
6663
8478
6429
5738
4687
1389
8088
3445
51
5533
2708
8720
6426
4957
6143
939
3252
3103
6873
8097
2770
1532
8695
4736
3264
3930
8748
5615
6323
6724
4488
7009
5346
1381
8513
8472
2959
1734
5638
3680
2485
2706
3401
7454
8612
6048
4259
3573
2323
5779
7963
6999
315
2402
3317
8123
6190
6004
6136
6523
3708
4084
1417
4029
609
1356
5918
6649
2209
4103
1964
7354
1832
4880
2793
139
8816
7204
2997
6301
7313
4739
5401
7976
911
7767
2698
6942
6583
6843
6769
3563
1112
4468
2371
1737
4187
7075
8605
5915
5848
825
4967
2088
8717
2817
5939
3198
159
2833
7088
3592
2552
8406
5185
4390
5435
3525
5967
2854
3196
7382
6070
7234
4398
8636
2184
5402
5933
6050
7561
219
7030
1133
3737
463
1169
1646
7609
3897
3862
878
5302
4176
2509
3541
7019
3326
7812
3396
5468
5771
1626
1488
2748
4845
8702
5590
131
3172
6097
3713
3824
7346
6520
1233
4938
8008
8984
8222
5734
424
5024
5862
2110
3672
8921
2266
2581
40
7542
356
6684
7244
8343
4268
5779
6052
2267
1012
4580
2692
5291
88
5789
5564
2318
3100
7587
2269
7798
6866
477
14
4726
5163
4737
7234
8698
6138
2771
6661
2730
8011
1125
638
6996
5136
3792
7867
2152
1153
6551
1713
5637
2868
8125
8706
3796
7050
7741
1368
6254
8969
4855
3122
8175
6045
5505
2029
4181
2196
4179
4199
3973
3049
2371
6044
4029
7748
4334
8410
3225
1295
4536
2718
7496
3644
8982
5254
5579
3984
2365
2996
2665
6741
110
4723
5368
5916
4819
3452
2450
6716
7488
2697
5448
5781
444
7090
6488
6388
674
5947
7349
3491
656
945
144
2676
3759
8776
8102
6796
4477
8973
7748
6001
4808
3246
7619
6290
2234
2892
3727
6299
51
5426
6088
6723
4938
3185
8022
2944
3170
7901
5809
71
3914
3731
3570
883
2398
976
2271
2880
6995
1519
730
2796
8994
1853
4073
8518
2769
8216
8434
4367
3987
5439
2155
3573
2243
8721
8775
3593
7604
4253
7893
5124
967
1860
8439
648
4779
6139
6824
3845
7766
5934
1802
8969
1877
368
4998
8761
1117
8916
7727
7723
5542
2984
7414
5020
3009
3868
7669
322
4791
7955
6153
6228
4901
293
2083
6113
7517
3630
8738
8277
7664
1064
8867
7028
2629
2970
391
2689
5740
6192
275
6112
8451
4840
7091
4477
4219
1370
4236
3825
7030
6859
5560
1942
3270
1963
8644
5876
8679
1625
3032
4865
4636
4118
5041
6982
2201
692
5078
603
163
1379
1597
3384
4438
7794
3072
2897
43
5651
2885
7246
1999
8775
1271
1787
6276
5883
316
8877
6146
8501
426
8108
8293
519
7146
3854
2911
4633
6391
7899
2385
729
1144
5074
525
3889
1073
2035
8779
8573
8770
1058
303
5230
4675
5182
5882
1456
6624
266
7774
6760
5590
5538
6179
8218
2674
5058
2596
5668
6357
3487
244
7835
6600
6308
6493
1970
3213
7210
1722
7767
6936
4089
6451
4173
3087
2117
2108
195
6487
3761
825
113
4291
6547
4038
2520
1428
2260
1518
2398
2926
4244
7432
8757
2680
4775
3288
497
33
1325
5512
5568
845
2768
2717
1350
5903
3916
343
293
2159
5533
5895
6951
3577
6561
3693
3448
3857
5614
4607
1069
183
3971
1761
1717
7426
1158
6748
7123
3573
6161
7421
7815
847
6198
3337
1192
558
415
1399
6324
5272
8897
954
2189
7872
7892
5418
3933
2332
7083
2979
8754
5730
8167
6547
3723
5311
2282
266
2537
5738
4903
8190
5428
3221
4473
4496
7736
8304
5035
8458
7354
790
1029
5783
1700
6882
6824
8545
3613
2628
6959
7144
3845
4784
7845
1224
1429
7980
2733
8037
4837
4951
2936
7811
7947
1855
4314
2259
4898
253
3722
5957
2639
3162
5678
2940
8846
2874
2018
8072
2219
8270
1199
390
7829
937
201
4513
3483
5625
932
1820
7135
3778
2067
5089
1194
1018
6591
3430
552
5883
447
5988
6092
6134
5190
2876
627
7075
2577
287
3731
4116
6560
2419
6753
1139
3839
267
1450
8059
2573
1684
8880
3615
5471
4699
7320
8451
8227
568
3546
6124
2268
1459
3802
8331
8578
8700
8277
6092
6237
1409
2795
6287
6340
5821
8128
6503
6570
5187
2416
4544
2955
8893
5722
1109
5818
6822
7705
5744
4959
5414
6668
8472
6070
8295
8955
1311
1322
8701
7805
914
3588
6728
901
7567
4281
5540
7220
462
6003
8064
516
4323
7122
314
2498
8212
8457
8472
8289
6624
7879
111
7886
3635
7828
4097
2321
5312
2852
2175
2083
1955
3784
6959
255
667
64
89
8617
2900
6236
7266
174
3639
7660
7055
1632
6953
6902
1428
5655
7021
4375
4607
1122
4713
8708
3505
3698
4120
5495
238
222
5714
3265
4658
4473
931
7249
4721
6107
3224
4621
7519
4476
3128
5900
2062
588
8757
3778
5338
6055
5375
6613
4337
603
5675
5445
8011
7467
7785
844
6817
5379
8967
3254
5659
8468
342
5728
5620
8258
7563
4114
8724
2737
4094
5025
8835
7103
7467
789
7184
7549
669
7055
8117
6123
8987
7112
6442
803
1370
4998
1099
6802
8785
740
5297
2994
3872
1579
6846
7470
5049
1272
4455
7535
261
3032
6062
2721
4013
917
6877
4732
7541
5277
2699
8165
3495
8256
6325
1456
4618
1363
4379
3473
2199
8555
5301
1405
6923
2246
4651
107
4120
921
7377
5561
4816
6460
8419
746
1372
3724
1796
4344
5472
5463
2012
1445
4525
7435
7919
4780
4206
4904
983
8009
7315
7422
6275
3221
467
8153
4164
6155
171
7766
7252
4655
415
6336
2427
6072
8664
2597
1346
3422
4929
3844
192
3901
4859
4724
3544
5935
5456
417
151
922
8851
1460
6407
28
2125
1190
5545
6976
4095
3760
801
594
4295
2060
3845
6235
7226
6124
8635
2555
3382
4235
1256
3294
8647
8641
987
3234
7717
3779
3062
4188
4343
6407
259
4450
1712
5472
6495
8465
4958
5523
8622
2944
3065
2118
5999
2944
4691
3914
7265
6451
8036
1054
6218
4415
7287
5285
810
7182
4141
8660
4570
384
2633
4107
4570
3617
6263
3353
6046
5452
4809
2850
8563
7016
4582
1127
3563
2358
6103
3450
1712
8
6403
218
849
6129
8883
7556
2241
6854
7290
977
1121
7167
455
2780
978
5284
4674
472
3599
5677
64
3491
2757
5553
4639
4542
1987
3687
2627
8795
7565
370
7019
27
6832
8792
16
5514
1987
8773
540
559
8932
3679
2953
3748
4083
5516
5569
1128
1996
4122
1412
3458
2948
767
4316
4749
8616
1121
4058
3889
3934
5752
1678
3407
6910
7052
3751
1719
5324
4882
4841
8103
6782
2816
2665
1397
2311
7844
402
4965
620
1843
3689
7949
7042
3085
908
2571
1677
1993
554
2071
2016
5806
7529
3826
101
4066
1797
5852
2868
4036
3672
4755
5826
7006
4792
8537
3618
2067
4345
6440
2598
6801
8558
4707
2971
8429
967
885
335
5640
6547
2285
6860
1020
5361
5604
6937
4935
2655
1505
4131
947
2585
5847
5998
8846
1098
7288
7813
5522
428
6044
3157
2530
1777
5766
4991
8053
4754
7369
7159
5
7354
757
1089
5961
1156
7651
1972
1810
8876
4952
85
2487
3062
8862
2394
5547
8879
4194
3553
8515
7711
1716
4728
1173
3661
8858
5996
227
8253
8933
3433
3582
3105
6680
7230
8005
3288
6432
4862
1994
6719
2555
312
393
1854
6174
744
8308
3684
8043
1268
623
8765
8628
8228
507
4965
8802
5927
4162
7670
4116
8825
6899
7385
6210
1522
1525
6805
2038
1307
2846
2483
4150
8275
1442
7993
8952
1593
7070
6312
6074
3211
6650
2543
4804
8262
424
5144
1952
1429
1418
2866
4234
8051
7313
4222
2450
4574
3128
8688
522
7498
194
7819
4637
5677
4291
7943
2300
5258
7361
8937
2005
8973
4107
832
43
3973
1515
8177
3945
7634
8133
7684
1832
5448
779
2633
1624
6003
7042
4659
615
5
759
6618
1962
8442
4542
4080
5529
59
8222
4394
341
7999
2252
7612
869
7867
8454
5212
3276
2166
2633
8980
6031
6999
8055
5287
8481
2305
6054
3296
3098
4249
6359
3010
6545
5506
2210
6774
8009
7024
3133
6699
704
1719
4676
6510
1393
7356
3796
2025
5553
836
8812
146
283
8642
1387
5851
4272
1454
5302
1887
2532
4402
8103
1156
5847
2865
580
3146
466
3495
3889
6661
1222
114
2690
563
6926
4294
1429
3109
4856
6808
3311
5552
2468
2814
2495
4180
2485
5529
2410
1320
4099
3134
3274
6799
5991
5901
6004
4552
7928
6971
4582
1479
2653
7513
3811
2087
3584
6462
4224
1033
2019
7174
6446
7738
3983
2102
6876
7006
3071
22
612
7524
3745
4746
4151
7162
1765
2439
1010
506
5261
3128
1437
6294
5410
4348
618
3266
6615
6235
3216
4731
8148
8895
4329
8042
5657
4585
1696
639
368
293
4702
2077
7119
1572
2371
5436
318
7298
6194
1019
5963
1717
2143
8687
6462
2035
4784
1943
4878
2910
2499
312
6709
1732
900
2441
4643
6535
448
5706
2204
1742
441
2939
2525
3992
4429
1306
3026
5527
7500
6969
8081
4451
354
1136
7314
2710
8761
8795
3033
6233
4244
8871
3111
5532
6234
6844
8037
6467
7880
5155
927
297
7855
6678
6485
6855
6054
5557
2229
6685
1287
4508
3874
1113
5923
7994
7153
5313
7444
7920
8075
6573
7392
5167
966
2975
7770
300
7173
2055
8824
8197
3032
3039
3831
4601
3152
1858
723
16
5466
1760
7631
2672
2407
7913
4814
1524
5821
4142
4841
4292
7548
4292
8767
6305
6781
1533
2162
6689
7167
4038
8998
8262
5420
5811
4668
2524
4312
1113
6536
5772
6209
2481
6179
6053
7060
6876
7178
1908
3468
4060
4139
2901
5744
7793
6423
7202
4584
5857
8150
2073
773
843
8642
6800
4845
3163
6059
4053
5269
8992
6559
6998
608
1972
6997
3906
5939
7430
6239
6590
4545
1244
6363
6867
2828
8111
1087
2772
4691
4943
2456
5194
8796
6083
1749
7376
390
5104
858
2083
6261
702
480
7061
3823
3340
4394
6733
3575
680
5058
1861
8203
8516
4239
6452
8375
7
6106
5479
4165
8085
8157
1798
7892
2510
8306
2064
6774
5753
6262
394
6234
1666
2116
6599
5085
6007
6891
6053
8282
4853
6743
2585
7701
526
3386
6056
7628
6103
2272
211
4222
6664
2277
3547
2857
6030
7158
8173
5953
3825
6150
5259
5974
5327
2481
2573
3561
8612
6036
8877
5672
6220
1171
7262
1266
8675
1314
5304
6510
846
822
5318
131
3452
5572
7360
213
1315
987
5298
1422
6833
3133
7326
5096
1072
1393
2355
3637
6447
8841
5818
6552
785
7479
3619
2577
934
2874
7334
6388
846
2340
8651
6063
2479
4516
4375
8258
5547
5374
1387
1508
6780
1358
1982
7165
8109
1420
3327
7144
1851
7136
1944
1575
7758
7230
1196
6496
4417
4330
974
3609
2016
1272
693
4881
851
751
7227
2265
3704
2705
3376
1171
3455
8159
2448
1732
6445
1338
781
6372
4964
4779
6096
193
1113
7969
1853
7754
7566
5553
3948
5683
5248
932
8405
6400
6926
7431
6055
2535
581
3895
6766
4349
4727
8774
7497
8240
6510
5766
469
1385
628
6386
369
2708
3943
6597
5300
1925
3432
45
5449
2927
5585
5630
8945
5507
3406
8319
6242
2348
8103
6022
1522
4675
1299
2442
5448
7450
5392
5630
277
3617
8116
156
3507
8805
294
3038
3852
635
2469
371
1296
6040
6172
3162
6020
1701
7060
3835
7840
3948
3030
5671
4382
467
6568
8218
6566
6827
8004
6879
3140
605
3693
8051
3234
827
2749
5317
1655
5691
2144
1914
3866
1308
1441
7997
7780
2832
7848
2617
717
5260
600
1003
1023
539
2144
3516
2519
2763
3926
4975
4159
1232
920
8236
6210
1696
4478
3564
2804
1143
8735
4835
8886
6325
7106
5473
3776
3028
5647
2127
6022
6058
748
3700
1886
82
1517
717
1521
8625
6154
3223
1177
8414
8888
4993
6001
527
5140
5815
7638
128
5968
264
3541
3745
8203
1504
958
7124
8050
1095
5085
7086
4498
5114
2529
8411
8617
8894
6972
6574
7165
5971
1315
7343
2308
2352
548
3331
7163
6198
1883
6515
741
2225
4487
6317
8644
2417
1429
4350
2400
1024
2046
6322
5349
3241
1065
3727
4689
12
8913
4100
3371
211
2938
7155
7818
8663
2488
4797
183
2962
3573
8157
7833
2409
6688
1240
7577
328
2713
1610
7605
3616
3102
7569
8585
1245
6869
5188
5628
35
4083
6737
8107
7066
8460
3902
8257
1764
8012
7781
4201
779
3762
1344
6852
5572
1763
7613
6203
3251
887
3040
6691
3549
6791
8990
6040
2920
7697
8535
444
381
7042
6962
5435
2791
1903
543
5282
7507
3439
1192
3167
6373
3403
88
1699
5747
2025
5815
7868
1933
950
6260
679
7387
3920
5280
3166
1669
3498
1205
2111
5592
2782
7983
7623
4915
304
4110
2166
5613
534
712
6447
2771
5882
8786
3004
5456
364
2424
4128
1353
2659
4012
4663
3936
4846
4704
8536
4151
4646
5365
6099
6668
1931
7747
8445
1740
37
6907
5167
3048
7471
1686
5823
2370
977
8749
3266
6107
4646
5375
7341
8986
8241
6336
5857
1013
327
8618
7266
538
3823
4926
7090
3558
6381
232
4182
3397
3074
640
529
3861
8342
6506
2095
2650
8742
2860
6247
2685
4593
404
5058
3707
4182
8753
5743
2574
6940
3877
1498
1986
5834
3063
932
1652
4604
8088
204
3215
7677
2612
5696
693
1869
6968
7613
1175
5806
853
3220
425
7503
4021
1901
5981
5792
4293
8582
8155
7023
1580
2484
7313
5450
2816
2542
8837
3259
1822
138
2985
1418
4359
5255
2546
6175
3307
8931
3527
5513
8658
1123
8887
4965
3544
7956
2425
5374
6945
7228
6536
5983
6979
5354
4963
6266
6153
3193
815
4749
3365
3575
3556
1283
6706
3832
1958
8372
6132
4371
4383
5262
315
5496
1933
2997
3380
8224
5228
1728
3050
4504
7117
4131
1951
2743
1785
199
2370
3213
806
1635
945
3547
2429
2375
5240
5856
5320
7144
1836
5606
7299
6341
4661
4039
6915
244
4707
8804
4149
124
7512
4119
2457
3417
2418
3477
5892
7307
3716
2389
2315
1603
3284
2304
5530
6583
7223
2064
6405
2995
7997
4589
7390
1429
7756
6044
4636
1433
8015
1560
7021
5475
2273
946
3738
8673
5479
6023
3424
7938
6729
1992
8494
4153
8424
3484
8040
4263
6985
2290
6824
2777
8180
189
5991
1359
2480
3360
3307
2679
5437
8107
4823
7329
262
7434
2439
7678
4325
3100
6688
2046
536
6991
2053
7684
243
4806
6362
1550
1203
5471
804
6195
6264
7546
4670
2583
5488
4039
6119
4087
5502
3971
2761
7110
5992
4217
8972
4199
4556
4976
8847
4797
4954
1030
5077
1331
5060
6973
6911
4385
153
2669
4701
5236
6864
2545
8419
6714
7428
2158
7419
2235
1750
7093
3445
6712
5648
7550
6767
1880
8809
5599
4089
4917
1518
962
7827
7751
7696
4614
963
4907
1575
7032
5320
2581
8765
3259
5855
3696
2122
5889
8349
5367
4604
7358
4348
5996
3517
2978
7036
5727
5338
1100
2116
8132
1216
7180
1554
8671
6604
6994
2624
3128
91
1826
1962
4837
4170
3
5433
6156
6564
2967
789
8989
3595
7600
7849
8289
639
8951
8243
2693
4982
4141
3194
6991
2234
8662
1814
4450
1279
6541
3362
749
2054
2545
5597
3767
4652
4555
4897
5733
6615
8162
8901
8977
5106
6714
1176
6744
5577
8142
4611
1806
8084
1126
728
6155
7295
8427
3325
7843
1316
2780
701
7132
3368
5784
8340
4886
1898
1106
6799
5243
7059
7352
218
4023
3410
4531
3298
911
4914
2591
3179
1853
526
276
8046
7238
8723
1076
8917
239
6810
7053
1476
6434
6656
3409
8602
7528
1077
8749
421
8216
67
1789
1184
5874
3768
129
3717
7727
6082
4626
3369
5942
5478
5773
2352
5249
2643
1462
637
1851
2288
6265
3772
6058
7015
6692
7217
7586
3412
2563
3410
3612
3600
8690
550
1719
8467
3300
2995
4463
4578
1767
5653
7053
6095
5577
5432
8365
6827
7838
7577
3437
1331
6455
7276
5344
7373
6440
2708
5980
4064
4032
2760
5924
158
1084
7837
7125
4566
7721
6203
5902
2853
4772
3672
1537
1945
6193
8891
6465
4719
6250
1140
1273
2219
6011
1987
3993
4123
7942
4089
5892
1481
227
3887
6709
6326
5282
862
3625
8134
6102
7859
1251
3126
6275
4584
484
1880
2792
2500
5103
2996
4437
8338
8195
5701
3684
2003
7951
7728
4902
2995
8575
8545
6949
7112
2675
4605
5262
5577
6401
7618
5484
1696
4440
5372
4285
2438
129
7100
4039
7706
2920
7740
4365
6485
4976
8321
2823
7702
4171
952
8929
140
2138
1871
5389
485
7316
2761
6959
369
3262
1701
8349
2794
325
5226
2312
6949
2378
3785
2455
1652
3864
1205
507
7682
2120
5885
8894
3037
5018
2860
94
5608
1456
8524
782
2409
4137
5763
3563
8890
566
3012
6139
1204
8675
2495
5812
8450
2021
4881
1540
7048
2825
3311
1189
2915
2545
900
295
3637
4301
4073
1016
6651
6169
2539
4137
7868
2498
6965
2842
2291
6499
4683
7043
4297
5368
5120
858
5794
6100
7631
5742
2113
2765
2522
8447
3999
1205
7772
4343
198
5074
2248
940
1845
3926
6695
6787
1460
7396
3642
2011
7118
3178
7443
7218
1504
1299
169
4193
2582
3181
3305
1633
5311
7122
2211
4183
853
6049
219
4749
1148
8180
1051
7888
4293
8369
3352
5587
5890
2037
2007
6526
1930
1229
6807
8170
2506
5205
7320
5561
7638
5672
1748
3058
5901
890
6475
2145
4208
8867
6299
7067
2124
1651
7670
7114
5018
4180
2879
4938
4133
8682
4678
4345
5895
8765
1697
6721
661
8140
5084
5237
2598
3075
6756
5390
1743
6173
965
7110
1204
2352
4629
6652
20
1116
409
3161
7209
4245
5141
442
8916
4423
6901
2062
5158
3842
4895
3481
4867
6946
8900
3815
5409
6321
1455
2748
8561
212
6166
7973
7182
7233
7061
3549
5893
4758
7159
5656
1637
6244
320
971
2021
2873
4945
2117
5338
1523
8349
324
7473
6710
1448
4372
7848
6052
1479
3321
2585
2014
1183
2265
3435
8825
5122
5185
4595
8902
1017
7091
2814
4915
6916
5030
1047
3669
1759
1500
8097
2189
7427
5711
3162
1159
1192
2344
2116
1906
5161
7854
1107
5916
5865
6954
7668
3647
2274
8984
2256
1661
8498
210
6033
50
1619
1266
3032
1933
6450
3811
7882
6671
7703
3341
7111
683
3987
385
7752
394
1086
3894
7023
1381
3683
3681
2683
5934
1256
6912
3746
7808
2650
2430
3496
1798
5069
2917
7755
1555
7580
5388
2512
5932
23
8507
1440
2839
5009
3912
458
6381
4861
7605
6619
8415
3678
185
8527
7980
1522
3308
8147
2143
6258
5662
199
2164
8283
7757
8508
1000
3840
5020
369
63
6948
398
4274
242
1107
762
3881
2097
5510
7061
3963
4572
3824
1676
8330
8337
1836
5563
175
6821
2400
8550
1593
8003
8242
4965
6260
918
8460
7804
5285
8812
4299
8692
8517
2516
706
2295
5104
1168
6384
6215
2636
30
8346
4999
862
6417
707
5821
1367
4744
2294
3891
8379
646
6201
8917
543
3744
1138
5057
2962
2722
8553
7909
8936
4196
8272
5811
6209
4790
7362
448
6118
6215
3160
2468
7212
5511
6924
878
1001
3412
8915
140
384
8803
888
6818
7529
1236
7973
2385
1694
4489
3046
3415
8187
708
1662
3812
7096
3715
4043
2251
370
4306
2360
5546
1543
5789
7014
2829
4439
1272
8499
4767
1152
8100
6733
3792
1801
6460
7286
6125
4460
8817
5418
4441
8971
4863
7948
867
2687
1494
1015
5667
138
6210
7555
7569
6431
7564
7158
7397
685
7108
5248
3401
3633
8213
5874
728
8801
2471
8575
2559
3101
830
4823
7906
8829
4683
8601
8821
3424
3022
887
1017
7965
2039
32
7949
8247
594
2093
5329
7260
6783
4517
7460
6681
30
5220
2106
5063
7294
3283
3176
5444
2199
1614
8058
1391
118
598
2698
7551
81
5236
6913
7561
2708
3006
7682
2085
1103
6175
3477
6547
7176
4451
6480
8326
8177
7698
8086
7783
2053
3377
320
7410
8934
5699
3690
3886
2177
4445
4351
3532
7421
7133
6215
1127
4933
6454
5330
3656
3939
1655
3816
5419
1060
8866
5797
1471
4241
3370
3730
3799
945
3416
7723
3424
2023
3528
2276
6581
788
3542
5034
65
8473
2349
8298
6013
4112
3991
692
520
2489
5938
1113
310
8652
431
702
6590
3350
6289
7728
3829
4841
3842
5632
8950
8677
5737
5568
3029
5609
7850
3232
3051
2024
8762
2750
4362
3875
6747
682
3000
2060
6234
5221
6708
1875
8739
172
5468
2385
8489
5243
507
4605
4725
4102
7124
8759
6770
2598
7178
6312
7054
3342
6252
2020
2780
2321
4435
1424
4638
3381
2218
1477
310
2113
6845
6553
2943
5151
1438
268
3602
5979
1526
1466
3967
2502
6445
3558
3622
122
4984
5466
3971
4756
1445
5606
363
1758
1908
771
4741
904
3121
3373
2658
4745
8847
7405
8426
5263
4519
5152
1721
6962
8656
1031
300
3207
1919
8783
869
2087
3139
8533
6641
6701
3876
545
8481
6697
4816
5437
4868
5770
3309
4540
6792
3772
6552
1750
4724
8358
2608
1014
147
1861
3055
2540
7696
5501
606
3410
4849
3276
6364
3589
8009
2493
1828
2548
7098
6596
6417
996
7494
5648
1009
1249
681
8715
2086
8132
7445
5052
3713
3791
2357
4609
3073
2115
4401
8098
155
4701
7029
1589
557
1941
5360
2270
8471
7468
6993
5885
2619
2574
5071
6446
153
7717
2472
1406
982
