2185
976
3674
4265
4911
2519
4211
3406
1080
2911
18
3875
3675
2396
2571
969
444
3858
2461
1035
2165
2433
1337
2979
852
1580
924
4323
3237
2102
926
4749
2567
4786
1694
1799
3844
283
1975
1769
4150
3426
3239
835
3722
3080
2451
3417
3621
1099
2759
529
3493
2474
4384
3749
651
4267
1080
1643
369
3460
3390
2773
4930
2977
3098
3002
4009
4522
4510
155
1415
3421
1544
2502
2543
1583
4760
328
1130
4099
885
3000
4284
2093
327
4601
4196
4296
3907
3428
3933
1150
4384
2540
2972
449
2069
3055
1505
4303
3725
2329
4918
1759
4161
2479
3563
680
4570
1973
3646
948
4870
293
3543
291
963
2549
4407
881
3922
1521
3203
4802
4984
2966
2763
4852
1184
4385
3528
904
1826
2313
2710
2620
2129
2153
1049
3114
4986
3594
4799
128
2442
3099
376
3963
4534
3339
704
2615
1382
3239
3698
1571
2746
3534
2324
1988
520
3901
131
2940
262
4686
2306
1227
106
1708
1115
445
2035
287
3767
4228
61
4372
3617
2730
3947
1556
2263
1359
1261
2787
4017
3543
1810
2758
4837
4027
2152
1371
2816
2299
4443
3925
3145
915
406
3813
1671
3584
3851
4944
222
1059
3266
3199
919
3044
3337
1953
3602
1115
3669
3177
4750
4230
2246
290
2193
4295
4932
2021
1252
1144
874
2113
4210
2772
669
4180
4493
2591
2435
87
1801
1548
3195
2768
3443
2142
4649
3324
167
1561
632
2469
4128
3462
4295
3243
1788
497
955
599
3635
1359
3490
3560
904
2682
1089
3315
1970
1776
91
4601
994
4991
245
1517
3881
3836
1723
1901
2300
2600
4268
4954
1571
4184
3427
2933
416
512
2035
4833
394
3212
2527
4592
3566
4590
3584
3321
4913
1485
3171
3746
1446
3629
4663
111
129
253
1529
239
4843
1691
2934
1955
4580
1552
3573
4356
2124
2583
4162
2439
4958
4027
3342
4559
820
819
3809
4257
3558
4037
1098
4413
316
1174
2356
746
1805
4023
4058
3211
2273
4572
3794
2451
4619
2408
4928
1953
3514
4635
1673
1693
2309
2050
4988
2693
1189
537
3546
4629
3624
1054
1031
3756
3012
855
3406
3982
3995
1162
3963
4281
62
1473
4365
2943
2281
1027
4868
1776
3422
1481
3750
1038
2749
3875
754
336
2527
461
1610
2298
3820
3064
2822
2362
1653
4327
683
695
2414
1287
183
2669
3161
2455
4473
979
3197
2269
367
3244
3356
3205
1672
2886
3882
4037
577
3581
2557
350
689
3877
3964
1519
624
3716
4032
3430
2366
4712
3583
3788
2106
2208
1895
4450
3534
2357
3311
1785
997
4955
2548
665
3702
458
1211
2965
3425
3834
3466
3088
4328
1751
3639
851
1009
4242
3846
3485
1181
4334
2938
298
3898
3791
3989
260
261
2061
3873
903
3302
4859
3422
3676
1718
3321
118
3495
2154
3109
2654
2899
4976
82
278
475
1832
1491
3537
2037
520
1561
3775
1420
3656
2968
4141
2663
298
2151
4792
3399
1111
4623
3365
4221
2486
2358
4299
2244
80
2499
2631
2096
4883
3802
2929
1694
3879
1859
222
4435
2992
1581
4030
3407
3691
2111
1971
2538
1747
4254
4086
842
2467
3117
3128
4230
2928
4551
2560
4859
541
371
3391
2942
3034
2177
3305
2459
1092
4794
4271
823
279
1
1793
1445
4003
2876
3015
2300
2529
292
2437
1449
1234
2968
325
275
565
747
4354
4510
3887
2286
564
4209
604
1836
626
2813
4091
4928
3699
4038
2820
3495
398
340
3337
1508
4658
2914
443
3859
3898
4177
2364
1530
887
2875
1720
2347
371
361
2418
4380
4548
4931
780
3406
4151
1855
2378
1061
1462
2848
3735
2861
1733
4102
2414
1903
2964
2577
3305
1205
1605
1836
3274
4593
3459
2833
841
1557
352
2299
4104
2676
4314
2481
1728
1410
1123
718
3045
4338
2082
1764
1844
4302
2302
4527
4749
3521
2527
34
3532
3475
1851
1839
4168
1124
2232
3824
4037
4956
2039
1313
1994
4614
1312
2418
4872
3734
3062
2302
2443
4349
2867
289
3778
2463
1934
2049
3417
441
585
1844
249
777
2913
1286
1724
2175
3191
731
2727
3196
1576
1339
2424
1431
1446
1692
2582
4563
646
4134
2246
1453
2895
2579
145
400
4587
4421
885
1933
1150
2952
4006
2205
1562
2924
672
1095
2988
3777
2261
3318
2143
3112
2245
3092
265
1522
10
3782
3493
738
1252
3402
1387
991
1928
320
1090
1247
3395
4638
4893
2626
484
3684
402
506
2957
4868
4653
2473
4371
661
3711
1287
835
2695
76
2328
2740
3536
3288
3953
4520
3895
70
521
2805
1305
440
4530
1247
265
118
3168
274
2073
1363
1980
4230
1604
3086
3246
1881
2768
2388
4623
2578
433
4803
3345
1871
156
3231
3248
4313
2834
1677
3532
4234
1728
705
4180
1771
2817
2058
3898
3117
4434
731
3069
61
4055
3316
1918
2421
491
2112
4994
4203
2768
974
2053
4113
3837
2028
3683
1981
3275
2297
3637
1207
2642
4572
1627
744
4365
2873
2314
4331
904
1697
4061
1961
4755
2732
3377
2574
403
3542
3537
2166
2156
1518
1858
4099
2386
4024
3162
4987
2856
207
2010
1987
2117
3050
1349
4193
3524
960
2334
2017
2213
4258
3651
2640
741
3274
2279
2487
584
1085
3662
1179
4168
3940
1919
3709
4751
1786
4069
1274
2166
4518
3606
2892
4231
197
2960
3090
1495
799
2819
4046
2023
4970
2193
393
277
4259
3516
3035
720
76
1119
4049
4047
1587
3602
3349
607
1798
4957
953
1725
4058
3245
2402
3451
2516
2329
2150
1511
1377
3957
4669
2628
2237
3606
4679
529
118
2400
1093
911
765
4314
726
4497
1701
2179
1941
3144
978
4316
346
1541
821
4685
1137
3328
2870
4301
2719
4829
3472
1321
3063
421
3923
4762
1950
1406
1568
2119
1211
1436
990
539
4948
850
4011
4626
906
2846
4492
4371
2706
922
649
4525
934
241
3694
1992
422
4431
3748
3611
3479
4791
276
3528
4442
2770
3435
4357
125
4483
3270
3573
2411
1975
4276
1764
1278
688
1620
111
1664
2653
295
2653
2989
3330
1966
1465
2919
1580
923
4704
4663
397
4464
3797
2931
29
4352
143
849
3376
3448
1908
1383
1223
2611
2194
2489
1908
1700
3363
4447
1935
2597
1637
669
953
310
956
2937
371
2454
4268
3192
735
4802
440
4854
99
2213
649
2828
2238
1890
2380
444
2586
4273
2680
1677
1730
254
911
3388
845
174
4800
2458
3993
3464
4293
2755
2488
4158
4441
3421
4590
615
4310
2347
4404
4395
3818
1943
1069
988
2259
3834
3260
126
1234
3977
1625
3828
4167
1104
973
3385
1802
1876
3990
4421
4455
1
2946
3162
2289
4968
1998
3305
1586
2863
794
4199
3904
2618
2469
454
2846
3141
3051
1862
353
3479
2689
4139
1305
1678
1336
4153
3674
3280
908
795
2833
4081
110
3663
3732
4623
1208
1765
559
1667
3388
513
4050
968
2076
4150
1149
4978
4566
3702
3655
3342
955
1235
2161
3638
2781
3390
4514
1147
3161
3979
262
3510
3693
2132
2851
3649
3386
3975
2873
2758
3313
971
3194
3170
4879
510
1727
1094
4626
485
4615
904
3257
1000
1500
4657
2524
2765
1522
1574
4582
2286
2266
3949
1498
1586
1946
4051
3368
1321
1463
3627
1075
1651
3781
4809
2940
3699
3038
2793
4618
4458
775
903
3254
2095
647
2539
2912
1497
2390
574
193
3561
4051
4419
4314
304
2765
3356
1107
114
2515
2292
3474
2590
1338
1517
928
4673
4569
4966
269
1755
3967
4126
582
1897
598
3857
654
2643
4063
437
2722
3609
2933
2158
1180
1770
4096
2336
1390
1010
1817
1405
2473
2303
4809
286
376
3571
4407
1382
1166
2628
3449
3644
3937
3585
3264
4152
2288
4507
1284
3638
1472
2187
1084
1218
1374
1728
2412
4083
1339
2131
4583
4050
2897
996
284
3425
3049
4901
867
1608
757
3642
1126
2969
3864
2022
2525
4823
2388
2234
95
1884
3287
2050
1594
2624
4875
964
4978
4432
749
4003
1191
2388
2519
609
1627
4535
3079
4208
3014
3417
1432
3787
4666
3451
288
3328
2860
831
1302
2179
3568
942
683
3978
1317
3627
2715
2161
330
3309
2141
3713
1016
4812
3599
1418
4380
3191
4380
4410
3238
770
1098
3737
4624
3202
4192
4814
3660
490
4585
4197
330
2048
3249
2265
2100
4053
2187
597
1709
968
1856
2293
4949
3901
3500
3381
1857
276
2301
1914
2520
2038
4408
1752
3045
4159
2471
475
2095
4620
725
3274
1458
1912
3600
2108
867
1071
202
1908
1807
434
475
1678
2082
3071
4420
2659
3871
3132
3532
1524
1426
1110
5
4239
2393
4960
2889
3092
4179
4524
1607
2105
2061
3091
3387
2557
3700
870
2848
1620
3179
3389
2340
195
2163
131
25
4852
954
4931
3549
311
2487
860
931
3661
2575
616
360
2526
3191
1876
2530
134
3693
702
4955
995
3014
4060
276
1021
1750
2187
1059
4539
1213
2620
4051
721
488
3561
3883
1497
998
2719
2601
3560
2191
4991
2621
709
3547
668
4746
590
1922
1286
3403
2065
2107
2363
2181
605
4633
1636
2380
3364
1114
2581
4491
4125
3050
103
135
971
169
3950
3626
1834
4894
482
3611
472
2659
183
4823
2554
1339
665
1638
2454
1288
2248
1623
4859
3737
61
797
1762
475
676
3866
88
1085
1216
67
3497
2698
1252
1975
4686
3782
1428
1048
972
1123
1024
1924
2730
3136
1666
2901
3184
1156
2129
1913
1670
1258
3217
4626
1244
3683
923
1151
2074
930
41
211
1408
1642
1646
1582
408
1028
4957
2516
1450
1281
4580
1919
4927
4342
4711
2129
2185
2870
4138
844
1488
4950
2117
3178
1393
3805
1423
3698
268
57
1698
1941
4038
2148
794
2727
3046
780
819
4039
1174
4475
713
315
4849
4454
1505
4842
1905
1716
223
3868
2083
4090
173
2863
1616
1240
4603
3023
4634
1997
3545
3690
743
2663
4825
783
3788
2090
1247
1380
1020
857
4967
4510
2655
3133
3627
4384
4035
3390
1472
2524
1721
3157
1398
2600
3893
3255
67
3254
3568
2200
916
3231
119
4555
2767
3300
1642
3072
4436
4078
3184
4283
1132
3694
2570
3710
1729
4285
726
2296
2470
1730
1058
95
1092
710
2945
1432
2271
1123
2062
4175
3118
2678
297
4291
4374
1913
3421
4103
2720
4168
96
4525
4336
3182
3876
364
1620
2642
1061
2348
2123
3616
731
4558
4699
4978
4402
3302
4611
3767
467
990
4573
3513
2636
3374
418
3891
4320
2915
1330
2047
1979
505
2823
2413
3969
763
1666
2107
1170
3963
3972
1490
4713
4732
812
978
3669
400
1253
4030
3988
4498
298
2120
4671
2379
2514
128
3152
1680
3991
2447
925
4603
1820
1886
2050
1832
196
1633
557
3088
1534
1554
1152
889
3859
427
4023
3693
2015
1621
3648
2782
815
2580
2769
1175
1817
371
2654
3887
1214
4062
4077
3743
4399
3654
240
3750
2966
4159
4337
4823
624
2042
2202
3322
4311
1466
3630
344
3058
1638
4655
3692
4639
155
2683
3290
1434
3068
2169
3114
3910
414
1046
1863
3531
2714
326
2905
2472
1697
3318
218
369
4569
2352
4929
1584
1814
348
3630
250
659
1775
3466
1723
2552
566
2415
3051
1590
2355
2152
2975
1113
4274
3028
1252
4795
1102
1484
1745
4764
2490
4421
4775
2246
299
1661
3318
830
1705
2237
2732
2963
993
2179
4605
3859
2663
1687
801
4043
2438
1393
4245
3181
4727
869
2249
831
1114
3737
3334
204
4130
573
1911
4051
2850
2333
4960
3918
2802
4859
523
1780
1758
2061
4423
1754
2525
2554
193
1111
3105
1824
1315
1340
4586
3185
3954
1028
2438
3546
1572
2674
3273
1162
3819
516
3704
2096
756
3090
375
159
4653
2647
4124
2018
3639
4699
4681
1482
2974
732
3453
4944
4754
4386
1714
3846
4868
1382
3444
461
930
2376
1387
3822
4854
971
4539
410
3236
844
212
4866
1772
2293
184
4488
4726
2839
2589
2187
4131
4388
4545
8
4535
3030
4299
3809
4875
1324
2012
4494
4432
3509
265
3374
3822
1336
2666
3522
1068
1548
281
3319
4841
2164
489
4829
4177
3640
418
4887
2456
2037
13
2125
2852
3725
2603
431
3342
3258
3995
1793
2588
4825
4979
24
1503
1077
2849
166
2776
4823
355
1203
2048
2068
4202
2881
4519
389
1638
1599
3555
1376
1737
497
3696
2047
3832
4248
957
630
510
3511
2191
300
440
3111
4067
1984
3211
3677
4332
3475
691
32
2038
4015
4304
2946
2589
671
1782
3484
4374
3781
2
3467
657
212
4799
1531
3769
3877
4734
3325
340
1891
4066
4249
1572
3453
2702
2754
4856
4524
2363
1526
1985
2585
3551
2300
2246
1459
889
3039
2871
2022
200
3758
4109
2256
1182
3358
1182
3114
2176
902
3033
1635
1916
2641
1785
3762
3650
3025
3220
4535
3
2816
4944
349
3107
1674
2850
1314
3715
3600
2275
4284
3841
4402
1237
471
2778
3681
37
1210
4530
4205
4103
517
3514
4415
2674
4887
4443
2280
2506
713
2059
3608
4214
2224
3005
2104
2082
2360
1979
4197
4581
4680
2589
3492
3820
4570
1101
3573
4197
133
3211
97
2783
508
2624
2292
1563
3334
1123
1570
13
4911
4176
1938
3358
3724
2542
3893
2408
262
2760
1677
3932
4578
1270
3614
1766
3563
1119
1363
4757
1934
2784
3891
4529
676
274
407
2215
3604
2951
1305
2065
3128
3068
147
4030
2600
3986
465
3995
1736
4343
2210
1184
2651
4200
422
3165
2906
907
423
353
4633
4995
1958
1456
3921
2883
2868
3572
4539
1035
159
478
974
3935
3780
4476
4696
4983
4808
2326
2307
3974
2224
1353
4724
4852
1420
3511
3472
3401
1632
4824
1006
1092
569
2694
3863
2274
43
419
2459
3720
4970
4556
1976
3899
1985
364
219
1279
2552
500
610
2136
4016
3638
715
2758
1675
4605
3534
4185
853
2483
1572
2579
4558
2881
339
14
96
1030
2891
443
1511
1335
2467
2221
3015
1933
3492
2510
3650
1802
2728
3914
4532
152
3792
1511
641
4663
3874
855
458
4747
2310
1900
1272
2105
3754
1175
941
3210
125
511
894
4267
4738
2495
1851
4442
4924
4395
1293
1230
1535
1770
1876
1237
2763
2609
2411
2891
192
3280
1681
2048
4195
3675
5000
547
1884
4311
351
2969
3717
234
2932
2994
493
230
3052
1635
2506
4863
4859
3601
1422
2138
4894
1444
1070
738
1234
3073
935
4702
2604
3915
1139
4995
2419
1399
4249
567
1714
3516
1200
1866
2416
2455
4138
2865
4713
3992
1826
4971
235
1670
1246
497
4594
554
2805
1645
3713
4123
1572
3271
1745
2812
234
4365
2039
1154
2396
4539
2646
4209
4868
2011
318
2741
964
681
185
4419
3655
462
3285
885
3616
2944
1135
2044
2293
3577
1278
2694
4789
1689
2173
3977
4633
718
4474
960
482
3706
416
393
11
928
2881
83
3426
2518
2472
340
3005
1928
2718
4352
4701
3490
3170
3337
4499
4973
2884
1804
4077
1049
1787
1660
256
2675
2128
2068
3079
848
2737
4239
824
492
1130
2704
2147
350
3661
1704
4900
2539
1660
3947
1275
3081
1582
4042
1931
4612
2493
1054
1902
695
1469
4786
964
1452
3822
4226
4734
3543
896
3939
2781
2591
1700
4003
1795
3812
2491
597
2342
731
559
318
2819
3230
4167
4171
2381
1597
4248
4381
2109
1678
4374
4550
1352
2400
1419
2794
2488
2739
2339
3113
2240
1648
1255
4086
1611
4952
1312
3599
4749
3280
1193
1254
198
70
4307
3147
4375
40
4265
3467
4224
2868
578
4238
2139
4535
2148
3578
3235
4202
1342
3736
1840
4908
860
3902
4157
2117
1760
1596
293
1995
2799
592
4292
1202
2021
3932
2514
3513
1381
3303
2145
4639
3781
2154
4975
4032
4062
1966
1230
3567
4739
4222
621
2341
658
1192
3973
2216
4525
3506
3942
2764
1880
907
4530
2673
4724
4451
193
707
1268
1351
3045
2848
1168
1891
2310
544
790
1259
4660
3726
3375
4067
3076
956
375
1112
3124
2741
531
2782
3541
2420
4830
980
3821
3505
4010
3458
625
4728
4127
2104
182
3052
2549
4901
1422
1434
4861
2690
1680
4421
2196
1586
1437
2414
3718
300
350
3560
294
842
1927
2485
4257
4681
4724
3122
1715
1125
16
2255
371
675
443
4043
3493
2676
4805
2321
4586
485
2079
3926
2598
806
4929
4143
4758
3071
2469
471
1636
3369
4822
3330
356
4222
2808
2323
1749
2763
3004
133
5
2305
37
1228
1850
4734
3937
3
1247
2110
3738
3432
2377
103
3422
4293
2412
2863
2530
1565
2071
3330
134
4017
3238
2061
4698
3353
701
1202
2138
2055
3784
2686
3402
2343
352
1985
4343
2362
2391
4978
1719
1139
2822
2690
1488
562
1074
895
237
364
957
2599
1105
4085
1814
434
1674
3805
87
447
3065
3821
1680
2030
4180
236
3695
1521
1204
3455
1061
1435
3454
4359
121
1030
4683
155
991
616
2190
251
961
2703
2060
4731
3838
3703
2166
4614
3378
135
2627
1520
945
1761
3343
4006
590
3563
1798
2679
872
2625
1246
4697
3487
4677
4799
3461
482
3624
3241
1460
4288
1258
671
2094
4639
4082
2036
391
614
347
3606
3984
4248
930
2515
2848
1105
4248
3062
154
3810
1569
1859
3082
1353
4646
4772
1253
2078
523
3571
3980
3620
4249
2128
410
3409
2678
2960
3580
4667
4174
1786
2041
2743
1897
268
1551
2149
1529
1618
2859
4075
1568
151
2755
2491
1962
4902
452
1156
2367
2789
665
4979
4716
102
4645
2546
2500
2314
779
1890
2216
2777
627
2552
3261
1948
3468
600
4128
3583
193
3441
3807
743
4023
3733
3258
931
1889
1969
4049
544
3073
446
1980
2103
4867
857
1285
3469
4437
3741
4236
426
4786
4382
3824
4877
393
4176
1239
4949
4608
3843
4744
361
934
2303
3840
3656
1208
389
1410
4655
1037
1315
4020
2358
829
3770
2393
2263
4635
2469
1585
1634
2
4014
3663
240
4165
2175
1090
3364
2193
2985
2608
1600
2905
451
3530
1883
70
1593
3400
1826
2732
2049
2756
2579
1901
2371
1917
575
1658
4943
4319
399
168
3882
3519
1071
854
2411
1149
4989
1349
1008
2576
3656
3571
3039
4063
3646
4175
1036
3938
4790
1769
4289
1602
3146
3771
85
3235
1420
1437
1574
437
2608
958
483
184
1580
1506
1733
4443
2208
1425
639
4294
381
884
2937
4208
3453
1280
2568
4100
517
3220
3997
2389
3463
587
4705
654
600
3233
4747
3854
3161
4518
4902
1468
3239
2672
4253
2592
3770
2021
762
1466
1717
574
333
95
4681
915
1018
3417
3971
4505
3545
4764
128
3124
4305
2807
2118
724
2527
3647
4133
4180
2586
4209
3317
1396
4539
253
981
2372
4275
2024
2523
110
4356
314
4021
305
1346
3840
756
4042
1360
2723
4867
4943
48
4709
598
1329
4038
4166
2161
2948
1198
4443
649
3110
3841
1483
493
2750
4334
4513
376
2855
4181
2354
2808
4095
3528
2870
2478
3172
3534
4323
3628
1231
1817
1596
175
2584
2029
439
2703
4924
4960
648
1693
786
4715
2410
3910
2168
484
4221
189
143
1248
1047
605
353
2660
138
3456
4537
1875
1391
3826
1464
900
1003
84
628
3403
3591
3589
4410
4760
2220
1889
4651
1400
4964
1739
874
1926
4774
757
949
495
1613
4754
2665
4275
4303
1884
200
4576
2975
2285
1256
1443
487
4206
1412
83
997
2416
1904
858
3429
423
3827
3053
3648
1393
3729
4451
4294
2282
4864
3944
4271
1802
997
2483
3325
2502
2955
4439
1160
3424
3936
1408
392
4421
418
2120
2915
1897
1027
4880
4963
2542
4990
1537
4172
349
2607
2584
891
4788
991
3410
3188
2701
1882
937
2010
4921
319
3347
3872
162
3231
2159
3258
3198
1458
263
1525
1085
3846
1167
4318
1892
1278
1335
630
2397
507
4743
1342
533
4415
4709
4441
1305
3901
4652
4027
3126
1399
2892
689
734
4780
3283
3784
3386
1839
2833
2765
3606
3897
908
2137
3701
2209
186
4055
2690
4181
4908
1540
4435
77
4079
4559
1775
4481
2972
568
320
4700
1239
4007
1704
627
4251
3637
4935
1520
4358
3617
4838
2174
3503
487
2660
4297
235
4311
4150
944
3678
3037
3335
635
24
525
3757
953
3138
2600
2066
4139
3454
3606
1967
3770
981
4671
1502
3869
1411
4823
359
548
1492
1837
2413
2985
199
2241
1696
4962
4599
1698
2126
848
3596
1067
4192
1803
3930
3572
80
3941
225
4775
4039
3034
1825
1603
68
646
3608
4877
2512
1052
511
3260
1075
1920
2933
1773
4009
4101
827
3130
300
4178
1973
4565
622
1033
4273
3726
1079
3019
4247
4807
376
4550
2315
3549
1484
3644
288
4178
4530
927
3323
4156
286
2604
2805
3940
3748
921
32
4750
1925
4731
3312
3979
4258
1599
1130
4478
3680
3467
1572
296
3599
1432
2515
1570
2796
1058
185
2155
4942
4446
1207
1585
1872
1565
4133
4198
4580
4093
1118
2084
1419
3236
659
4712
1802
2699
2915
2041
1598
4279
1243
1414
507
2447
3502
3773
3220
1523
379
2949
2450
2567
489
4629
1013
3488
4441
3870
3873
1541
3775
774
4332
2068
130
203
926
2669
2983
3247
835
3468
2469
3094
3887
779
2970
315
1743
180
1870
4559
3268
3736
3743
207
2535
4872
11
3896
2355
1667
3552
4624
3504
4255
3468
4798
3168
527
3715
3581
319
4509
2205
3964
3527
4256
4230
2331
4014
3982
4833
3308
3997
1522
3424
1157
4009
1154
549
958
1842
2150
2289
3730
3759
4471
2868
508
1755
1335
2549
4259
150
4751
4996
343
2431
580
347
1772
1717
977
1071
2979
4258
3624
3424
2242
485
4827
3036
2125
3177
688
2891
4970
474
1484
579
1864
3771
1607
3617
1681
2744
1926
170
2667
2349
4042
990
3639
4950
2213
909
3255
2662
1053
911
669
3655
2379
3852
1319
3375
2783
3339
2393
464
4173
3961
3862
852
2711
4034
693
66
1592
4842
905
3080
2289
311
3019
1488
816
947
465
1270
4574
3705
1750
2214
2608
2116
4194
2708
1614
887
1965
3468
4599
2186
2695
3707
261
1860
1758
2900
1838
2556
1509
323
4058
1930
2468
4459
2560
4495
1477
740
1179
109
3074
792
3310
4852
186
2163
365
4255
842
150
4513
2967
2537
1914
3118
4234
2349
1263
2100
500
591
3627
3028
4961
2614
2731
467
4373
3834
2068
4984
733
2946
133
3252
2004
910
3316
2299
273
3539
2073
1705
1996
2922
243
2140
4998
3875
1299
2203
1964
533
1765
1038
2449
911
4358
513
1957
3412
2004
3725
3275
4966
3009
3396
427
2492
1570
3614
645
1282
3431
1189
1231
1245
3563
3011
371
4210
1414
1305
946
1489
871
2638
43
967
3247
607
1640
4865
2945
4445
4694
4302
2141
3798
3645
4675
248
2073
1449
2873
1452
757
359
2136
2556
1656
3445
3180
4039
2589
712
537
3155
3719
1016
390
2292
2536
2439
1659
2157
3549
4662
680
3092
3696
1648
3273
1594
3619
2403
2814
4742
1038
3972
4101
4488
3426
3440
4975
3975
4126
4790
3319
816
1789
1205
340
3653
78
3044
1804
3853
3383
3656
1739
4258
3594
1174
1625
3834
2736
3069
515
2527
3416
2580
2589
2368
4748
2344
3010
1041
2785
1965
235
3405
501
91
2641
977
1625
4942
886
4144
3254
1984
1806
631
944
4935
1214
3659
4795
717
1831
4515
3320
1729
1644
1334
4265
3192
695
1154
3089
3878
2297
4185
3645
2230
1699
3833
4679
2420
4545
2725
3191
4657
2791
1748
4845
1272
4725
3072
752
2858
1854
2533
4332
4404
2606
2025
2036
4826
3861
514
899
2586
2988
782
1296
3368
172
3497
4393
2134
779
1635
1482
3838
2808
2492
3180
3420
4851
4134
4460
1340
764
382
4984
4047
1787
0
2003
3293
4739
123
1390
1883
981
4728
3170
3635
4961
1523
438
844
2260
3212
1815
4580
4773
263
924
957
1254
868
1097
2335
1474
4532
2147
1821
2482
3376
2092
1097
2014
4374
4667
1891
1658
3180
523
861
616
2072
694
791
3249
4576
4684
4977
1035
3695
2481
297
3223
963
4045
4787
848
1889
1658
4277
207
955
3528
4892
1361
2822
4405
2876
2244
2526
3247
4213
4730
2942
3062
3358
479
2823
4312
3086
387
2315
1063
4708
430
3646
2171
2619
3503
4623
2507
41
4721
1809
2994
3763
4503
2095
1827
2510
1464
3991
1074
4739
4544
882
458
2833
193
604
2368
2690
2057
2286
1823
2957
1605
3522
3821
4434
513
1109
2588
1389
2295
863
1698
3573
985
3511
3159
1180
3410
2298
4789
4002
4167
1607
4985
1733
1472
2814
3656
2856
1031
2667
1897
4610
4356
4168
22
1860
4351
3887
3523
4448
2972
826
607
3253
4830
4822
2315
1546
4888
3608
2748
507
2171
2767
455
2071
246
3026
559
368
1545
4855
469
2754
194
2422
4300
227
3876
3878
4307
1880
1550
3327
906
1055
3122
2954
3943
2305
1272
1068
3329
3808
3331
3408
1658
2305
2358
4836
2277
2190
351
381
4223
4773
3592
1971
4811
2929
3668
1136
1943
3057
1107
2812
4538
2650
3584
2152
570
2208
3596
1996
224
889
2214
1470
3221
751
2181
2999
1819
3493
3208
1691
3249
149
3769
1131
4949
4908
839
1229
3688
1828
3934
1871
3025
2561
1142
4072
2459
836
440
3187
155
1728
144
659
2323
2181
694
4108
2179
3970
496
968
3167
2974
1765
3443
1244
2437
4618
1667
551
2059
3253
3187
2490
1411
4521
4221
1758
123
530
2478
3240
1199
1360
3831
121
2742
1450
3665
4638
1552
381
3325
1143
2940
2979
3119
2183
1879
3523
2348
1462
4073
3868
3173
1625
667
871
3197
1707
3155
4215
415
260
2473
1338
2827
1803
4343
452
1479
443
3161
1426
1076
3221
4343
4873
4053
4288
545
4190
3613
3058
1940
2790
836
633
1502
4690
3679
534
3426
560
1988
4864
1704
3912
1551
921
4809
450
563
2266
2056
4428
466
1198
1970
3387
2621
3417
4608
196
3579
2498
2098
2161
3124
1114
592
582
1685
2310
3653
1884
3021
2833
2187
4869
1746
372
1899
3626
4892
1516
3727
2296
4259
4128
2071
4587
3326
1165
3241
784
192
1498
3138
675
1747
886
4036
4639
4502
3147
1342
1584
3586
1921
1588
1472
2256
3760
1514
4221
1757
4919
2306
1091
3679
2793
441
2450
2517
2852
778
169
789
3292
1751
2443
1115
941
863
970
2597
1661
1175
3015
4640
4601
2727
759
488
4032
2504
1543
389
3290
2043
4649
2456
2934
2603
3113
4354
3689
1577
411
4659
1307
1741
750
3527
2939
138
3289
3670
4012
1058
4477
477
2776
2012
43
4849
2949
3024
851
3842
3801
3242
1300
214
3579
4450
2912
142
1367
2366
4869
3801
3595
2350
2139
357
4249
4433
4954
380
4122
2392
1452
4337
1419
4720
3230
4291
4610
4590
2940
2021
1017
3957
4688
1269
970
4158
2078
4375
2583
1931
1328
1708
3162
2129
2879
2884
1415
67
2269
4962
4459
637
4913
4834
4253
1998
4193
3089
4159
4034
3056
3808
475
1353
1729
3079
3730
2919
2013
3594
3655
1716
1872
4951
1895
1335
4032
4821
1981
2232
732
1809
463
2113
2354
4039
3853
2216
4692
2688
3915
3312
88
4658
2972
3036
338
2121
1936
70
1914
3037
2447
2990
4665
13
2863
1161
4866
4066
3184
500
1578
4531
2029
4425
4081
200
529
3205
4505
1960
2277
1227
2346
705
4561
893
1678
2931
1995
3838
4165
4782
3812
4218
1117
15
1068
2251
2861
4063
3589
3026
3293
1936
2163
4968
2445
2856
4338
4112
2726
4525
4069
288
4564
2078
680
1162
15
1502
421
558
2925
3376
2390
9
3683
2747
3589
297
3251
2861
271
1412
2142
147
2457
1085
2036
776
1440
3298
3429
2092
4491
1504
1556
1700
79
2158
2019
4253
1979
2623
3517
3991
1765
2137
3214
4566
4042
4801
3655
2987
1521
3642
4473
4415
3454
1878
186
2565
3264
448
4424
2848
2561
2762
872
4599
2846
1155
2745
593
993
2750
2962
253
30
3214
4130
1779
256
4728
926
3945
1329
821
3803
2604
3955
1610
4337
1228
1394
4154
4756
3951
1847
3250
4235
963
4533
800
142
2262
4162
1591
1874
4103
4927
2922
1912
3674
710
3437
3060
2344
3587
2331
4959
2982
564
4711
1467
2556
4026
1810
4481
3049
1163
1521
4699
4971
4936
4112
4294
1275
374
3370
2240
4409
3681
4177
3727
3656
3159
1809
2354
15
3169
1336
2404
46
4480
1699
142
4333
2749
652
327
3440
1135
980
4971
2567
1433
1898
480
39
2479
2084
4380
1956
4845
2139
3696
3513
175
3087
4249
1434
2951
2703
3049
216
3248
4866
691
4151
3407
724
4389
4388
948
3898
4433
1161
1901
1750
1794
556
641
2493
1921
232
1204
2533
3419
4171
2516
3922
3458
2872
2209
4295
2217
4392
357
4192
1542
3957
4217
1617
2003
4158
1086
1745
3785
4956
2245
2122
3275
1968
3328
1496
4816
3778
3149
2371
4490
1976
1519
4041
356
73
1463
4675
4994
4782
1737
124
4981
225
4101
2074
4218
3980
699
15
2735
1885
