316
99
244
335
330
258
45
45
199
494
145
211
32
77
59
235
18
199
434
375
185
274
449
495
342
244
278
442
398
352
181
293
64
203
387
136
380
249
289
431
105
58
385
47
404
215
76
470
397
369
496
224
385
410
340
255
287
181
376
272
41
278
313
223
312
341
475
127
313
433
85
235
250
251
314
294
499
8
91
422
497
320
376
492
148
342
487
180
226
306
490
450
350
55
70
422
114
466
311
468
141
144
320
367
254
260
178
159
464
255
144
45
110
337
331
261
306
175
111
414
358
405
221
352
489
154
326
233
422
172
255
498
229
278
249
404
246
301
321
223
276
65
185
214
462
393
178
451
448
11
32
223
444
356
185
174
432
244
30
72
404
394
272
343
84
361
457
290
449
488
470
27
205
124
419
377
282
305
353
460
189
151
358
163
91
344
248
213
30
89
53
206
289
241
239
342
437
257
150
405
201
289
133
62
44
30
461
126
227
477
58
268
486
115
263
16
41
84
166
221
137
58
148
54
500
297
196
26
353
481
282
215
334
81
353
116
291
305
463
42
452
383
257
118
124
250
165
399
348
72
385
47
208
448
269
174
191
472
148
144
208
380
392
353
140
478
476
281
237
280
375
15
375
408
215
121
317
34
468
20
25
379
70
433
256
228
142
39
127
487
418
318
423
472
242
172
455
330
151
363
148
43
148
48
363
445
97
76
395
422
465
395
282
298
442
88
482
286
122
386
346
500
377
356
430
317
42
280
171
471
215
427
221
25
334
144
414
493
263
158
444
79
388
284
390
143
180
192
290
165
167
432
465
176
27
267
295
475
45
358
258
438
340
462
90
185
49
467
352
399
227
94
339
170
464
293
98
179
276
475
425
210
333
211
322
313
342
148
471
87
93
490
330
479
126
45
228
127
102
36
422
150
427
329
199
265
488
475
302
429
239
23
299
434
267
322
216
110
488
420
479
93
152
408
349
328
368
479
267
464
254
253
344
452
19
470
25
103
238
396
78
425
83
344
250
358
303
305
49
438
311
287
484
49
453
31
68
255
442
176
170
219
250
341
47
130
348
340
222
178
293
331
499
377
455
383
279
241
231
226
219
214
49
45
220
441
89
342
329
226
224
335
435
231
38
104
385
290
333
234
