7604
351
2259
6916
412
9525
7783
1185
389
9877
9750
9393
9896
4213
3324
10097
6395
1512
10179
6291
6449
6273
5321
8034
9625
2460
5963
8660
5946
6838
1572
6501
5129
1321
5301
4346
5350
10207
7233
7127
6891
9990
2998
6985
4547
5448
729
216
1416
4583
7322
5923
7311
9503
1559
1974
987
8241
3748
4750
2066
4742
2782
9404
8906
1345
5979
6811
8219
10899
2786
10062
7840
1094
4695
5861
912
2395
3850
119
8750
10234
7966
7678
7258
9030
3548
1027
6983
9315
7691
598
8101
130
5821
3209
6883
7902
6400
9543
3073
3600
126
4965
4352
9669
9876
1583
7736
2911
4565
2653
2213
6494
3193
5802
9077
8274
9498
4127
6411
5657
4502
4732
3787
2472
3867
1304
6699
702
2728
5463
10005
520
4415
7295
1226
7058
1950
4969
7774
1046
8012
6420
1520
8988
5195
6217
4760
3502
1106
8525
3355
4871
5383
2750
9999
6788
3153
2565
8738
7739
8714
3344
2774
4294
834
2541
3750
2076
237
10427
7570
9527
3908
4666
8353
3829
5729
6657
1897
2542
781
8152
2492
5056
5701
2709
799
1603
5449
2846
2706
9187
1291
147
448
7911
1500
4108
3306
1179
10332
9251
3508
6588
10153
8108
7883
6488
8186
3029
9377
4560
10929
7357
5579
845
6237
5143
4943
8873
4237
10790
2472
999
9947
5027
2575
4024
6605
4341
7631
9040
1796
7771
10395
6605
7520
1565
9320
6705
3252
3418
6059
3998
2205
7777
10209
10970
3875
5085
10949
10880
2229
9378
8030
9293
5102
7939
6172
10235
10443
8204
7011
1499
2945
8625
5436
4383
2057
1532
5064
7413
6308
9030
687
3317
4370
3924
8859
7757
4485
8175
8999
8689
9458
5918
624
284
7482
5807
7653
9778
2202
3175
7428
7087
5328
8941
5170
5865
2735
3314
4293
7701
7893
4925
2004
10275
4763
10229
3502
1680
463
4394
5991
3009
2396
7903
4463
5666
3891
4399
8468
7814
3440
3783
9085
5093
3670
10510
875
1432
7722
4457
4022
9052
6469
7751
6106
5135
2112
1226
9
8351
10858
4358
3637
5062
7480
5179
2998
4011
1778
554
3604
8628
10891
3709
6163
9853
3089
1766
583
8065
10927
1010
3642
2564
6905
10725
7005
2038
5057
8132
8618
8422
3233
9949
8820
919
996
1957
3431
209
2162
5803
10113
8016
6410
5158
2141
9452
5359
885
1529
7982
1411
9129
2016
8664
569
4202
9906
10513
10664
9826
2242
10993
10002
7540
7328
1922
6743
8998
5102
5484
2914
8138
359
7347
237
3382
4567
7619
10422
5992
371
4001
8789
1340
8746
3389
8760
1728
3865
6865
5310
4555
158
4146
8827
8659
1360
3641
5634
1285
3082
6106
288
7093
4426
3114
10273
9559
6934
9691
4391
1638
8992
10771
10373
7935
853
3228
3672
5823
3989
1731
7798
3684
3565
6340
7147
7264
4781
374
1486
10046
3595
4296
5491
7743
2945
10867
10012
1621
10687
8682
2064
7704
1585
7227
9543
4286
10742
5700
2386
311
1678
2900
5716
502
4756
6214
8147
3799
5164
1896
2127
1236
10200
6448
7926
5174
5929
1578
7630
2404
10358
2179
171
7286
7305
3988
867
8828
9907
7124
1196
8829
2834
3208
9247
6241
3355
9833
3950
10384
8507
7008
8502
7079
2931
1958
5711
7343
1654
6369
6655
6685
2370
2300
6614
2097
1628
8589
4685
3115
1544
1678
7035
9008
7629
10568
6556
1957
880
4967
9561
8259
99
6411
5035
6640
6985
7896
3075
10650
6290
9450
5884
6375
9633
1115
2774
1076
10533
7433
10947
791
7187
8836
3146
1577
9230
6452
3537
154
7472
6814
7311
3817
2757
2927
5907
7106
2058
957
3548
1757
3558
2479
2927
1776
4090
5395
7264
2042
4659
3123
10313
2848
4158
5059
1669
10835
7392
4929
6997
4963
4858
9986
7620
8713
10788
5883
1319
9041
7296
5962
9608
2582
4305
6352
4770
3722
234
8719
2747
5217
7492
2917
10070
5068
6431
9774
3525
6313
9267
9708
1300
7053
3445
2385
1909
936
8635
10264
3074
10158
2090
4965
10113
4985
10868
2809
8259
1394
4624
6955
4220
2953
159
1887
4905
1604
7749
10936
9796
6601
4195
1129
4258
4403
1997
8464
8262
1806
5805
9918
9683
5849
583
2465
5061
4330
6438
7074
3856
3790
1493
133
7683
9237
3611
234
10061
7349
4238
4159
502
2686
4159
6822
3101
8176
10495
9431
4626
7799
1648
10230
3242
3894
1246
2307
10925
7284
1341
5594
497
8471
7147
7701
10155
1951
9344
755
622
3923
10289
4975
333
7643
8282
10890
10554
3198
3626
3268
5725
4268
952
6150
10641
8253
10070
8859
5340
7673
1286
8903
2197
1625
7815
6170
6600
1344
6930
10727
5204
6250
9293
1457
10157
4553
10209
8385
7559
4349
3099
10395
1055
1550
1842
906
928
4956
620
5551
744
2687
10072
5401
935
1043
5111
8639
5463
8160
9013
457
9431
6665
4866
5333
8321
7075
7344
3815
3055
7425
2802
5571
6065
6080
227
4385
4081
597
9178
8952
6356
10079
8257
6988
3926
7392
5714
6128
7738
10767
9709
8096
7519
725
10169
7586
937
3182
5206
3453
3259
1289
3233
4402
595
6292
975
365
10501
8475
5652
5000
473
1293
7957
1379
6153
9431
5976
2843
6155
9613
839
3593
9078
4780
4340
550
10279
5625
9242
7697
1144
3673
134
3208
2878
4757
5639
5176
8182
5125
10363
6697
1405
9850
2415
882
2700
3046
2627
8681
7099
6190
7853
3288
4272
3180
4134
1204
10956
4329
7187
5783
10136
3096
9040
128
4223
2761
3482
9458
9282
1195
1657
1638
1246
6272
5151
297
6841
9911
1569
10976
5718
3141
7143
2954
8512
39
10678
344
10530
1827
9695
9150
489
9538
5996
6384
740
5385
5816
4378
1896
7498
3198
4002
5819
1529
707
2692
9986
1238
4115
9610
3390
1897
8564
3823
3163
238
6005
6777
1501
7683
7656
2319
6603
6879
5960
762
223
7682
8492
390
10951
9250
9615
10763
10016
5926
3221
5368
2793
7977
7089
7530
7479
5704
5737
8677
2224
2208
7670
7091
5624
8405
9145
304
2921
2065
8232
8617
4427
6761
3317
2948
5034
1196
6823
2016
3428
1973
6510
8099
9902
4490
6102
6595
7210
395
6845
1251
1792
8175
2135
10219
1383
3063
8353
7091
2883
3346
3833
4741
7512
378
4449
4295
5948
10987
2566
4951
7053
9571
7667
6538
7656
6806
3447
4765
835
9480
4542
2097
5678
2317
4704
8762
4182
10157
4017
8470
1914
5593
5515
3182
2950
3099
7754
5248
1150
4789
10200
7968
3829
4827
8059
5625
5923
1700
9975
4550
1386
227
8587
5246
1682
10012
7352
9805
8086
8099
5263
10225
4967
3815
3322
10732
4451
9982
4124
9499
6090
6968
5364
4807
432
3254
2650
122
445
8036
5796
6086
6862
8175
9738
4723
10520
7921
10678
9882
557
5588
8109
8617
6176
2358
3168
2919
6168
5171
1675
10327
481
7233
862
3737
9158
10311
3644
7093
671
2669
2915
6730
1170
4326
7646
3074
2938
9861
7563
4124
6566
3855
3475
3146
5312
4444
2996
7089
9698
2076
9225
2256
10354
2864
8553
7757
2806
3574
10401
5681
232
5388
920
2867
4248
5039
4464
2647
1484
9435
1943
8677
1558
5124
1869
10269
1461
8180
10341
7030
8772
5326
6427
9556
8956
8229
6933
7124
128
9918
3302
7204
9317
7381
1804
3481
1938
6609
415
1098
7931
34
3280
10312
3595
9995
3350
6370
6996
10623
9962
3483
8373
4423
9866
4420
9634
1653
8328
7575
3215
5766
635
6508
5338
10236
10679
7927
3641
1808
10660
3076
5368
5016
4015
6863
5273
9044
5878
5959
4604
6149
367
9051
7063
10201
8454
5967
2506
4824
9268
10491
8552
4525
10858
7611
5519
4140
977
10076
7884
10587
7312
2039
8124
7091
5437
1024
7002
6824
980
10799
3341
1588
4361
6548
10140
8922
643
3156
1386
10648
5951
9155
5313
8395
2714
3948
9311
1996
8785
2342
10382
232
8464
9527
9584
2576
4233
510
6189
915
7611
7504
4322
1270
7619
9154
7769
5747
1183
264
1461
9506
7471
6140
67
9287
491
2520
2958
1108
6501
5353
7904
10183
2456
10123
9584
7154
7731
3675
5900
8344
7091
4058
3108
4973
6421
2573
2887
822
833
1443
6921
8812
3191
501
7949
9125
2763
3288
660
10126
8493
3246
8166
1195
4093
6997
10806
6388
1069
1157
526
3450
2308
6210
7663
9995
5650
5202
2245
6767
3582
34
6786
10694
2473
5427
6780
8874
2486
1483
611
5780
3410
126
2322
3922
155
10763
1994
8982
6812
6304
2962
6095
10796
6813
2448
7727
7336
5944
1329
2715
3133
9778
2685
560
5470
961
8832
6348
6187
1142
10932
7126
4645
7037
1410
3593
8950
10427
10104
9526
6372
537
6816
2391
339
879
4277
1875
6797
3765
7068
7022
3552
1109
1318
6374
3191
10239
8766
1904
3574
10450
1319
4572
6731
7613
10642
8319
5589
680
5060
9684
8806
485
8791
10971
472
8277
3859
10485
10751
5398
5952
6057
8803
1419
8781
2488
6547
1745
4585
9587
5854
6928
8244
7168
3485
9862
8536
4629
8300
4497
408
1497
2882
7284
1868
3753
7847
2643
7028
4228
889
1380
5782
10196
7360
965
1251
3068
2439
5141
1400
6652
6360
10309
5809
10084
8821
2719
6595
8644
2125
9071
6262
8289
7006
182
10800
10022
10193
5489
2308
2227
6867
9546
10839
6692
10008
4356
1905
10843
6799
10948
4150
10687
10870
10730
5389
2922
4466
7963
2564
3717
256
1058
1076
3857
8751
1234
2809
8682
1971
5206
7644
1007
1446
9422
7398
2682
10274
4019
2867
5523
1851
8126
8890
5534
5885
9072
6174
1860
7684
25
4344
3907
7513
5380
1511
2980
1836
4885
10924
9054
9363
9854
9525
8830
2750
3328
4071
3839
7164
180
9599
6328
8223
9514
9965
8666
9126
5622
4257
6693
6209
7092
4080
9548
10253
10892
5399
6393
10762
4148
8893
3831
1652
3126
9303
1988
8420
8484
1209
8522
5345
5676
3999
8194
3863
5065
7493
6676
10991
4287
3911
4749
1904
8362
545
2162
2360
9828
506
1091
10484
8536
9727
993
2710
9877
2011
7498
6605
6826
9370
1178
2390
4499
10000
6289
4555
2352
5787
2963
1338
8410
9719
6290
7337
2678
5052
9326
2191
3275
7411
2657
9028
5833
6764
5819
1522
9954
6184
1326
2852
3695
10029
1593
7154
9716
8306
2288
2590
1198
2871
10011
6514
2179
4635
4040
1210
8316
5720
4743
10572
2069
2393
7199
921
5249
1888
9948
1562
8861
6035
10729
7187
2666
1326
1694
3240
10523
7406
6424
6958
6823
8357
4376
2007
1383
3123
1330
4668
4939
6130
2667
2648
9729
10147
3607
5469
139
5337
2058
37
1043
4999
7265
4816
10870
7647
1774
3120
1328
7004
4162
10126
8799
714
6661
7331
5230
7921
3263
1168
2624
550
7495
10662
3502
6573
9398
5224
6541
8974
7356
10252
10810
315
6612
4988
7181
6858
8160
6457
192
2755
10628
2450
1906
8645
9136
9905
4668
9768
3854
2028
186
7598
1868
631
3437
533
845
5548
3184
10633
3924
3904
1541
1578
62
5038
2609
6786
8628
2512
10236
3526
9113
2021
7285
714
5543
6056
8867
4003
2177
126
3414
721
8610
1008
8837
1821
9110
5081
6759
2747
2575
3138
2402
1618
2926
10567
10835
4690
7887
1709
10794
3029
1476
10018
9680
7117
2282
534
7547
4277
5701
4116
7399
4636
6507
10057
4733
7151
5000
9314
7039
8463
8532
7277
10492
485
2659
3478
9984
7925
2876
5735
8456
10252
3206
10283
8650
9851
7033
2709
565
4732
1379
6071
10549
6427
10774
1117
8201
10735
7488
7134
1540
3373
7165
3886
5965
10763
9426
9045
7319
9567
5312
2312
7488
84
1523
5616
7039
4964
5481
3443
1495
6010
1903
1205
2593
10910
9511
8002
9987
2755
7964
8211
10923
3190
1482
5337
9110
8578
9403
10892
8494
6865
2355
4530
5755
6239
4961
7377
7531
1278
4499
9740
2421
6142
4708
3893
8230
10065
214
2280
4426
4251
8701
5621
3561
1371
9745
6584
6801
3080
9041
4468
5434
6030
9831
342
5606
6662
4435
10579
5224
8766
10928
7327
4951
7178
10857
8481
6518
4031
8789
2428
2381
642
5006
10847
7610
9668
8621
476
9009
3208
3874
8284
4476
7088
3216
1648
5779
3905
1332
5726
10913
2538
10132
6766
961
3372
6100
758
5321
5621
9837
6042
2686
7509
9183
4484
7150
7013
8150
10391
2290
4698
9361
6706
9648
2914
1437
8552
6585
7371
7439
9510
5338
2032
4070
2236
10757
2199
9998
4015
2519
9878
228
1965
5596
3309
2286
5202
9218
9234
4872
9283
2949
2583
8928
1899
5862
10169
10488
5540
5271
1333
9031
9222
10632
10009
5580
3982
6142
6191
3063
7133
10215
9296
5590
10357
9652
9857
1114
2755
5293
10949
10999
8895
1860
8841
2638
5230
8825
8252
4515
2969
5869
1333
6540
5723
4278
3579
4654
9783
295
6173
3906
9095
9809
1795
8580
3802
2442
1140
1106
1709
2371
6318
2818
3070
1531
5997
8521
4388
10982
436
5042
4879
9631
8720
894
10744
2934
10029
1696
2021
6135
2450
7723
10914
1282
9013
10430
1700
7061
5991
4236
3476
10066
7105
3981
4872
5306
5216
835
2703
10232
2431
8086
3894
347
42
10521
7435
1548
3749
1486
9530
9622
3943
9324
9996
3852
2981
2735
8663
7825
2787
9783
3449
1003
7490
4208
4809
10640
1581
9510
7196
5919
5743
5251
7622
10639
5113
9318
2986
10461
4117
1079
3191
4847
3359
10658
5729
546
8263
4854
6084
7304
5614
10614
4214
9892
2803
9699
2903
5527
10751
2145
3473
8952
4529
426
9698
10974
8083
9762
3103
6037
6960
3625
9959
3776
592
7310
2159
7768
6871
1133
198
4724
9746
6953
3622
4345
10476
8725
6505
584
9028
1871
8680
545
7563
3884
10764
4537
10769
10370
97
10681
2026
4924
6742
3706
10275
3648
2505
2428
5705
654
3123
2381
10262
6213
7913
10898
8730
3237
568
4637
6581
6443
4605
8025
6303
1175
3937
4781
1303
6108
4222
1623
10701
5481
8472
2285
10100
8205
4251
8058
2156
4469
827
1575
5508
1280
4073
8636
804
9457
10796
9819
4067
8462
9445
2114
4096
8112
8938
1163
222
426
5542
4188
8428
9581
2136
5750
232
2490
6619
114
9455
9440
2957
5698
8479
7309
332
4913
10899
9504
3340
6075
10476
8090
10464
3655
10030
8863
4968
9010
4834
6378
211
1965
258
7835
8053
3042
9987
5945
366
1281
6237
8955
3662
8879
10630
10668
4102
9840
7615
643
5386
6977
2139
9411
4799
543
9198
1744
4972
8643
4943
10686
2981
9286
2860
6205
6838
6084
5543
2077
2274
8622
6641
2150
5431
2092
4216
6847
9817
9252
8331
5768
9947
7798
2740
3433
3402
5807
2884
1439
7275
8309
4741
3507
5877
2813
1302
1327
820
6830
3173
8895
10304
5538
4846
296
440
9504
6103
9817
5786
8474
10540
9939
2087
3822
1524
10115
6250
2295
9926
197
1973
6887
3384
4764
10863
9278
6923
3446
4619
415
10463
6077
4483
1295
7215
4835
4497
6133
1032
1864
5529
210
9635
10955
5854
127
8313
8240
5959
5617
4882
3044
2179
9948
6745
7222
6729
789
5352
4828
616
1141
5109
2534
1337
7110
7110
2817
2819
3621
10224
4423
7768
6100
1636
4405
7938
9003
4937
8443
4356
463
1691
333
10050
10478
363
2339
1629
9995
10303
7169
2568
259
6872
4249
8875
1625
2522
7354
4538
3406
8492
4840
1724
3614
96
9013
2209
869
4329
398
4870
10658
362
3613
6839
2567
4207
5371
1996
5455
1927
3725
4649
10966
1081
4575
442
1898
2227
4900
8280
8785
8478
7034
6926
3152
7163
116
8198
7898
10351
4607
2292
5402
4236
4331
5608
2565
1486
6024
10839
4238
1933
8132
4059
8150
9506
9637
10985
5886
2660
5742
7365
7542
8328
1073
6777
9611
2440
10233
2266
9269
1510
6765
1546
8992
6092
10190
760
2306
8095
6571
714
314
3907
9298
3931
5364
3273
2365
1546
2457
2912
5510
10557
6998
10057
2491
10212
7162
2056
1287
4707
9473
5959
6412
3242
5604
5584
3805
6903
6139
4421
1121
3617
10484
4051
3815
10945
2192
7243
1018
3125
10773
8287
5171
7343
4520
2689
791
9
4896
978
9044
8845
3021
5534
4298
5825
8782
6541
9700
2027
8188
8689
1888
943
911
5569
7065
2257
3923
9500
4073
10822
3064
3887
8292
10370
2090
891
8398
1138
6676
10059
2295
2519
8923
6913
4851
346
4585
3828
3133
5205
3094
6826
8445
940
967
4158
5361
8540
6162
10905
4286
4824
8137
9213
5781
1790
3716
5607
4917
10388
959
9065
8010
3043
6255
8647
10683
10677
8200
31
5541
8846
6846
5309
3617
8955
1533
10594
742
1548
10351
5977
1682
3046
9247
8520
7799
6676
7645
468
6904
1793
9629
4625
9447
9106
6113
4965
21
5766
7244
4252
6885
6870
1145
7068
8855
2258
897
1963
8155
766
760
1079
10112
9749
2661
2372
744
5496
1428
6266
6534
8053
6391
10119
8160
9733
8442
8520
9481
5313
1524
8722
8770
4551
8521
9729
4154
7098
5497
9548
2680
8471
3861
3528
2753
10583
463
1701
2881
8855
4676
2982
5726
2190
7664
10313
3142
3092
827
3029
3453
9296
7920
4011
4320
7056
7747
9049
7828
10776
1157
10565
3925
4614
4097
10360
3
3958
7373
10128
4724
3043
281
10369
7912
6435
2077
2720
594
1585
6313
10883
9501
10786
5211
10456
6632
7471
6683
4912
10512
3381
2935
7638
6731
3301
7260
2378
6541
6330
8423
3297
9104
1142
10468
2760
1320
1646
3835
389
9751
1019
2637
3791
704
8998
5808
7818
8948
2218
8182
8800
8474
1842
6770
3273
4533
5293
10841
7461
5038
6266
3767
5601
2866
7861
2409
4556
7391
10593
10254
2685
3833
10714
2580
8664
6091
6409
8065
5768
8772
5079
2899
2022
4813
9240
8478
4418
9970
4256
4922
8398
10546
9786
1002
8567
6003
2200
2036
7785
782
5775
3064
4970
7656
418
5529
9030
9867
924
884
10656
8992
1150
564
5427
8021
9146
9901
8109
4949
10138
9007
8405
6076
7167
2772
8553
4708
10217
6428
10320
2766
346
2259
3680
1632
3365
10464
8934
9951
1975
5488
9046
7174
4394
7684
9992
6302
3951
497
1964
8163
7333
265
9221
3775
7366
7859
8685
5713
7621
10217
6939
9044
8341
9152
1263
336
10760
5554
9122
1763
3871
10698
3177
4166
4950
8501
9687
10022
9223
6180
10092
3788
7663
3689
1125
6888
10913
10312
8937
8756
3676
1858
3626
5808
1366
4944
1751
10183
1058
9983
2846
8435
7724
8540
5477
176
3859
1195
4661
8147
2857
2367
4312
6315
7303
8338
10664
4501
5136
4086
6974
3540
9639
3617
1952
5609
4417
6229
1707
8448
2909
8734
2860
10326
1020
6024
10645
518
4388
9951
847
2289
546
8840
6635
849
2804
10449
7527
6678
10860
7407
5016
5173
5632
4050
3342
3361
3963
7005
5807
4473
4585
10951
7675
6497
3415
9337
2860
3414
1568
2343
2544
4370
4720
780
2186
4307
9737
4251
9610
1342
8999
93
3688
4321
1040
1258
2816
5864
7914
10015
4857
1728
8219
6768
8194
3170
1846
4302
9403
355
482
5523
355
3351
5193
9337
1836
9651
8084
2108
9569
3862
3305
5086
3021
1855
2847
1323
865
1413
1209
3872
7121
6057
7879
5359
1066
5997
5794
3158
10516
3158
1154
5903
8713
8915
4547
9339
1114
8221
855
3769
5230
7944
2688
7303
4443
3535
10226
9423
6571
9541
10023
9470
1239
4513
8815
5241
6749
9927
1234
9307
1991
4175
10682
9941
1714
6944
3405
2678
622
1263
8541
4543
4829
7047
4515
3027
532
1115
10853
2746
2911
1833
5033
5791
524
9152
118
5785
3473
4030
3131
9849
7459
3346
3118
6573
1931
4992
5945
6980
6648
225
4450
10425
1959
693
5613
8905
7497
4456
9710
10240
2790
8835
6567
1256
3783
8165
5360
7445
6608
9333
8793
5386
958
909
4268
9908
10581
8482
2457
5945
6161
6644
9454
8163
5085
52
10648
1884
1986
485
9837
3899
8166
1741
2365
8060
1134
10600
2966
2522
10347
7150
9482
2099
427
2088
9006
10159
3410
3802
8694
10804
700
3798
6779
8056
7166
6006
7200
1730
3609
10064
2981
1964
6800
3586
2641
2175
1132
869
4351
4179
2171
8727
10629
3525
2327
9680
100
7793
5344
9290
10213
4962
6539
8878
3112
6041
3770
10669
9447
9934
3439
5941
10960
7901
3987
3658
3985
7319
1350
7670
4183
995
7745
4903
5800
7807
1477
7818
4673
5195
8890
9254
2395
10547
560
4031
6328
8095
8017
4846
6269
8231
8888
1698
7895
2960
4931
4503
2784
1768
2150
641
3751
5216
3267
6125
7198
2228
7045
8743
7673
10489
8209
1538
1135
3025
9680
261
3339
2217
8563
4546
2890
6587
9436
2400
1599
6120
9353
6440
4587
2274
9368
853
9482
7408
6422
6592
1936
274
7334
8505
7020
3049
8120
3943
6153
8221
10694
10807
2964
10512
515
5042
10755
10512
10548
9750
5302
6311
7543
8118
8860
9104
8075
10135
7977
8865
8071
3988
4848
8645
7052
4954
4602
10068
317
7299
6219
7783
3728
4557
2124
7101
5344
3483
8638
8731
8245
2861
5897
3036
5327
5513
8745
2669
5014
8394
2368
10131
9565
6779
3831
1650
7176
2262
7605
2912
4836
2836
9841
4683
7281
9580
7254
4118
10757
652
7343
1136
6476
6419
2895
8895
9628
8836
500
3843
3628
3115
6570
8725
2168
9695
2742
5297
6178
3941
2468
5576
3467
10916
8767
3664
7146
4396
4377
8875
7603
2151
3837
3673
9419
4823
7250
10806
3870
7353
2734
10975
214
4341
9632
5878
1012
6870
2056
559
3956
8232
5111
2684
8246
415
1141
8901
7326
7432
382
4436
9296
1939
7698
7270
9809
6411
5993
9811
3397
231
6646
662
10711
8260
7235
9803
9584
1782
9685
10819
5111
5596
4085
309
5671
3884
1568
7422
7945
1489
5889
2044
4033
5693
211
3708
3505
5796
3149
4243
5736
5734
1912
3656
2558
5351
390
5243
6804
2716
10892
2642
9725
6602
2346
6871
9091
1837
1041
6355
4330
7195
1253
4087
1140
3788
10836
10432
602
8234
5199
9046
1474
7006
8918
7258
1458
236
6994
7662
9528
9674
3437
6456
5312
9914
1325
8624
9593
4517
5905
395
5294
8257
5500
2448
7019
2283
2935
5921
7427
5196
10635
1702
6520
8834
4914
10030
7268
10452
1987
9786
3028
4074
8125
5294
7095
6602
7390
6188
6528
8168
8756
5050
6139
10447
1715
10092
6214
3321
4016
7606
7489
8148
3538
10987
1864
5471
829
361
8577
6077
4625
92
3312
2344
2696
9153
4796
1798
10226
4050
5563
6400
8268
7989
4849
6353
3156
7685
5288
5806
6442
717
1826
5427
6368
2517
4326
10020
1006
5088
1940
7341
5548
9989
9841
4919
4950
6830
10772
5663
9588
4440
179
3332
2890
609
10222
2326
10028
3785
3932
1625
1843
5353
5203
3036
8379
1239
1628
10568
6054
7620
3585
1442
6939
2740
1214
9537
358
9176
6916
2805
10589
3408
5137
9275
1519
7792
9305
1518
7051
8810
7456
8465
3512
3281
613
7798
633
1050
1434
3513
2266
4063
7327
2811
2581
2487
3064
10572
7095
5321
4512
10844
8998
10699
8242
8478
3881
4812
6411
7534
6612
117
1479
5568
7268
5388
510
6154
868
10650
4560
7405
10248
3027
7066
5685
4682
10383
5625
8104
9244
7891
77
2611
1994
1319
4903
8148
3737
1011
513
3019
9873
8118
1537
5941
7281
7378
2908
7990
9295
2676
10366
927
6595
4585
5667
7327
7502
3933
9704
3024
1286
10408
7603
10685
416
6488
680
7222
8561
10958
9233
6090
3375
10862
10298
4782
6055
4476
9206
6134
3176
5894
8030
8838
4402
6376
9204
4875
4112
6746
10102
5843
10086
5663
3046
5391
2685
1987
4065
3825
194
3818
5328
9461
6167
6566
2716
9152
8214
6256
7808
4587
10510
8526
10326
6750
3806
6362
9863
4400
10680
3468
559
9500
6814
131
7017
5089
9926
8304
3344
8909
6853
4482
2193
999
7016
8051
6151
1875
4878
2472
182
2675
7171
10154
7326
4094
8374
2304
836
6714
5064
4659
10005
8651
3205
5503
2442
9644
1608
4249
3123
6409
8358
8941
10410
1197
1775
3643
5379
8813
3497
3984
3503
2777
6956
3232
814
5561
4064
9203
8744
360
7064
8361
4211
7802
683
5269
8853
2699
8707
6963
8942
2237
8805
3768
6958
4179
10945
2421
7100
10137
10098
7607
9464
1305
8060
8647
6309
5357
4724
27
8267
10873
1914
5350
1567
1730
5694
4622
7802
3187
7656
6558
3183
8031
10939
6113
4487
1038
2373
9907
3276
10826
5239
1304
2551
8295
3952
7163
7175
6270
10985
8779
10499
2794
7938
6978
17
10198
9522
8096
4749
8690
2940
1879
4102
6656
2278
3395
8887
7772
2976
3224
3218
5658
9047
8586
1644
4791
1358
5170
1835
3006
9033
10587
6774
10599
828
3195
4834
1877
9954
6929
2356
6679
8291
6290
7570
6402
2236
8810
451
1500
6296
371
2488
6543
3541
5830
10536
1736
1993
5789
10847
6042
2727
7691
6014
2745
3917
3946
8924
6910
969
6974
9313
2450
98
7251
9714
5752
6877
5940
7515
1339
4627
6449
3424
5169
5505
5422
4092
7518
6085
2684
2655
10041
5788
10057
3709
9970
10453
7050
9309
9865
10047
4902
796
6385
2569
4068
3530
7423
991
8552
9601
7359
8544
6442
5636
1068
4554
5485
3455
2721
8320
6941
2069
7079
9521
7982
7759
4774
8006
1424
6135
5222
708
1702
2284
8741
3165
8096
4096
5746
8802
2096
6534
593
8204
9177
10392
1903
6469
1296
1810
9166
1085
3168
1504
2413
1775
7031
3118
6512
999
2794
3930
2379
5916
8333
3638
4713
10252
7203
205
8401
7727
5336
4581
5312
2987
3972
9321
2119
4605
6130
1516
3622
4478
4381
2825
1995
2705
10712
8843
10002
2922
9905
3118
3052
9294
6605
5173
2554
9024
9198
744
2500
3134
9406
10102
10948
9989
10381
5233
3950
5806
1182
9492
3509
7725
7134
9730
10518
1931
6295
350
8791
8916
3230
10203
5978
5529
3354
10944
7979
2855
7950
3714
6137
5075
9969
8743
2138
10726
7122
10355
6343
1706
9656
1177
6911
542
3642
6458
1272
3039
4684
7865
4596
9689
1504
6973
9450
3927
2434
1239
2316
5163
6004
5188
1843
6370
551
4909
5164
329
1187
7613
10004
9944
5654
1161
704
2441
4028
2202
942
1554
3800
9816
3252
10269
9897
3269
5193
1778
5830
549
8328
6903
3826
893
9023
8200
8565
5011
7839
9147
3004
8407
5679
5140
8416
2124
7935
3009
9834
3728
3054
9699
8313
2525
9905
1736
2252
8887
7524
6294
444
9399
4464
498
7784
1453
3662
7396
314
5967
9605
3561
7010
5595
6322
3056
4533
3366
5365
7750
5851
10976
2889
721
9474
8911
2978
5374
6328
8209
5884
3700
1307
6409
475
800
9126
3382
5327
6504
9760
9049
6819
4279
6078
3
8802
1474
3514
3574
5976
314
7178
3340
2364
4920
7029
5685
9447
2248
9528
4544
1883
4070
576
9918
6506
4651
2308
7219
4982
9281
1385
7576
239
4385
10713
3750
2944
2049
4744
2768
9061
495
2934
5966
2542
695
9033
6339
966
10220
3637
1351
8200
8214
6155
2381
3824
6273
8385
1768
2447
9058
9051
2067
3232
5287
4000
6456
10245
10045
2287
200
8076
2414
4197
9080
10670
2402
4157
7435
6236
1412
4413
164
7354
7128
2998
9622
8995
1948
6454
8862
5112
1258
1306
8944
6742
2909
8224
10629
4277
5582
8609
4495
8732
1272
8033
3799
4140
9385
8102
4652
4700
2971
4341
3755
10398
2840
0
890
10598
6862
4769
6454
3342
1350
4782
8935
3752
7272
8770
367
2093
6011
9827
2509
954
9178
1981
2109
6362
5526
8097
4768
7317
4748
2117
1918
9436
4322
10900
9198
9709
10786
2138
2607
8040
9328
10466
528
3817
817
3041
6657
129
7372
8688
1641
7140
1160
3290
5494
33
1381
9670
3441
325
5617
10853
4459
2191
4423
395
3773
10999
2846
8583
2191
115
4724
4706
4324
5238
10773
344
2218
4385
7967
9858
7789
3720
4272
9606
6182
4308
2770
9696
7239
2462
8723
4822
8776
8853
10394
4294
10206
7095
3708
8945
7213
2548
10800
1610
5160
3099
8740
2168
1621
9643
10534
1289
7583
5804
684
2607
9766
70
10912
3782
3377
8360
7313
3042
2543
3262
6437
1436
1267
318
9573
8580
6890
4948
8729
5296
590
10609
10863
4213
6191
8478
148
5532
97
5728
3586
984
6353
1135
9483
8378
6094
2661
3217
1278
8192
10425
5166
5274
3320
745
5168
7936
8094
10977
7713
2022
1328
9576
2653
7635
4185
3587
7083
1494
3868
9840
5206
10237
4607
8671
8188
5955
9363
3047
8907
8398
7100
1799
7974
8352
2483
6776
3418
6595
6969
1117
863
8158
8388
3427
10027
9588
680
9095
1482
5561
224
4616
8504
7131
10465
9574
2470
3342
741
2311
7264
9173
2365
6444
6522
4166
4009
4721
3709
3475
14
5230
1156
8895
4525
5515
2759
11000
3334
7929
10027
564
9870
1395
1166
9586
1981
10881
5758
8754
4109
5730
6267
6860
241
9817
3279
1273
3959
4306
2906
9496
66
9419
8887
4252
4693
5420
3374
10801
58
5049
6916
5344
5443
10383
8081
298
363
6032
9869
10325
10921
4208
6481
808
3765
2520
8185
10299
2104
2182
8414
4436
10049
9136
7108
2510
4844
716
5619
6811
7680
5099
2437
9715
10597
5508
7722
8367
3282
9468
3847
2730
9007
6665
7231
7738
8149
550
4369
6990
2920
9132
6798
8441
4059
2762
5784
6459
2896
10662
10504
1537
4260
6513
6337
2027
7198
9219
5700
3759
417
10021
7191
4360
3666
6612
7151
5714
5212
4861
180
2674
3393
4317
736
6357
3566
1989
39
2122
4948
2603
1638
8400
7150
2145
4178
2709
1070
2851
2704
2190
4291
6708
5127
755
5298
3201
5775
5016
5984
8808
9253
1526
2139
4726
1660
2881
993
9346
10932
9354
2034
1695
6392
10177
5392
8270
10919
1710
3394
131
9097
6502
6105
9603
10948
7825
8321
1931
3957
2534
7391
726
8553
9492
1955
6944
10488
2133
7443
8194
8543
8449
3024
5497
9161
8018
3228
1287
1707
549
9830
5347
7479
4527
7822
5789
2507
1962
9283
8931
8642
9572
167
250
6425
5030
6578
9118
8232
7126
9167
4318
8373
1558
10215
5423
6523
9561
7701
2584
7039
10822
7371
772
8222
4839
199
3264
3595
2683
8729
1506
10347
6119
3843
1272
8019
680
9332
1641
3777
1298
8307
9950
1571
7104
1066
571
4926
8454
10134
6992
9784
4502
8362
2373
949
4638
3521
10361
10057
3208
4140
7996
9659
6925
498
3725
8400
9236
6734
3965
9434
5118
1584
10617
7242
4914
613
5188
7246
8645
837
735
694
3982
1296
9451
4017
2770
6615
829
7160
7745
4812
2956
6598
3248
4781
5558
4644
8256
153
10693
10817
6518
8371
3899
6916
1260
9265
9768
9374
2683
4904
5451
7278
3029
553
200
7246
568
2552
6038
5297
2798
3278
2790
3498
3160
3960
5999
4597
8044
691
2161
2230
948
3148
483
10289
9437
7772
8009
4882
1878
349
9592
9168
2782
10224
5613
7877
10950
7098
6414
3263
7853
4379
9616
7506
1288
7561
2847
5720
6817
6255
2227
2464
9971
10510
9428
5193
1099
8992
10488
7075
7
7273
4910
6220
3531
9256
4091
3584
4153
9521
2175
2534
8422
5692
2894
4394
4995
6779
3415
6496
10615
5451
10945
7785
3666
4869
1505
2873
8355
8772
6730
1497
4202
372
8233
3898
528
5533
632
2453
5605
2276
266
1901
246
4933
758
4142
3534
2844
5189
5913
3495
1450
1406
960
4008
8928
7551
1948
7108
2133
2820
1823
3408
999
4726
5537
4573
9669
2967
7091
1929
8178
2226
6973
9925
6033
7921
9260
3444
2218
2955
8698
458
8470
9132
8890
3418
3672
9736
10624
6206
5644
2280
228
5822
2561
9723
4968
2339
1705
4261
4771
5166
6777
5862
2267
1481
7979
5800
117
9655
2970
5568
3223
5061
7554
9220
8633
5140
1511
1658
2071
4274
8451
7039
2940
9640
8618
6582
1700
3997
10169
5167
1043
592
1182
5282
5039
1009
10605
5965
10596
9927
10959
5565
3799
6504
1065
853
9157
10508
3590
10265
1036
7240
4284
2876
1896
312
5245
3651
8860
7247
1003
5798
1114
5757
3924
8160
10972
5813
8733
4283
9181
5511
4811
10137
444
5109
9466
5707
4302
8039
2572
8500
2816
6377
9406
3823
5053
3764
417
2255
8507
1283
6233
4695
2754
5836
110
3898
7558
7327
6961
4283
4213
4334
1676
411
10353
2712
8063
7599
554
654
6407
7754
2606
9956
4160
3849
853
7815
10182
7213
2940
4655
1572
5602
4085
7799
6776
6471
6069
3924
6390
8577
8246
9391
4642
5460
4666
6511
5047
6513
5882
2112
7153
305
839
9405
6029
10695
10253
1643
5092
3693
1644
2307
3430
4311
1119
1193
6641
9791
9603
8092
9928
6743
2861
8917
8211
7068
7961
2855
9914
528
2016
1332
118
5853
614
9791
10285
9522
4063
2490
9521
5820
5434
7247
9416
2616
8909
3378
10367
9696
6917
5396
4814
5524
5589
2025
7312
10050
5033
9502
6992
1077
5351
7519
2690
3959
632
7927
8696
6076
1105
2676
1088
5448
6889
9759
4326
10841
9727
267
7687
5850
3117
6966
5142
3497
6173
7563
9217
7150
3148
1277
5393
415
10946
3383
3969
809
1012
4066
2451
10350
8858
1482
9079
4030
6162
5
9135
8033
2655
7025
6327
4137
8641
6658
3060
5758
9508
7386
4632
4936
1289
10966
10289
3337
4877
2613
1970
900
8374
1616
2979
10724
5359
10899
6880
9515
9566
8251
1989
779
7036
8234
9155
8189
4108
9051
1914
3979
1147
2110
3120
9689
6232
6721
1569
3826
8567
544
5952
9600
2648
3319
3230
3442
3082
3722
5125
8406
7726
10577
7394
4871
3605
10722
9495
2347
8296
4090
6850
6500
5748
8743
6878
8369
981
9179
4129
1888
10535
5056
10811
6555
2558
8744
9506
4683
1591
2272
7423
6140
8720
152
3156
2803
10150
8942
526
240
2040
9355
8985
4941
1341
1718
9962
10925
1942
4428
1181
9063
2487
9131
9720
3920
5801
3242
7172
2276
2603
7963
4532
8115
6515
5975
8964
3568
4278
349
6239
6034
2524
4123
1424
6638
8692
3484
2649
7628
6869
9345
3191
2329
7581
1650
2824
405
7843
3540
6073
4442
2483
8555
2821
261
6447
8720
9830
494
10248
5186
5504
4008
7682
4430
4114
9942
1660
7349
6976
2636
5666
3888
7353
3208
1438
5664
3429
2025
5334
3577
1343
7306
8117
9992
1655
10797
7143
4012
6206
6148
8253
8327
1746
3419
10590
9865
7285
9032
2238
2936
2562
4505
5100
949
2695
3451
1512
8271
3598
2411
5483
99
1567
1716
1441
3621
258
9925
3301
1742
1992
10118
5910
293
8021
3246
4056
4312
9933
8874
5716
8246
2673
3380
6993
4459
884
8640
6198
10948
4733
6926
10258
7767
2002
1550
1484
8079
6302
689
8324
10851
2126
4858
5347
3750
8137
1509
3329
1374
1573
6526
5962
3923
6350
3125
1074
901
3779
3276
10043
6678
10637
1513
6828
533
7250
1935
5699
6619
2393
1265
77
5646
7001
9962
9670
4270
2752
8241
8206
5045
6695
3181
148
1418
6278
4327
8494
7575
10528
402
4526
9830
3605
3273
6733
5899
7947
5239
10099
2213
1643
2918
7593
3356
8431
3958
9497
2635
2539
2589
1114
1134
1278
1051
7204
8208
4551
4448
6498
7699
1659
8322
8562
10213
768
190
7023
7864
1072
1817
2936
2166
2032
3876
7822
1068
6555
1269
9759
4412
6090
4833
5050
3489
6438
10623
5333
7722
2717
7902
6044
9565
366
391
3998
4066
6336
1624
8535
2968
9225
6222
5683
9783
6807
354
2558
7457
10277
9879
5264
4951
10960
10889
9905
3361
7141
4982
7988
5131
926
2403
4170
158
1548
8075
2066
5
4465
7812
5501
2958
105
4099
4171
4753
4374
1508
316
1683
9116
5194
1352
1716
3074
10414
8821
4793
10112
198
2761
3467
2781
2865
6379
3169
8943
9217
9887
22
2485
5817
1115
5499
9510
1191
2149
4313
6994
8842
8809
3802
9418
5644
86
7077
827
2387
825
3201
791
6352
1487
3382
5413
7665
3605
9859
7271
968
10549
9233
4074
431
7723
7246
7586
1968
2327
4733
10186
8492
9471
5865
369
8160
1245
4630
10999
10185
9974
375
3262
10251
6820
3911
4998
2202
7825
5879
2475
1094
5598
4120
2314
8779
1925
814
4778
9422
8642
2890
4266
9515
5601
2631
10422
4096
9790
3843
7849
4025
1266
2197
8895
6452
3459
10203
6977
7002
6915
9224
7638
8738
1275
1289
3926
3557
9286
2465
6785
9357
5145
6695
6465
5955
3227
7228
7118
8804
6728
6542
3707
858
1417
2529
4038
10766
10635
6685
5732
5922
8103
8143
5694
6056
3254
2619
7444
10249
2858
6163
6330
7778
4310
2941
9482
8734
5904
1095
5838
1271
8412
4838
5709
6880
9326
3007
3794
8903
8664
9132
1378
10056
7617
9115
3657
2976
7589
4246
5394
8804
3658
4616
2256
3123
5749
7187
6443
1700
5844
10608
1144
10901
151
10530
1342
10811
8093
4520
2221
7599
1349
645
2809
7885
3571
6884
79
8442
8150
10183
6776
3366
7217
6958
2257
2481
1148
10053
9686
3770
9187
4635
305
4308
380
9106
8421
7134
9854
9094
7912
10395
5053
2512
5792
7382
1512
7138
4254
2090
599
559
7321
6481
9537
7590
10587
10376
3623
5370
1395
9055
3241
5347
3649
4533
248
4752
10708
727
10216
6729
612
5429
10159
10749
8727
5363
4019
504
4629
2773
6250
659
6245
10144
10123
7253
3987
6460
3119
5535
1783
9256
5010
3359
9965
2790
10814
2567
110
2233
5009
6680
10190
5705
30
10023
568
10854
3286
9903
1253
10169
4796
4800
7634
4637
4523
9048
10086
4903
8213
10990
5383
8403
524
5823
6179
7408
9528
10043
5663
8840
8204
6333
5908
10624
2668
6717
7760
6363
10372
429
9332
859
7929
4706
8286
4788
5701
1108
5387
9170
6089
5701
10473
3580
3492
8610
3690
632
1582
646
2464
149
8887
7888
2863
6032
5139
9216
6017
2240
2545
387
3547
3884
2514
9867
2143
3356
2558
7837
142
2304
1515
5859
10812
596
1020
7181
4901
935
2934
2172
6555
972
8754
10179
7913
4674
909
5150
4352
10535
3712
1415
423
2708
8624
8865
10909
8353
10654
8354
4133
10872
9346
6527
2267
7604
3393
8566
7345
790
5460
6225
9011
8290
9109
2383
9932
324
6723
4863
10711
1454
8075
5978
4720
6018
1679
2769
5255
243
798
1670
9026
8384
7754
883
9868
7720
8661
5142
3143
1168
938
7925
4564
6728
5992
7309
6107
7371
6519
7584
10357
8329
4096
7485
6519
9082
7687
6672
4245
1602
3562
7064
800
2154
7953
82
7381
8235
9168
5911
5323
1009
8424
2035
1053
7628
2528
9789
4239
2841
7803
10815
4068
3217
5197
2549
1526
2661
10108
2197
10215
3256
4556
413
4564
10779
901
458
5459
5544
2280
5168
3569
2101
1786
8280
3726
6312
10164
8301
2784
268
4690
1642
10523
2988
3333
711
1318
3491
7919
9254
10948
8624
2179
4565
10375
6570
2372
8807
6630
5810
8038
10162
7063
7149
7804
2303
7803
60
6433
2003
1748
3923
2595
5601
3917
7577
7822
4103
1583
4574
2780
2666
3425
9203
2648
4269
5885
7790
969
2256
5325
3980
5447
10268
5543
261
5131
4731
10441
10989
9680
5586
5379
3652
5809
4921
6457
9141
10767
4108
116
6987
2017
5324
3084
5637
841
3995
3751
9148
10167
5591
524
630
8211
2261
7700
1634
9769
996
10896
10251
7427
7456
3734
5785
1
618
4690
9184
1626
255
10018
7194
59
5373
10205
7638
8042
4541
759
5507
7898
1895
7393
3249
7620
10371
81
7440
5104
4332
2476
10792
7779
4345
10079
10495
10463
5976
4459
3360
9272
9202
243
4779
2243
10322
3489
5376
5210
5377
4887
2501
7337
2674
4825
9893
7377
7616
3829
10435
365
7218
1840
733
9297
1104
10809
6126
5335
9874
2022
10815
8963
1370
10632
122
1444
5176
8153
9360
10411
5403
4083
4695
7036
1264
6808
9864
545
9466
8471
5392
6842
560
5624
1725
6260
7859
5153
9230
8289
4924
2132
453
716
4683
1797
4029
10559
1243
5413
7060
445
879
8327
4941
3881
740
800
7963
8785
4533
8792
9614
4193
10204
3626
7968
8476
9891
671
5929
3819
4321
611
10457
5355
5950
10824
6273
10212
8490
9716
3564
9760
7952
9268
9742
3679
8145
4810
3313
8689
7116
2172
3643
6749
6813
8961
2801
8289
7193
7924
203
5402
9845
5161
7155
2032
4814
4963
7570
6041
1488
1225
6352
2971
6524
6143
5896
10555
9431
6176
6362
10414
426
10122
438
4033
788
7948
1047
572
8361
854
8060
5082
7957
4492
2204
10228
7289
347
5787
952
7194
3764
4385
1038
8504
1341
8707
6361
6959
3322
4566
10684
6423
5598
1153
7561
6428
7204
7154
3350
497
7818
9037
5580
8687
5552
7627
10310
3655
1635
8049
3106
4277
2497
691
9042
7019
1784
9436
8529
9121
4761
1261
3395
3797
1078
9377
1712
5556
9355
9753
9996
7545
1602
4088
2395
6365
2656
5124
7022
7480
7516
9525
5545
9000
1140
6577
8223
6889
8674
9309
2554
6418
10330
4047
2207
67
5602
9355
6245
8016
6289
10422
3755
6498
10032
7971
10939
7741
8483
6531
288
1374
4852
9075
322
9855
8827
2421
1797
2280
3242
3774
333
389
10165
10558
8505
2075
5922
3587
4416
10512
2641
1771
5612
7100
500
1069
1332
4106
10507
6568
9087
7094
2117
6172
6634
108
6853
1550
5156
7662
8488
1748
5324
54
4002
8697
10474
5722
5683
5455
8521
3606
10693
7739
2719
4571
733
8146
190
3395
8892
10766
8244
3221
2988
6960
2051
7017
6716
8551
8256
734
2816
2621
10376
4882
3790
8688
1101
3353
9256
3379
5998
8913
9523
3188
10096
3276
9952
380
3374
9742
3852
8019
5964
3345
2276
10115
6269
194
3458
1784
8028
2058
5157
9596
4638
2927
8207
9862
9788
6309
8386
5297
8234
8017
310
8792
10960
3372
535
10261
3229
4111
4593
1244
6448
1185
7798
4182
7271
4245
7908
7125
3120
8275
1051
9029
5955
7737
5852
5726
9084
1627
7521
3824
2904
1768
8468
4141
9133
5999
8718
9970
4329
5640
6085
6689
8000
3372
5900
6805
3365
2563
7317
8262
3326
5099
1301
2398
7112
4064
10260
5287
6470
6219
6121
5516
8210
8256
875
10554
7427
1402
4535
9390
10390
4422
3431
5001
6199
2764
5118
10583
7606
4821
60
7715
3279
939
6319
5183
4334
3186
5638
5184
2754
2012
5136
3981
5645
1847
1279
8258
5092
1139
3953
8333
5167
4455
8050
8628
4667
593
486
4255
4937
4591
1866
2224
703
6220
2620
659
747
5613
2961
1083
2692
4993
3733
97
9697
10179
1302
7738
8867
7730
590
388
6063
3711
6143
2712
5396
4394
8045
1277
6727
4296
9760
8137
4906
3064
9641
1156
9558
858
5423
10165
8379
6946
1911
10906
7650
5708
7520
10436
6062
3426
631
892
4509
8585
1330
3458
9149
10520
6891
1403
7108
2626
3752
3032
8306
4779
962
10477
7597
8428
2016
10124
6665
6886
4723
4537
5209
4621
8610
9257
7723
2053
4705
8226
1180
7798
685
1717
1388
3050
1373
10212
682
9418
2833
4907
2536
9522
9841
2658
5574
6341
256
4080
4824
6508
8128
177
7328
9918
4607
1545
6551
6279
1655
1971
9250
4156
339
272
1673
9699
1506
4025
4711
8138
4126
5926
2521
3242
10134
3389
6883
3494
7715
10482
1206
9524
1654
6032
1919
8639
832
9774
3348
2883
6522
8837
6591
9113
2014
10752
10787
3231
912
6586
5107
2437
3867
9121
10105
2325
1511
6759
2339
3630
501
4335
6157
9874
2276
10525
7121
5757
2230
7504
3952
10668
2703
5699
9553
6865
8313
10710
954
8059
4141
5343
9022
2663
2005
4017
4598
3881
6817
3046
6556
1773
6998
6928
5129
6212
1615
2442
10970
9316
3945
5167
3000
8947
8286
7061
4541
4920
9855
5819
8993
1809
7573
468
2439
6467
5336
10177
10289
9215
7940
4551
10047
8679
6955
5310
8140
8900
6155
4088
2661
4098
8950
8205
2121
3275
7531
3165
6713
3168
3969
6408
988
7337
9516
5576
9885
7380
7264
9667
5974
8047
10100
4915
5991
4022
4618
7839
4751
2255
4733
10813
1928
5950
391
9192
6975
3113
6601
7661
10518
4206
5727
2194
4053
6214
3904
834
3699
694
6726
7519
3571
2504
8884
1127
2307
9419
9748
6517
8151
10273
8332
6827
2693
9456
6292
3399
8094
3207
1305
9451
8951
9420
6707
7111
8923
10547
9758
6618
5738
9776
928
7637
10266
1818
9921
5342
7049
7394
5730
7040
8152
3517
7974
3486
4491
7412
727
3873
447
818
6331
10625
4129
8281
10024
4314
8753
9847
5305
2921
10674
9572
10748
588
760
8623
9862
10521
10254
191
9737
1782
2265
2500
5585
7139
10132
8574
833
1313
5411
732
5746
7195
4100
9990
1961
7318
6088
5919
945
3818
5097
6012
4376
3874
6658
9341
8456
5727
1833
7169
6798
8787
10079
6779
3976
4447
9668
9829
6919
10371
3224
10966
312
601
459
215
1504
7690
2062
1004
8207
4881
274
8355
5500
2520
10428
1208
2427
10247
6988
6231
3439
5694
690
197
795
8358
2462
1770
2612
756
2470
10226
2797
10753
6472
5855
207
3670
6214
10476
5843
10826
9352
227
1957
3215
3316
1275
5929
680
3964
9441
8699
6015
3614
6037
6499
3275
3724
10558
8006
8183
673
922
6918
165
1479
4939
3975
1924
8865
2381
2990
7438
6950
1834
929
10774
625
1015
6394
1210
9284
2568
2046
2759
8240
1100
8939
8057
4822
3160
4226
6447
6822
9997
1214
9753
4935
865
6886
6581
7918
26
4391
2875
1539
4030
3616
3188
5422
10725
3872
7953
10652
1308
310
678
827
929
5677
7918
4180
9363
8304
2419
2734
5964
1734
10111
1908
5882
5491
4407
4035
3609
3376
2855
5520
7535
618
3712
5086
10043
3525
10050
5068
13
3343
1535
6837
3522
5960
5487
293
441
5851
3402
7182
7343
1189
8480
5416
7992
9087
10662
9282
5568
8329
5585
5853
4209
3369
3205
4139
2534
9091
911
4601
9693
3816
5447
4914
3821
9399
8230
1118
7641
2570
257
6208
6789
10193
1903
1671
6736
259
4462
6577
3473
5394
3624
8693
9021
4559
4295
6500
4496
7838
5924
1364
632
6642
2507
4673
4789
8235
6086
6963
6522
8620
8208
3449
971
5193
3853
6633
10009
805
7827
2847
6522
1957
9779
815
1448
5301
9790
8270
7147
1362
1598
1465
3874
3494
10279
8643
389
8604
6890
566
7299
7622
2068
6245
7277
7558
886
1554
5415
4748
4934
5300
1233
2988
2646
6090
6987
9187
10943
3993
6174
4719
7027
3692
831
10095
10404
5574
2202
8603
7587
6252
343
10023
6661
6523
1162
5201
8697
6968
2736
6067
1858
4477
2567
6059
9007
2266
10132
10285
2490
3947
3693
4029
2398
6837
10643
10383
1680
1516
1673
3674
4386
463
1241
9279
667
2683
3408
5276
8729
9988
441
3205
10284
9507
763
6256
5422
801
3101
3513
8330
6450
5510
8626
6958
5805
2378
1302
7578
5556
6507
3025
5545
3230
8475
5499
1288
3476
5486
2775
3337
3718
7732
1255
2919
4250
3476
2708
7747
2718
6577
2728
8204
9298
903
6207
2562
9541
1316
874
4086
5703
9668
409
9887
9741
2286
9502
10463
7095
4806
4942
83
9951
1883
1141
9235
6418
7725
1834
6069
8826
5612
1649
8234
7197
2093
5007
7900
2128
5763
1045
1188
722
8699
9473
1510
7606
210
7355
3172
2059
8147
9084
1749
6478
2834
8543
4796
2017
4099
6149
4761
9537
144
3416
8571
2817
10801
8281
3469
8368
2301
10710
378
5013
9089
2460
2388
3304
745
8421
2997
2610
10058
742
10403
910
4835
6885
8814
8584
10911
2143
6098
1598
9722
6625
3005
6005
477
1333
3444
192
10019
8854
10617
3074
7694
6649
4308
158
8835
9047
9260
7028
6773
2095
1244
2332
7336
6388
4178
5117
9099
6247
2284
2215
7996
2464
9081
2122
1632
1503
8794
8759
483
3796
4386
2465
9993
4428
8260
5275
3643
10804
3424
3455
8691
4945
5875
3511
54
7934
4706
347
6706
3094
6846
3648
10610
1112
7012
1460
394
716
6376
7729
5269
8424
8379
5324
8533
10961
9348
5695
3641
9978
6782
10469
1168
3979
8613
5821
1528
5068
7557
6979
9750
5201
7648
7362
9819
949
811
5036
7044
10426
5512
8041
8252
6895
6140
10434
888
10437
5588
6624
9346
3696
5719
7888
10272
3184
10201
10215
9006
538
6766
3519
9788
10424
9979
5367
3296
2912
6796
10195
642
4122
8800
1683
6658
6716
769
10933
8160
1050
1340
5365
3920
3397
7242
5101
10276
5799
5698
6258
6078
7896
5258
3988
2188
576
2935
9596
4622
4983
9496
3559
6837
6565
4632
3106
8479
5758
544
5736
10853
3556
8504
1023
7923
8935
10743
6260
2324
1821
7424
10633
223
6537
3713
1256
3145
2239
9701
1660
7753
7832
5207
3701
7961
8398
6481
4053
3899
7681
5370
2978
2359
9608
9291
8856
9408
188
10442
6003
10188
7800
7266
4756
1422
1402
3581
1125
5317
1030
3465
8341
422
10209
4266
1665
9636
482
5771
8947
7619
4905
3156
2557
9658
3334
3623
9833
10486
7710
4373
3473
492
7740
5523
3702
1867
7050
3789
457
9463
2205
669
8449
5385
5599
9423
2832
3388
5597
4015
10248
73
7274
10586
5937
9959
1445
3244
646
6316
1473
3921
6586
9457
1636
101
9050
6349
4348
5951
5052
3824
10804
10713
1927
4626
9567
8776
1376
3252
389
4195
9774
4868
6503
10697
7789
10155
1292
9947
1320
5799
8804
4111
4622
8552
1021
8151
684
8776
3121
1115
3122
7970
8651
7040
3484
2574
714
2141
5276
1209
5583
4899
7276
4497
10768
426
513
10417
2615
736
5722
2277
3079
9833
10805
3986
8364
2226
2921
7652
7669
4739
9675
2498
9161
1187
8869
7612
10190
8022
9245
1614
10061
8580
132
362
8218
8717
4694
7870
2517
4809
986
9361
10429
4694
8358
10609
5500
2328
8770
3656
6360
3669
3924
9093
4115
3453
7447
10589
6108
1161
3677
6993
4808
2008
3169
2874
4969
6527
9391
2375
6664
4223
2639
1872
5478
9633
8052
4735
4439
5427
1692
8744
5942
10900
5387
9854
8982
7364
9712
8554
10497
2760
5564
6239
8461
4658
4649
7038
1028
172
6078
7338
2591
7034
5885
1121
8453
6237
10102
6245
2710
1962
7692
3098
8625
2290
48
7640
8623
808
4992
4581
8550
94
2194
7647
4253
3175
7382
10381
10836
10496
6599
237
2317
8911
6025
3028
8195
17
8024
8381
1937
8252
5373
1968
4857
568
5258
4781
6047
1278
6528
194
4877
6403
3360
1199
7961
3365
946
10376
10461
5950
9197
7910
3702
7896
2870
3202
3247
7816
8641
7574
1377
10252
136
6977
8348
10156
7899
9220
2177
7470
9359
5374
7950
10337
6138
7920
4915
4029
3149
3016
5164
1118
3151
4427
7007
385
2181
6722
5690
7729
10092
5789
10773
9943
10020
4702
4536
6476
10217
4333
9837
2297
479
4215
8544
6052
7581
1892
2870
3451
6101
5601
2436
6848
9266
5204
9750
10286
7545
10009
902
10442
7686
6777
4331
6379
8618
7251
10615
9878
9032
9419
5162
6588
10688
3212
8477
9824
6852
2469
543
3852
5347
10493
7821
6311
1996
3030
9032
7060
7332
7665
7782
6835
604
485
7640
3186
6102
4602
3997
176
6281
6813
5511
153
3068
2095
8275
4174
7529
9373
3921
10699
3667
3083
1513
6080
10570
5012
4661
6741
2144
1720
9026
8707
9315
9011
2929
10877
10340
6210
2941
9020
6522
9202
6303
7938
9161
602
3405
4513
1684
10427
5890
7151
8734
5987
9752
5917
6742
5071
1410
5156
9287
8628
2548
9310
6431
6009
779
9210
4686
2351
1828
4195
7666
10510
6779
1911
1537
569
320
3061
5334
1143
1556
5828
8952
7345
7750
10273
6481
1541
4032
981
6909
4026
8796
9192
2907
5509
6945
8539
7243
6120
7962
6562
1457
8414
3093
4761
1461
5645
2842
5500
6976
7519
127
9669
4914
765
10817
2260
9567
6131
9325
174
454
5763
5253
501
6403
5929
6136
3412
10436
9300
10103
7619
1462
4430
327
4967
5914
2699
1343
5939
6969
3641
4393
539
2729
6964
3362
4621
5855
10489
10819
9062
4592
3739
5805
8055
10560
5929
8503
5774
4870
5088
5422
10870
1221
2344
7167
2779
3503
9175
8339
2423
649
6634
9949
9214
7244
8704
6304
637
549
5453
1436
6010
3631
9040
6891
3739
8753
4050
4
1859
7357
5501
5483
1086
8413
2756
8390
5181
1669
7897
4073
2327
9334
7092
10036
5597
5080
10915
2836
10472
8276
10438
10522
605
729
10122
9790
3169
3347
9766
312
6747
10812
8398
9334
4987
5130
815
8234
10960
7552
10723
3831
6484
2539
891
331
9766
3158
9464
1064
2652
869
5904
7945
5281
8426
3707
2096
9082
3020
7413
1974
7931
17
1864
10981
4221
1794
3738
5327
6196
4428
8715
242
10656
8813
748
467
9353
8591
2446
5963
926
2499
5093
9364
2907
9626
9363
8591
6489
3930
3362
2330
886
1915
7791
871
3214
8733
4960
7124
7196
8300
2870
1311
1191
7704
8885
4458
3162
5571
2565
9286
8417
9834
4127
7689
10832
3527
424
6304
3000
381
5257
4582
7209
8911
9866
6065
6934
104
3162
5878
7507
421
8029
8173
1747
4966
5350
8915
7512
4772
1815
5368
3865
3297
9976
3221
3459
8227
2356
7382
8721
9055
2008
8719
456
7248
5329
6807
3877
1875
3687
10911
7379
8124
8698
3522
10464
8266
8306
4378
6384
6100
5897
4555
7107
5949
9603
2741
1909
8964
7462
1721
8116
10295
1681
5736
3304
4761
8941
4408
897
5024
1160
6591
3098
3085
6058
10546
7845
9763
6455
7443
184
2957
1669
3874
4588
2617
4597
10700
4997
3892
2240
8296
6329
6693
1671
6951
720
4435
8795
9817
9700
9499
2295
8387
545
6191
5036
4071
8790
7957
2436
2218
7400
1923
2265
5719
5387
1898
3324
2904
4917
5798
6264
3956
8158
9103
1915
3391
10359
9256
8769
4752
7527
2713
10675
4577
3501
10635
3758
7192
2419
7053
5058
2544
4867
5941
10181
7636
3237
8474
7836
8503
4350
8866
1862
207
6662
10115
2056
4731
49
3758
630
5
8277
9613
3159
2413
3037
7833
4389
5890
2780
2423
6074
3284
7276
10574
2170
4356
7858
8736
818
6310
2855
9979
9987
10286
240
2543
2152
6773
1789
5693
9301
1479
10946
10762
9752
4811
8384
1015
5608
7951
9503
3361
6517
1987
10838
4143
2383
1398
5086
7398
10732
6889
10833
604
2086
2472
9025
2540
3320
3150
4968
6146
10472
760
1551
6566
10128
846
4786
917
5877
6062
8979
8959
570
3865
5558
4854
7936
6659
982
3961
3426
864
6946
7092
6396
4780
836
5122
7909
9834
2333
3228
9436
8982
2580
3636
9689
5123
9910
102
3006
9411
3686
928
8746
9942
17
160
9981
1532
5337
1193
3723
1842
9133
2887
8816
1568
2768
7849
9747
1107
5327
6958
7986
8977
1073
5909
7863
2109
8197
7648
5241
6703
2710
8727
2029
3820
9192
10072
4048
10938
7504
7593
59
8775
5952
6404
7380
9635
6596
420
304
9069
7454
3188
8489
8545
7313
5509
9316
2957
8410
7843
6431
2358
5391
4022
1944
4420
6206
6876
6459
3984
2725
5025
114
1602
5794
7029
7227
1921
10400
10461
4497
6213
7560
10408
3382
2740
1544
1722
9703
10538
389
7263
4555
2667
5952
4354
6676
656
6692
1787
6909
1395
3289
9891
2467
8345
430
10065
3436
9912
4630
2032
2273
5831
9211
2149
2885
2230
2672
2656
3018
7388
10458
1153
9748
4653
8095
2123
10127
4525
10205
3958
766
571
3987
7299
9585
8278
260
8624
4180
1842
4625
3460
3130
56
356
3196
175
9155
450
7645
6136
6033
1051
2753
4736
6969
677
3124
2947
9883
7735
3885
8302
3561
9051
9650
1797
10588
8469
3863
8589
12
7222
861
1
4119
10677
2221
7098
3175
2046
3371
5499
4030
1296
1167
1188
9218
8549
1089
5386
4116
423
5801
10436
2947
989
1956
6675
1774
10280
5663
9205
3812
543
5155
2532
102
8121
7244
10
3839
3998
4763
9794
154
7878
6724
1763
7484
3810
10184
773
5841
7391
4754
7827
9965
2036
5775
1448
5700
5745
1035
584
9481
306
4797
2327
1849
9422
7026
860
2311
8594
1275
4835
1391
3130
3554
8245
10318
1566
2974
5109
9394
3780
5605
5260
10363
2049
10133
7248
7462
8307
5437
2180
7647
10903
3144
3469
4685
5489
172
2149
1278
9268
8519
2215
2761
1935
6955
2985
10910
2248
4834
477
7224
6415
2481
4064
3302
2573
1432
3612
9716
5822
8113
529
7689
7887
495
8798
6212
10012
8434
709
2168
8864
7468
4870
9946
9217
9717
9088
6604
6872
2976
10149
506
4423
3536
5643
2070
6913
542
612
7408
8020
9824
10447
6696
10728
1929
6213
1193
10804
5147
6738
6778
6385
6596
1718
4350
6762
5865
8199
3290
6531
2225
5958
4763
7451
4271
2844
36
7293
15
3793
5694
4851
6161
7560
4803
542
5554
3665
9610
7094
7957
1082
8563
7364
6725
4914
251
2857
5126
10622
4315
656
6871
4039
8747
7476
7927
2965
8656
619
4030
4989
7662
4130
10378
5439
8456
7186
4588
4074
9994
5220
1360
9073
6682
9653
5837
10116
6078
7242
2789
4121
4397
9012
1009
3344
5531
892
5732
2009
2574
3040
6504
8478
8305
2104
10000
2326
6163
9899
6711
10830
1232
7740
1684
8259
6303
6065
5395
8717
824
3571
713
1480
6976
8774
5044
8121
9695
7036
3767
3813
4084
9015
2068
875
2458
2289
1520
10029
1795
7443
3519
2275
8952
10818
6965
10801
1651
3207
8931
2683
2662
9821
2737
9146
10584
9664
6182
5317
9627
3719
3660
8942
9221
9790
2969
8848
600
3621
2560
10309
6849
3181
4590
10314
9458
8501
4745
2157
8726
10917
8778
7040
2564
1134
1295
3821
3394
7376
10362
10995
7670
4598
4251
4074
7228
1933
1055
1742
669
1114
1639
8416
89
2522
1448
8341
1906
1006
7232
6544
1769
10857
9710
9353
4757
356
4452
4834
7518
5128
6227
1843
8368
6878
2563
9130
5161
3132
9007
40
3656
5835
10859
1677
6785
6971
6223
3222
7381
6473
4785
8306
6677
9392
7381
9638
6071
145
1439
1040
515
912
4978
5211
4667
9462
2113
1413
8582
1556
7743
10476
1938
10938
7459
6959
1211
7936
5052
1966
3046
9643
9685
689
5956
6512
1284
298
10305
1685
7273
10065
10879
3080
1393
1171
6596
6455
2402
3977
1398
10590
7248
7750
10251
6846
3410
9687
7490
7718
6233
1083
5957
8197
8050
3189
9762
2023
6051
9597
3243
6203
4387
4469
1410
7236
9560
8806
5701
9384
3035
10070
4786
9177
10889
7480
10095
8327
6418
5335
8463
70
6277
7542
10783
9088
10897
7134
10893
10823
5306
4231
1993
4687
2038
10605
1217
3495
965
6817
2644
10693
7145
1896
1921
3635
1082
1541
6374
10429
4735
2058
704
6922
3732
5828
912
3934
1352
5204
6332
497
2569
3032
6357
6177
7943
3152
10092
3516
6514
1175
3003
3297
4273
7777
8437
5061
7444
3708
5018
1872
2358
6420
8268
10661
994
5852
5649
5065
6310
8829
1395
8067
427
10049
131
1573
2655
3431
9510
9438
3869
6327
3470
8887
6830
5979
8803
4948
4695
4731
3561
3636
4582
10362
8554
7301
4313
9523
4409
5075
2262
2685
22
6097
6865
3212
964
5160
8241
841
7861
7373
2405
1584
2877
10643
243
9484
5952
7067
37
5972
9831
7984
10785
4662
5731
6644
5797
4225
7550
856
8954
8150
9160
4757
4205
9341
7886
136
4678
5374
9990
7187
6287
10208
10427
3531
10505
1124
7027
4370
5635
1101
7483
5529
5742
2366
7486
4058
6189
2743
155
2070
7208
6307
9097
7742
96
10777
8630
451
5816
940
5331
5964
3615
8395
1164
7209
10021
3090
7220
301
1987
6323
8151
6242
6080
8297
1227
6358
6868
6402
9376
3908
858
8330
5143
4
6935
5623
9044
2284
5609
7167
10604
2089
10585
8263
10646
10638
666
6862
9125
6971
7832
1598
617
4488
1069
2930
5385
10373
9339
6510
4729
1785
3692
3009
7924
3365
2507
7920
6621
6226
9731
7276
6940
860
3472
2161
1412
9397
8394
3904
7449
10085
3419
1686
9873
8501
1966
9011
420
5893
4752
6624
1850
5814
1271
10185
8307
3466
10229
394
10616
7677
3454
6941
9116
7755
9013
3358
769
5418
2152
3559
5021
7629
6029
3096
1336
4191
8189
9630
2726
8076
10045
7720
4207
8398
10023
6420
8777
10413
4456
8574
2049
8990
3718
6728
9275
756
7893
5940
6817
4509
4721
8957
3191
6264
10950
474
67
553
6696
1672
699
3336
2258
8087
6529
1392
9107
10138
4425
6637
409
4844
1319
10252
8133
8181
9143
4234
10893
9919
2768
287
9218
6068
784
8078
5987
2712
718
2591
2768
3505
6969
7947
9786
6539
9400
1278
8091
8716
7828
5768
1307
1419
3820
9283
2774
854
1010
5591
6527
4787
9264
4804
7170
9494
10808
6029
2165
4281
4124
2946
4825
9356
6330
6469
1708
3978
9319
3460
4830
1077
4361
7823
2872
8171
5502
4156
10690
4933
2264
8617
6677
1135
2624
8066
1386
8419
4579
3969
3880
3488
5859
10640
1961
10596
1561
1832
887
3954
664
3900
6497
10511
9463
1719
5009
3457
5411
9326
9561
7194
5086
5957
10717
10231
1254
9602
4344
156
7332
339
2862
9632
9038
1692
2523
26
9350
7404
360
6496
3777
2079
7866
6587
1040
7596
7719
6662
4695
10826
6081
3751
5616
7890
1059
9822
7194
993
2596
1201
5152
7893
7597
1425
2621
5111
8973
8755
7732
8040
3114
6306
5184
9754
9555
947
5905
3059
9521
2177
6477
8295
5227
2874
45
2008
5125
4061
3565
5062
4637
7180
9644
1934
2335
8558
4337
5467
473
2011
4821
7085
4278
3591
864
2690
3507
1269
639
2412
6804
9566
4934
6011
9481
5620
7341
6230
2589
2858
7810
8549
1976
9513
1315
3267
1020
3885
1985
10968
9790
2188
7021
1071
6952
6753
5442
1854
3238
3309
3480
3046
7014
374
7876
1951
10199
10636
5915
6284
685
472
3459
7763
6334
9167
9339
9143
3301
10598
655
6731
10646
1632
7423
2054
1997
6500
2653
768
516
1387
976
8991
7120
6050
6199
8509
9389
5337
7484
1752
788
9399
834
5901
10606
8535
6376
9797
636
4401
6792
6240
2911
3745
4132
992
6099
3526
3221
9220
10656
3091
195
9924
5181
4495
8467
7705
1991
5491
136
9794
7858
4681
8199
995
134
6934
9548
3748
10421
328
3351
6701
3352
922
4500
10740
2556
1106
2168
2265
2630
8290
6294
3052
10539
9872
3088
6750
4339
6673
3685
1542
5828
6841
9073
805
6085
1920
1853
6195
184
2279
67
10972
7723
7655
4576
8978
8040
6898
1897
6212
8784
8826
10039
5731
7502
1074
6111
7726
1914
4530
9389
2745
4649
8193
10651
904
5481
2982
7468
8046
9435
1962
1639
8512
7393
6890
8526
4356
7477
8729
10503
7936
556
2872
2666
119
3524
10814
7977
3438
4804
3500
2436
5323
6187
8254
8367
1482
3667
2290
2288
872
7143
10928
9123
4699
5985
4549
9536
2339
2073
10784
3220
5749
10640
2310
6777
7527
9954
9695
7637
2869
3783
1996
3108
2056
2248
10843
4302
10449
9427
3625
9657
758
626
5217
9008
7071
5738
78
4253
7681
669
10944
8045
5285
3063
4009
2754
1259
1585
1734
10474
9785
7117
6648
8931
5244
8596
3476
7521
4569
716
2415
10216
6811
1195
10557
5534
5685
644
4497
7356
7457
10073
5491
5456
124
2640
10258
6429
8343
839
2471
3193
2715
3674
10449
867
8692
8535
9606
7058
2483
9389
3877
4967
10261
5830
5124
4129
486
9011
1702
6222
9995
1042
9483
1577
7323
1663
1771
547
8244
4939
4372
5114
9778
2411
7937
10099
9422
9423
1232
5231
5950
5378
6589
2055
435
10209
2690
1680
10356
9878
4941
7459
2100
4279
5256
2256
9652
8634
7065
6420
1595
10189
2755
1470
7202
10020
727
9568
4293
3271
8807
3191
5875
7631
1097
2526
6861
833
4064
7156
8512
7153
6438
8498
1643
7163
3117
624
7736
1133
1324
7018
9483
8435
9143
8297
9903
866
5579
8394
4545
1243
9245
7898
940
6003
4078
8594
1175
5695
243
9166
9284
1172
241
492
5569
8999
4571
8730
7368
9011
7544
2373
2997
1651
5275
9749
8807
9251
10818
6321
4454
5200
4771
6646
7312
3288
8535
10245
7049
4347
9622
10276
8916
6781
5863
2093
3003
3767
979
158
9275
6265
2386
6675
8760
10262
6418
10178
8231
7136
1499
10508
2613
4966
7937
233
2289
6796
4101
4959
8889
2207
701
10705
2692
10791
5427
2393
967
8907
5170
488
235
3509
3949
8494
6757
4029
8291
2852
10247
9071
8454
6429
1129
7038
5679
7254
6554
8971
7366
9314
10685
10205
10143
5325
1760
8076
100
218
5336
2502
8197
7084
4410
8373
8138
2485
5581
9587
6922
497
1313
8172
5040
9817
3031
7520
2297
1984
6686
9379
1222
7268
8162
8604
9731
3406
6925
2986
10208
7714
9951
6932
6472
6337
9165
6940
6290
1768
2664
5165
7129
4762
4263
8780
6844
2094
7210
345
9590
8065
3196
3241
9622
5339
3577
4470
8351
5987
456
6829
5810
1253
10819
2620
1517
5041
5165
3852
8228
7208
5785
6182
8490
10806
6697
216
7182
6455
2341
2206
9262
9968
4772
4947
804
8008
8782
44
9426
10139
4649
5724
5468
9160
8681
9434
1737
3733
8083
8551
2563
8371
10053
5690
7140
511
10366
490
7594
4704
3183
8162
8453
7219
2976
6504
7941
680
869
10209
10136
6247
6976
7698
7518
10641
6989
10822
4942
4037
4496
1433
6799
8220
7730
