1497
2542
2316
892
730
1279
34
949
1746
2995
2555
848
1991
2170
1788
644
2568
1763
2815
664
2956
2304
1079
1407
290
2640
2875
472
2614
1635
2342
2082
2256
377
1985
2155
974
2055
2885
1454
10
555
2401
2716
2018
2275
439
2387
685
37
1547
160
222
502
2136
868
2494
2421
2066
2247
2806
724
564
2260
1714
946
2288
106
2951
2862
2319
2324
1962
2227
1452
2352
2393
980
1627
2472
504
474
2340
100
1058
255
909
1880
1524
1945
2170
1569
32
638
1911
1946
2797
448
439
2012
1923
41
1819
459
1411
316
2021
1309
2746
2707
1249
346
1574
1550
2591
1127
1890
1344
1270
360
1875
2675
83
1954
83
2289
527
1285
2422
2191
34
496
588
381
61
702
657
1850
963
1719
1088
1792
2860
56
2066
373
2734
2013
459
2671
846
2093
2834
1151
1464
1810
1924
1260
2134
986
469
1961
2222
1570
396
590
1324
2721
2445
762
223
1906
1295
1998
26
2246
1041
2244
1645
2639
616
1842
1262
2408
1490
440
26
2299
1471
1349
2151
2799
1107
973
182
978
937
2778
287
1997
2512
224
795
961
2635
183
865
431
108
408
2166
873
1364
1452
1058
1750
2531
2865
208
2145
1675
2479
2408
1087
2002
2847
820
336
1724
1149
2863
716
130
689
1097
384
898
2902
1945
2700
2985
1039
1343
276
69
354
2392
2377
2196
2273
841
335
1262
547
1333
1684
1173
1256
2315
2772
1371
1776
1089
2850
1389
330
2036
2420
354
2251
117
1933
2727
2040
1964
1715
1654
2622
247
1599
2471
260
2366
323
2931
2085
2328
1050
1984
1617
2824
2250
103
1593
1686
53
1161
1816
1650
501
1570
1282
1686
1886
2847
2708
448
1762
1926
2473
2528
2236
1880
842
341
939
806
2314
1169
2604
1713
1173
469
2308
1972
2218
2854
1336
2860
2795
658
2327
2668
2544
1659
1654
1095
2641
1015
279
1027
977
896
1907
1827
2525
825
1507
2395
391
277
1620
401
2393
1079
2163
2967
1520
106
816
2012
538
885
2051
2577
2692
1773
658
459
2123
1782
1881
1094
76
2836
2777
2049
19
2773
1480
580
2165
566
34
2275
2462
2913
390
564
1052
2084
2650
2014
2155
1399
923
383
2553
1785
403
2669
1984
946
1555
331
678
956
1534
334
1329
894
107
571
634
1546
871
474
2917
1775
2346
1435
2454
1937
2364
1947
1344
822
941
1237
1511
535
257
1837
217
2657
2406
1823
2308
884
552
1028
1927
584
390
857
2540
79
242
699
1288
2773
1884
1175
203
5
2512
1272
2152
2958
2211
1248
905
1675
1707
2000
2243
1024
2419
1693
2562
1653
1309
397
1150
1362
125
1455
2029
2550
74
709
606
2852
2621
696
260
1123
144
1937
2445
980
2561
1065
740
603
1507
2598
1825
2738
2381
1985
1800
2621
84
381
829
1954
2492
994
3000
1243
2417
2399
1350
742
115
898
2454
537
2179
2459
182
219
678
571
1717
2852
2667
2260
1611
1484
1248
825
541
42
147
955
2402
104
2709
1453
2753
43
251
1896
242
420
2334
2880
1628
406
998
1891
1955
1424
1583
2719
903
865
2598
985
2507
981
2183
1279
582
2584
1818
84
2201
377
2706
406
2269
881
2715
86
2243
712
1528
2617
521
1598
946
1488
2245
2608
788
1847
933
1905
2114
2515
328
800
2332
1554
411
761
2383
2087
96
583
1588
2838
765
2471
363
1772
2967
2448
1079
1054
804
452
968
936
3000
2383
245
2441
794
636
2210
705
2689
2760
76
1755
2306
1539
885
66
2801
1966
34
2614
2684
1935
614
1357
1528
2091
1278
1639
2651
2074
2177
1487
698
2390
1333
1601
163
1081
1750
190
886
2063
2382
2467
2148
751
1793
2578
1408
1097
2256
2601
2562
2353
2762
1117
2134
506
83
1250
2859
2211
1384
2408
2988
1860
2294
1335
766
65
1337
88
1383
2699
2282
783
559
104
542
186
1997
778
1598
1140
1197
1868
503
1966
2954
847
656
1891
21
205
2587
2799
2589
694
162
682
2918
2982
1271
1732
1148
2471
859
668
23
2979
1510
2145
321
2530
1442
348
1182
1094
1485
1048
2152
2355
1251
1954
2738
1221
1565
556
1988
2703
2214
1711
534
1287
498
1698
246
559
869
2058
2683
2100
1799
2721
158
901
1
2239
2505
328
1874
1922
2731
2297
588
525
2851
551
1894
2545
662
219
2418
1011
1359
121
1319
825
584
1398
605
991
822
533
2777
2643
2155
162
434
2754
1236
2686
2589
2493
1603
2592
801
2839
314
45
1474
49
2602
738
872
540
2736
2121
1563
2342
1164
1197
812
2877
1347
1534
2009
2697
1479
1074
1276
662
2199
399
2269
936
1583
131
1494
1651
2217
1809
2766
2635
2497
2383
56
1521
2994
1663
404
1190
1720
1265
619
983
1450
1879
2386
1290
943
1644
2872
1153
1766
67
720
1026
706
1206
1115
508
1275
2966
606
2583
2395
1889
501
2565
1905
973
239
2165
426
2456
2806
1969
828
1299
2752
2931
1849
1184
1150
1857
496
1146
1018
436
895
715
1868
1446
2684
1260
1185
2980
187
246
796
1629
2619
1715
1411
2396
2505
217
1384
2753
2806
2105
123
1212
128
1833
72
2541
2483
2555
2116
57
1554
2503
1961
2377
1380
114
267
2851
283
2764
2461
2652
1564
2327
2392
2201
2139
1170
146
1076
721
2231
944
2997
311
1377
2536
789
1357
399
657
2524
1732
2564
731
2732
2183
1358
1545
1709
836
2369
2187
1046
2056
1130
1912
690
2306
2767
2395
2955
2122
663
162
98
343
890
2206
2846
708
2832
411
479
800
57
867
2736
2819
2228
2404
2147
812
817
2375
1439
1428
1463
417
1685
1219
1225
1469
17
1592
636
492
19
1707
1464
1207
1315
2536
2016
1896
425
2245
521
2547
30
2988
275
479
80
1454
173
2213
227
2871
330
1119
1117
371
1995
2475
2036
1050
941
2618
794
2989
903
1290
1772
501
483
1018
1106
1745
1944
1522
229
833
1621
2505
781
2206
2895
1561
2107
942
943
583
1186
2375
101
1609
754
2888
2887
2543
1296
2495
124
1527
2364
2577
1698
2382
1259
1595
71
2910
2569
1148
713
195
1189
554
2359
2868
310
602
266
1479
1946
1052
1465
1477
1849
1132
1819
1074
2688
189
2336
2658
2417
195
2307
401
1309
2130
1533
2812
2763
2723
524
109
2498
1380
1587
2564
1911
1145
80
39
212
1759
883
1487
1270
2539
635
1576
2872
1806
164
2968
2746
2970
2237
2886
1339
2998
2575
1637
1159
1104
2099
1478
2203
2968
995
1896
2369
2202
1340
904
2200
2865
959
2219
417
623
2282
2271
1580
782
35
2699
2309
2680
680
2479
2658
765
887
2342
1335
1501
91
1572
2053
26
568
1086
2367
1313
75
184
64
2855
495
1068
675
1291
2720
132
16
2207
2026
756
216
2145
369
701
2169
860
1044
1045
1779
2080
218
2715
2353
1278
357
1710
1844
2204
538
2618
1067
203
1180
2830
2203
1969
2799
1142
1610
976
2368
1121
2332
25
2415
2314
1267
2468
55
1886
2048
421
1220
2400
2682
2719
2809
229
2704
2662
1363
1255
704
1965
1273
521
2980
1420
2994
701
2975
54
2928
1352
307
1876
2178
1999
752
80
246
2063
321
1572
2766
874
1661
2945
1114
416
1633
336
1359
1121
129
2644
2497
2158
569
1223
1785
385
1848
2851
2158
1371
2572
812
875
979
2835
2935
2401
589
167
457
796
69
2056
751
404
1569
2612
2345
1560
251
2577
2750
1970
1680
2232
245
1135
2069
2159
1761
2498
104
1425
1538
960
1210
277
1543
1618
2184
990
1490
624
665
184
2603
2016
2825
309
2173
2056
1351
723
2876
1568
993
2474
1312
1891
757
2169
824
1029
80
1693
1933
2702
2256
469
2146
2463
1677
2082
2779
2569
2010
862
1153
2587
609
286
2386
2137
2325
1518
562
1532
1287
190
2750
1566
2311
153
173
1297
2881
412
255
2625
799
1397
2640
1248
190
941
1840
2408
775
1717
320
2633
246
705
1806
2208
2067
1788
2107
678
2000
2976
1950
1121
138
2975
2607
842
1641
986
791
2607
2012
2519
727
2314
246
249
880
2499
1226
38
2847
2736
1596
2723
1288
2179
291
133
1036
418
1397
1049
812
2013
2069
2144
1644
2757
1489
2082
2425
474
1997
255
2335
1209
2441
1981
1643
2510
2880
150
2606
1175
1323
89
2562
2204
1148
1331
367
2628
986
2925
1264
2932
958
1218
92
452
2438
682
1833
1839
1555
144
2345
855
952
796
1634
2366
2285
985
1841
1258
1342
1450
380
809
579
893
400
1775
933
2895
65
225
1301
2660
2987
1968
682
2477
332
1955
995
905
2397
559
882
671
257
214
2448
1377
1796
1067
2737
1280
2808
1862
180
540
2473
709
147
2368
37
1459
1143
2461
2613
2707
466
2708
1889
468
2310
297
534
1040
2288
2388
1782
803
2052
2144
448
555
876
1887
1525
167
145
606
113
348
985
2622
1129
1745
2069
2924
2660
2295
1931
1428
1796
1215
2066
2202
1824
2919
447
2776
2925
1366
2296
891
2527
1498
783
458
1795
18
944
2172
2729
1193
2141
1059
760
1546
1203
1229
2953
2395
2221
1761
2161
746
643
1429
1696
677
2427
2953
1301
240
2876
2502
913
1339
1991
123
976
469
1976
2582
43
1732
1084
2401
883
2870
1794
875
2519
2114
1589
1073
511
2369
1186
2827
2745
1605
2119
1077
1645
1065
1677
2346
2560
1142
957
194
439
2351
440
2800
2500
2830
864
470
2772
1828
2835
71
647
692
2727
1122
897
946
2204
673
2503
2224
1471
2422
2224
843
1092
2313
84
2077
1708
2201
1990
2133
1986
1060
2861
1835
1360
2470
649
1597
2530
351
2001
2123
76
1623
2196
1643
1173
2187
2130
890
1812
239
847
1299
2592
865
1541
512
644
1586
2440
1381
46
2236
1079
2381
2976
2482
1908
426
2367
2884
852
2437
2779
946
737
2819
2855
2265
1939
2987
2729
1979
1365
1442
536
1441
1315
1019
710
1637
2854
1709
52
214
112
1356
2466
674
206
99
1156
2494
900
1909
287
2716
562
201
2323
104
1931
1654
2061
2534
2423
2951
310
732
404
2162
1382
3
582
294
2891
1247
1470
1175
1577
2523
1250
667
1926
1717
1484
1814
2616
941
354
2230
2720
216
1087
964
1825
858
535
2161
156
766
2235
489
2558
2488
112
2992
2659
1497
389
1720
1670
915
2417
1976
2105
1539
1873
2417
2865
2129
2496
1920
1821
1577
219
1921
1561
2417
2417
1952
200
1432
1545
1615
2648
916
2982
1114
2864
262
347
484
2227
1666
1095
668
2761
1856
1218
646
413
2174
612
740
1078
205
2130
2175
578
1627
292
936
1052
295
499
387
2923
866
1303
809
2713
836
2201
2692
1221
1541
2392
2583
2280
1792
1694
1015
1452
2838
1566
338
2921
2229
1617
1101
1851
406
1817
102
1859
1716
572
2447
478
1144
1904
296
2608
884
2597
208
831
737
2786
1721
1967
559
188
2487
2400
375
1248
1215
2695
2325
957
1970
148
624
1274
2557
2431
1830
2654
2931
3
1374
2947
2445
1612
230
2952
1507
2364
1672
1482
1103
209
287
1810
2695
1719
2808
2335
2121
1497
167
1839
564
1288
261
2103
1027
2773
1228
771
2184
403
1485
1354
1714
2486
2245
1650
2844
763
1281
2932
1276
911
833
1090
768
2081
2339
728
817
898
69
671
2482
1584
1476
1259
2577
1192
1201
213
992
262
1231
2929
2871
2473
757
1831
2103
2491
2373
362
413
1050
2385
1695
958
2332
1183
125
2553
1504
778
745
2279
302
1480
1911
2723
373
451
2175
1214
2720
2248
2078
2004
813
1176
2123
956
2711
2253
2402
2197
383
2950
1052
2074
2949
655
2914
684
1536
1231
233
2115
1729
1399
2679
2969
667
2885
2168
2319
1535
1643
1485
2805
2424
2189
2654
2559
1414
263
804
2137
2660
2063
1481
2255
350
1081
756
1967
388
2937
1757
1068
898
1546
587
2133
1200
2617
2950
541
2168
1524
2736
2880
1066
2833
418
2241
1561
640
186
1485
279
1526
1463
1391
2922
1471
241
2400
2524
1787
1343
2773
2512
2099
1245
2687
393
2685
1812
2934
1664
1642
1747
2182
150
2169
2121
1006
2878
1007
53
599
2388
380
2313
2700
221
169
1119
2059
10
1570
2996
2264
1753
335
581
1005
2066
2765
2206
1331
2793
1486
867
290
852
1437
2505
752
2206
717
2133
541
1410
1112
1892
1013
2568
1945
1607
2198
876
1364
1239
965
1132
2714
1413
2183
1821
712
150
534
2059
2525
1670
995
2703
900
1970
720
2143
2596
2764
1411
342
715
1295
514
2793
2460
1443
451
536
611
2250
340
1545
1873
2671
1064
2525
2457
892
1147
1906
2093
1412
1054
836
810
216
645
23
2870
1246
1247
1876
1896
274
1422
2548
843
2750
2339
2575
1206
1699
996
119
2298
1262
2817
732
2346
818
885
2653
2488
598
1170
1819
2780
2483
2715
109
1455
2230
2002
544
525
2943
1111
854
1938
268
42
1956
2195
299
1354
184
1739
1697
2872
652
595
396
1301
124
1433
759
1946
2752
1789
674
2154
1658
2814
2273
616
16
600
2721
866
61
1668
2510
1601
88
2195
506
1061
2730
2600
1992
946
898
793
2220
2788
1128
939
1923
1795
1414
1675
2465
2117
283
506
2932
1387
611
1344
2046
2612
1017
2563
2020
2838
1147
1448
704
143
2334
1436
1331
695
710
1347
2226
2
2738
488
207
553
1791
881
2621
2294
423
2625
1114
741
600
1937
505
815
2624
62
573
2944
2097
2716
2163
2388
1274
309
747
1035
38
779
209
1532
2497
1910
371
22
1482
2005
846
707
1972
427
2602
2816
1870
1339
1778
636
528
377
2498
1573
425
2209
428
2711
2832
323
2871
1281
1151
1757
773
1697
2852
917
2622
1691
2155
217
2420
394
2264
825
2800
1847
201
1423
614
975
1128
851
1242
928
2307
651
218
41
1980
2570
413
264
2579
1192
2452
1529
2123
749
121
2414
2155
498
2913
879
1527
256
2077
2618
2174
2292
1193
564
1569
4
2156
1535
1429
272
2746
320
1569
642
863
2974
772
2888
2030
2743
359
326
561
2441
1761
1027
1762
1148
1727
1757
1056
1872
666
2454
1424
1751
293
2261
1227
1533
2680
828
1440
1848
2556
858
863
2447
892
707
2485
1607
981
1375
1913
121
1204
498
524
453
1644
2090
1505
1098
737
210
377
900
1672
2339
1034
1130
2318
2578
761
1469
771
2653
328
2342
1487
2553
183
643
1070
2223
835
770
2316
210
942
1898
740
79
1157
1498
1639
2363
1795
208
1260
868
2594
155
2413
77
912
2108
2540
2568
2686
1548
1363
2032
1387
1222
832
2671
2441
846
2790
2939
743
1551
2965
1866
2647
386
1328
2744
1328
1715
2173
1013
2718
2363
116
655
1184
1637
287
364
1636
1440
68
1715
995
1143
882
377
362
2496
175
297
2882
1608
2401
642
2536
1578
854
2956
2317
1638
2818
1000
2012
1803
594
597
898
546
1162
494
2144
2080
2655
1122
833
1608
2144
505
1619
1631
1945
236
685
2693
2819
1101
590
1372
2297
796
1946
2628
1148
571
225
1748
1519
2015
1232
2150
2296
1694
358
1074
987
1066
956
696
0
2924
2573
1256
238
1384
718
1267
364
635
625
2577
1683
1350
36
1680
1638
101
2130
1269
1361
2473
843
1142
1522
2750
2816
2024
2877
1424
672
45
1850
1265
2494
14
2659
2850
518
1661
297
2998
1332
1467
1844
2879
2793
1519
1928
2878
1869
1471
726
1775
25
450
2941
2989
789
1235
1588
2631
2994
232
1923
795
2416
1500
497
2230
623
1627
293
1500
2894
2920
1526
1566
234
1181
1656
957
2074
1273
2856
182
497
1651
2033
1874
1844
826
2234
978
2863
541
1698
543
2506
291
1278
1271
1184
2386
2269
2953
1642
898
1118
2897
2540
640
450
2433
281
789
525
32
2507
641
1334
1930
880
2735
2272
2173
166
214
1191
383
976
1866
2253
2799
849
727
1117
555
2576
1100
2709
1186
655
2729
1193
2007
2387
2793
2396
148
2672
1824
1899
2701
864
1194
2493
2674
1300
969
1648
2927
2882
2976
2964
57
533
2413
1330
288
725
334
1577
132
2242
2731
2296
2530
919
1771
2109
2732
805
958
2676
2263
747
1645
2694
1724
1654
311
289
712
168
2212
616
342
517
1083
2331
2854
2447
2511
1383
2259
50
429
895
2503
1379
479
2530
1807
234
1529
1991
1213
1028
1715
2154
657
408
2979
1505
2505
672
874
2041
1374
2441
1620
565
2911
733
1249
398
2318
2041
1521
119
1607
2749
2834
474
1232
143
1008
573
2839
1466
2044
532
2645
415
1502
10
2054
565
1222
592
706
14
1266
235
457
1453
727
392
1503
147
1204
2164
195
1748
1794
2566
1450
614
2440
1270
38
1101
1214
1225
449
1039
2307
1720
789
1088
2033
954
2646
2692
527
1321
366
1272
1267
2945
