686
482
541
1615
1470
918
959
880
2314
2293
1028
2441
1439
1737
1055
1123
463
1292
1889
1486
1548
1281
2227
1193
1630
1635
2450
57
1361
2115
1616
1024
660
1597
1615
309
1823
1009
1487
2432
165
1040
1634
298
1935
254
1555
970
1113
833
2418
1670
2320
1098
860
2174
84
528
813
1840
2013
756
2041
1342
1595
837
1720
2162
1197
789
1630
844
2011
169
1451
2249
1579
37
1453
2329
117
2160
2438
1647
2168
894
1692
2289
1108
660
1382
1632
1974
1793
2016
1641
622
2426
2124
1322
1238
1846
260
240
307
404
1919
215
2475
996
1729
1530
447
1334
1730
1907
1770
1146
613
316
555
1628
2137
1374
161
2167
1014
872
544
1344
507
1492
1798
813
324
138
1796
1510
1481
110
681
1005
964
1668
2405
643
1067
1728
392
1987
479
1247
551
327
658
941
1645
1292
323
1639
499
413
1119
188
2299
421
1541
1678
663
1997
751
1473
1193
1956
2207
2167
1232
1264
61
1794
2228
1813
1647
2250
2278
1919
228
1066
2125
155
353
1964
198
523
2220
2430
635
1046
448
267
2216
2490
1580
1385
1087
962
2331
942
1629
1341
414
1023
2117
355
1269
818
2395
1046
1266
2073
14
1210
401
587
1672
61
244
2135
1126
1382
357
1893
2203
1512
1227
402
212
238
1572
872
1092
2323
959
1637
1714
874
652
27
2408
481
174
1073
444
469
31
1600
1885
522
2157
758
1053
2479
1553
1658
1357
171
980
2
477
2059
1370
2473
2263
1582
2342
681
506
652
1825
115
2086
1100
1941
1797
672
378
172
48
1793
898
784
56
1414
687
168
2484
621
954
1930
2447
82
439
146
494
1044
1008
1569
1977
2346
523
1575
2187
58
1535
2202
1685
1602
376
1277
1114
256
1965
441
739
1450
623
507
1273
410
1187
2264
838
2034
555
946
574
2152
1225
604
1736
1730
1685
506
1179
591
161
1394
1022
221
226
654
977
34
1299
2191
2172
1266
609
186
1929
1247
408
300
2276
853
1031
2356
1131
2347
1645
1076
356
38
1877
2047
143
1194
1074
1972
1400
2187
594
612
194
1045
186
1143
1775
2352
1662
1265
590
133
742
803
2051
373
603
1171
87
1746
2415
218
1301
201
2064
287
990
1060
2124
1172
390
1526
2143
1168
1730
885
1118
1551
160
1027
2156
2165
1395
94
888
1169
844
714
2046
422
2451
79
379
1502
1968
807
549
1457
2397
2491
7
461
1071
2473
118
1192
1064
1
1819
951
1012
980
1330
2017
2200
852
174
571
625
7
569
2193
30
214
1166
612
1950
2235
1991
1167
1787
2282
536
574
183
1785
2463
1927
1497
2457
1525
64
686
1859
2455
1066
881
1340
1107
725
1931
1083
786
1879
1158
1917
1500
1285
1609
1978
599
2128
2246
10
1927
1560
170
1160
658
340
1447
298
1362
1607
2022
336
984
1461
223
1294
1895
1750
2008
663
665
184
652
754
1576
2002
2229
995
256
43
2329
2399
1373
2304
167
611
850
1440
498
873
738
1463
133
607
1600
1025
233
1286
2003
2452
786
477
960
1507
103
1213
923
2073
1977
0
1193
611
2450
1210
2464
1242
63
199
546
1998
1212
698
2398
476
303
893
647
1429
405
1400
686
1018
936
290
414
2103
422
1154
2418
1186
2128
1196
1348
2327
1174
797
137
2055
2071
2379
790
1680
655
1082
383
1159
451
1939
1427
2036
1108
2154
2117
1734
1484
2355
480
998
2423
1316
1545
1611
879
249
723
777
446
1562
383
2431
2053
1666
981
2256
1736
620
1261
762
1974
713
2248
1373
2085
1346
1782
908
784
586
969
346
1540
99
811
662
467
2214
1013
898
209
1887
1022
1389
1983
705
225
2265
2469
1219
2481
1367
786
873
564
1428
624
2474
1993
2224
1530
1110
1259
2135
218
2041
2041
2234
1958
1660
1607
265
442
2138
1500
2312
558
1234
1749
1838
405
1034
905
1731
541
506
2116
1411
1083
516
1729
1035
879
393
2042
2059
947
850
545
646
999
565
715
1753
726
1716
1901
288
360
224
621
1497
200
371
546
1221
653
1577
497
2208
2300
1690
5
391
110
926
739
252
2110
249
954
880
176
2024
194
4
1512
1166
1842
1009
128
1647
1764
508
752
1928
227
2445
591
226
779
2481
2029
497
1728
2039
1272
1367
31
231
1446
1404
709
2244
1886
1651
1734
1260
1540
1682
1021
244
196
1519
825
137
1026
473
1554
1504
2076
1993
1251
2328
2366
1521
69
2041
1210
1295
2299
2337
82
2197
2261
2056
1587
231
1681
1537
635
1077
2215
1853
1267
1041
2311
255
1420
811
2483
2430
1342
1824
402
1251
392
446
326
332
666
684
1033
1002
502
1932
730
1459
1714
371
1760
334
35
76
2194
435
1923
683
2041
2147
1615
1347
346
550
841
1583
395
572
323
692
128
589
231
1737
2347
1657
1110
139
1159
983
2278
1770
795
902
1789
2123
111
2017
1062
2481
940
515
1583
997
2193
18
1687
841
307
1673
1031
1504
2479
563
1770
780
1354
682
1383
1806
531
2248
1196
472
441
1033
2224
899
2462
17
1826
595
2082
2094
1098
1637
1209
2347
31
1609
2261
533
206
2411
2367
575
191
1985
1278
1456
446
2465
1765
2476
2386
2422
401
1722
1144
294
1941
1991
815
443
2240
1473
2358
2338
560
1433
2037
45
827
1478
135
1016
1805
1908
1077
2129
1182
185
60
419
2097
1630
970
105
824
506
1614
1528
2470
1635
1247
118
505
164
2460
1542
2344
1887
1385
1341
1739
874
1140
1395
1239
647
893
1945
1042
2042
1599
2102
2294
1469
1872
2420
963
2464
2326
1089
1380
475
2193
574
143
120
1278
1313
858
1875
1003
457
269
1164
90
886
1038
1119
902
1642
288
405
3
286
1143
1965
1240
2496
1176
324
1348
2142
1314
1316
2268
1698
268
2243
1874
1392
1178
1711
902
1315
816
79
1684
500
229
1754
638
373
239
1159
2214
2050
1575
1344
2190
1964
1752
2071
2146
348
689
1388
104
1950
736
491
666
906
1959
1143
373
1230
2113
1474
663
649
740
1436
909
2385
2487
1137
2268
2268
123
239
1851
1725
277
28
111
589
885
2232
776
751
1797
1360
21
2432
1000
2080
782
2497
240
1669
268
1571
1400
2230
1357
2063
2196
1749
987
1529
596
1305
1820
2359
1912
2011
1066
1265
743
1396
2333
2272
983
1729
162
1675
1882
1783
822
253
827
753
749
79
2039
78
2185
2232
854
306
529
1428
2166
234
734
920
1729
1852
1709
649
339
199
1436
2141
114
2247
962
1024
1985
899
2287
2203
2077
2345
1521
2191
1422
291
50
1216
1689
100
2148
1388
1367
2354
1383
320
1578
704
1616
2154
2079
2362
183
2070
2279
1408
1878
315
1505
1237
1793
117
1350
257
822
1186
1567
997
2440
1007
1495
170
13
2299
969
2201
1837
1974
1268
2240
1764
1558
2484
1921
2175
54
660
4
1271
1375
2089
1298
468
1365
2474
833
1929
2334
1374
2054
2325
1821
956
510
266
1009
173
1051
2005
1605
2419
2316
567
2486
750
1553
1137
2155
1189
1131
2500
1675
82
1668
1652
269
457
1386
180
2358
1644
2324
510
2060
1534
597
68
463
2249
1590
1714
1971
2095
1827
876
237
479
1261
2465
405
1129
1785
151
64
805
1414
639
872
2446
2365
985
920
62
385
471
82
1120
2294
1139
2448
574
2082
1534
1513
829
1308
817
575
164
2283
881
2147
947
1910
1563
1646
1180
145
353
917
1868
136
678
1362
2168
1318
1168
1213
236
2108
378
271
531
677
812
1615
1034
907
100
1580
1631
1216
158
1423
253
468
624
1083
1851
1580
1354
1622
1229
280
610
572
721
2074
49
2406
403
1496
2061
1173
1177
1933
1074
1945
2388
316
1936
1086
1033
849
831
1659
240
495
912
1680
97
324
59
1471
955
1846
2025
548
111
89
571
264
86
2086
102
1738
1163
674
1453
1737
2032
581
1922
2071
2262
2397
481
878
2346
1766
667
1281
1067
2266
195
2026
1643
1996
147
69
1741
550
2178
1368
801
355
265
1003
1730
243
1450
6
433
2366
1060
2182
1378
2003
1171
834
1664
1270
101
2420
2424
1273
2426
797
1036
567
701
1438
1392
950
1683
1799
2302
1747
1744
2171
206
2029
2226
1299
1370
1894
158
1532
304
1444
1899
140
74
1069
1989
1593
1569
541
513
578
2157
587
804
305
628
2293
14
72
927
2196
569
1409
1581
205
548
1858
2463
854
1936
2496
1658
725
983
863
1695
2493
311
172
43
422
515
1076
1294
318
385
1171
1622
1413
313
76
1052
2281
1981
1382
575
849
827
449
1131
1717
475
2158
1931
536
1414
2381
454
2486
1444
896
434
1831
1115
1691
1167
1119
1025
504
1140
202
1733
1970
1039
2419
1367
147
1352
4
2015
786
626
957
2217
991
357
15
1847
1696
934
980
251
977
1041
2417
1628
728
2490
665
2368
200
2184
367
1278
2306
1868
584
2346
245
561
185
171
1684
1572
2082
1471
1702
1389
1744
426
1454
457
2010
1188
447
114
399
1318
2153
170
1528
1767
1360
1702
657
368
1058
336
1164
1599
1550
1896
1353
560
600
1611
259
791
1907
865
1357
1084
959
819
2311
865
1247
1727
1458
2190
2280
541
624
1421
1997
544
2489
310
954
2344
205
986
1431
1756
1416
1269
2126
436
1539
183
319
2396
1328
1588
139
789
1637
2099
74
1585
1644
2202
2440
2362
1456
2288
1781
376
1427
1031
1503
976
1117
1742
1254
1971
1796
2246
2126
1358
1856
1445
1148
1458
339
2340
1706
1866
293
2213
1824
1425
1601
2132
292
2133
80
1731
1249
1169
1019
607
313
2076
1293
1496
1383
1368
1060
2275
2016
7
413
777
929
2481
230
1923
132
2056
1396
2251
2065
1090
2371
1213
484
384
2159
289
935
1034
664
1933
2400
326
1995
2190
1651
987
528
2186
678
2334
398
2013
859
1982
1241
625
478
2205
786
62
518
500
1560
155
756
1281
2447
2199
1150
908
1474
1554
273
1955
891
132
1058
439
509
2054
400
2350
2140
1261
861
749
98
1651
2143
888
2043
2393
1364
572
261
1073
1782
2345
1513
2232
1686
1614
2309
1401
858
1221
881
2433
27
2171
2368
880
1009
2226
1991
2407
969
1270
442
1312
1339
143
1873
2061
229
1500
1986
2129
2112
1005
1466
1497
2177
929
1702
965
351
210
1869
2203
786
1739
2096
1348
664
1813
2437
1508
417
630
1915
1624
1081
816
1942
193
1297
1287
2241
189
1792
2314
1795
1364
559
1398
685
1075
1149
1110
1511
1341
2351
813
1853
1777
1126
1867
2319
1038
1921
621
2268
678
1198
71
2149
718
1569
1712
550
48
1895
1121
432
284
2489
1564
1726
2092
1113
2416
1112
1646
328
329
1942
1701
1276
2218
1711
1598
2420
2134
1578
260
2176
1566
361
39
1854
2434
797
1690
52
176
2078
2479
1939
171
45
1320
2233
2497
510
1011
1981
2230
2076
1533
2050
746
308
1013
2246
1110
293
1086
1268
2139
1920
833
2454
751
1630
350
1200
1820
2471
2231
851
1557
1851
1300
20
417
2361
1561
683
869
1794
529
881
2196
2201
891
794
2318
2473
2456
1070
2311
814
983
1162
1582
2056
509
1541
1443
2294
2278
2170
1911
1858
2172
782
534
869
589
2023
2470
2316
428
496
2196
680
2262
1596
1713
1614
986
1064
141
889
2403
384
1087
429
2365
2115
578
115
766
1256
1137
1419
714
290
1399
370
2359
799
1265
1673
1556
787
947
793
2086
1552
1626
1894
727
1493
1743
1425
1258
358
2358
2128
907
2291
1355
1682
242
1446
572
1995
1691
1678
797
2414
1048
1290
554
1725
606
1134
1091
988
2422
1182
2347
613
2021
1867
19
2485
1417
2434
2473
2058
2111
29
731
1676
116
365
1530
665
1393
1065
1655
1068
233
670
722
607
2057
402
1152
1050
396
1639
1212
2008
1608
775
2152
2331
2386
225
228
1418
719
521
1245
1608
582
1157
381
2027
732
1591
1451
306
1163
941
577
861
1762
2357
1349
283
1670
787
672
2143
2225
2038
2143
1895
2382
778
782
1955
1970
407
1410
2282
1962
19
801
540
282
2073
624
427
1746
121
195
1594
1603
1522
374
1406
1118
1946
1908
1745
964
1983
1665
1182
1043
893
1678
1259
2120
1477
1446
1607
153
1429
333
2163
1109
316
1468
151
1553
1824
20
1812
1718
2188
2390
520
2144
200
2167
1946
1532
619
148
1649
1238
962
1892
1097
1989
685
1494
1120
1525
1167
1544
1414
682
1749
119
1951
1657
190
711
774
1915
835
2086
782
1575
1518
819
41
2174
687
1577
2134
50
1253
230
19
940
561
2096
2447
720
1775
1921
1511
2365
1523
1214
1664
1379
1417
1076
2279
1731
830
95
288
1684
1851
184
1259
393
1187
382
1711
2076
267
1727
294
102
1763
1337
1049
1097
2266
831
435
1421
1997
835
1847
388
2172
275
2150
2223
1059
2216
1104
30
2026
2169
270
760
2218
1783
1731
578
2258
382
1674
884
880
459
873
1492
1006
656
2217
1026
2312
1559
1990
1288
2089
769
974
2138
802
123
2114
589
2354
1039
1861
1655
970
2403
1861
442
2450
2251
2136
663
2255
2021
9
159
2445
913
336
2403
1467
1822
2040
1120
1392
522
306
1306
2447
1606
638
494
1603
1949
162
49
723
2445
940
2235
625
1589
1627
275
2355
2215
1194
637
937
1157
2375
1206
1961
2115
2366
1919
1419
2280
2426
1739
1971
324
73
130
462
398
1892
1251
2482
1982
742
2385
1911
2107
1265
1299
609
1244
834
621
1819
811
450
2253
1381
123
2052
1199
1556
2435
2498
2047
1739
2089
1456
1852
2342
2164
1995
1483
2114
1110
420
2174
889
126
1675
1352
2324
729
1274
201
707
47
1916
1109
600
2
1621
934
2076
668
590
872
1269
564
973
1649
556
689
1696
2281
2107
24
1672
1251
285
2467
1640
669
