1118
2831
3302
2714
1231
137
2079
1402
310
2750
3077
3436
1941
1682
1397
1680
2225
1811
1096
3153
1993
510
2267
2641
2196
202
128
1410
2042
545
3177
473
1456
2751
2080
867
2128
1740
1071
3214
2169
335
77
3094
1043
1586
1595
1884
3021
1249
1270
494
3354
2374
2414
2914
1071
3372
2711
2142
2069
168
3220
2400
946
2213
2813
2421
1385
1363
1227
439
1919
3219
572
1390
315
2672
2441
3322
2435
135
291
509
2847
3286
1504
1935
1017
826
530
248
2059
3112
2269
1680
3096
107
134
2130
1720
558
2320
2096
2320
2912
2136
192
3254
921
39
2777
255
122
2923
3314
1195
1847
1935
2537
2801
1567
1798
1322
2068
1996
1477
271
2470
438
1156
1993
434
263
3437
3042
2287
2509
3184
3250
3038
2123
3013
1170
2060
1277
609
1561
3347
1805
2953
2828
1036
1665
2241
37
2993
3056
1648
1149
3422
1248
774
2351
2913
2398
2136
1608
957
1599
2922
1588
2685
588
2093
2273
2454
138
988
557
4
333
1613
3368
335
492
2182
1114
189
1154
1140
550
1060
775
2308
3410
2322
62
2977
2246
1346
557
3010
2154
2135
2620
2809
1539
2298
1644
3053
3221
1218
3209
25
581
1308
2700
1237
1232
1948
1943
184
2966
923
3157
1682
2500
3266
1786
3002
3481
2161
237
338
3017
3041
1569
868
547
3107
3406
1130
1747
1782
1047
2515
2212
1289
3252
700
3099
2592
1628
169
3191
1483
28
1876
2558
3241
3368
738
2315
886
3113
3153
1094
535
1184
568
1415
1337
923
3061
2481
1977
3356
393
899
1325
593
1935
2796
1554
534
1882
2187
1608
2256
1352
833
2549
2281
1942
3352
2754
283
715
697
955
1747
3427
3257
798
2638
3321
563
2695
491
1874
94
702
1935
2469
3329
3052
2830
1730
944
1814
1291
1179
1697
2781
1157
3203
3377
2973
405
1661
1379
1305
342
3440
1821
32
2758
2519
580
3460
2751
1795
1889
376
22
1741
3357
3017
1705
1969
2687
3415
2345
2186
110
2125
1071
2610
1761
1943
3287
721
2398
419
1217
750
2712
2648
2547
454
204
1393
3130
2896
840
982
214
2522
3236
2569
418
871
1286
3181
2715
226
2623
730
974
3146
1303
2789
1538
801
2058
789
2661
473
1112
2670
2324
2916
2882
3148
2557
1744
125
292
2283
2947
2446
2898
799
560
1998
955
3264
268
2945
2771
1498
38
190
792
1792
122
81
2359
1345
228
2618
1881
1785
3222
1612
911
1502
2064
549
728
285
2582
850
2294
1617
1663
69
1084
1726
2848
1705
728
1401
1568
1621
3000
161
3101
2013
3258
2970
2100
868
3395
3173
1331
376
2460
1500
1367
1117
10
1731
1473
1749
302
2252
1305
2474
2087
3069
1571
3019
3220
1272
1642
765
2634
176
3425
767
1840
2412
2700
3216
471
1817
377
1698
1438
532
2540
2653
598
479
2490
1996
228
1894
2575
636
2258
603
1048
1614
685
2938
3340
2806
2353
1908
684
3434
122
1059
1077
2477
1185
1266
203
910
1321
398
1088
2464
2438
3424
2217
490
1849
511
1265
2984
2649
656
1202
1648
630
1886
731
2413
1663
1968
3155
1043
1953
2981
1417
934
1281
1407
1697
2485
2216
314
393
1386
2332
3321
2632
2727
438
1532
1181
2063
1772
1384
2383
3064
3057
3138
344
707
2760
492
1029
3265
576
1197
345
1384
2296
2171
948
3126
1854
1413
2474
1832
2864
2792
2752
2591
2764
603
884
3067
3272
2955
1925
461
1827
1018
2740
2125
1130
1973
1775
1461
2193
1683
692
1344
1360
754
512
3436
460
2809
2077
3318
2878
346
3090
2277
368
903
409
2201
30
331
1527
3111
2060
3344
1513
1717
2596
2893
789
301
678
3430
2958
1515
1809
890
1124
834
2799
429
3099
2060
3343
3366
3221
1094
573
2948
2020
1807
216
2498
780
3139
3318
1963
1321
3433
522
1127
754
2215
3045
2572
2628
171
849
1366
3428
231
1889
2070
2938
3134
1896
1213
2304
759
1681
1755
3059
2500
605
3337
1914
1503
508
3104
1530
2103
2994
3192
97
1801
3118
1441
1378
1716
943
392
2373
266
2253
2709
2960
440
978
507
947
1799
2436
2612
1398
215
1713
3117
2568
2031
2433
1820
2839
3059
1646
2238
211
725
2155
2316
3383
2620
1448
1763
1403
1869
55
1586
1911
386
1366
2861
454
2063
65
3377
3264
353
1443
2138
1532
1559
91
1527
123
3307
2639
2477
2674
60
3141
222
868
2153
1029
3249
997
681
2107
954
1610
2423
3254
2154
560
1096
813
951
2867
1373
3311
3282
1512
2188
2898
592
2830
1313
1148
2006
968
2106
1032
422
3027
3
2158
2585
1869
891
1153
964
1013
658
3086
3020
3190
3446
1759
388
3430
781
2233
1012
2436
2480
2693
1424
325
603
1509
2498
3354
2057
1791
2349
2402
49
3329
413
1644
2110
1618
3337
760
2114
1287
499
2186
2248
280
1556
3286
3441
1121
3230
2727
428
2968
1065
2881
1207
2609
1755
1425
277
406
2766
876
1880
1175
1203
308
1423
850
3331
2487
3001
1305
2272
2288
3047
3336
649
3147
2155
169
3433
811
1185
2060
889
2348
769
3294
3304
1929
882
380
3301
266
2454
2077
2772
1951
170
1497
2083
181
696
891
211
2660
954
797
1086
3372
89
1571
1330
717
1783
514
1098
13
462
2700
666
1845
3128
2561
2358
782
899
1323
1883
2124
2723
2638
1641
1619
634
1623
248
2121
1678
2535
520
2449
2678
2216
3308
1865
1284
605
917
2155
103
400
1180
134
743
2025
2857
3070
3056
2911
2636
146
316
1391
498
2567
671
1033
171
2863
656
1013
3231
2524
512
238
2348
183
1613
552
1008
1835
2742
604
3367
3486
3451
225
1228
689
2535
1866
1796
311
2903
1282
3487
3349
1650
2956
1957
2801
245
3126
3402
814
205
2714
710
1567
2390
3155
2893
1691
428
2155
2488
1467
3159
725
2573
1275
2204
809
1136
1714
2585
1013
2242
3141
3305
2311
3427
3348
349
992
1132
3468
3233
2162
850
478
521
3420
1175
601
2726
2898
1905
553
3340
2057
1342
1416
448
471
1304
1746
1666
2614
3404
2782
500
2133
1007
3376
335
1457
2602
890
1353
1695
3182
142
1458
1013
3381
938
1804
648
333
1320
1735
979
2671
766
863
1252
702
2799
3266
3134
1977
2768
2784
1811
3318
1633
2332
107
713
1159
671
2216
822
1164
159
294
2993
2936
3407
3282
1495
589
3092
1032
1056
517
597
739
3276
1997
3365
1199
1635
1824
2674
948
2248
2411
1423
1180
2836
2381
1605
855
2646
1841
174
1291
522
932
919
148
2475
3108
1168
2507
3070
2227
876
213
1431
2120
3419
2374
1041
2799
3120
2050
249
2353
91
3243
2565
1343
2899
794
2128
230
3225
305
2398
3417
3357
2868
1767
877
1673
464
1772
107
1158
645
235
1600
2673
394
2201
1198
3132
3476
1902
402
2070
27
841
1629
1212
114
2798
690
1600
725
1644
1854
2394
1000
1472
951
3086
1536
1112
2014
22
2104
1007
2039
2500
387
1152
1285
988
989
1361
3232
1962
1057
3351
3419
2581
1988
2261
3386
2919
1486
706
1696
3268
2892
3180
2988
27
100
1974
3067
1051
1535
3289
365
2918
2469
2964
1685
1044
1195
174
1453
2602
1682
1520
2300
3365
1008
1146
2624
115
2425
709
2231
468
2397
3280
1883
260
1924
672
2728
2682
390
2933
1784
1063
620
575
2129
2610
2568
811
775
3208
2270
1591
2871
1800
705
939
2187
1516
281
1849
539
2807
966
1656
3110
2981
253
2766
3062
2518
2757
1597
459
971
2252
250
3099
2319
2157
2645
1436
829
3162
3231
529
810
2455
3182
183
1363
264
1169
1049
2218
3283
1263
1468
3034
2348
2157
2745
1549
2525
3010
2487
2118
2569
3410
500
3336
2501
1345
2903
177
420
937
121
863
996
2973
2827
2293
3194
2856
2061
712
2530
659
2473
982
1579
3386
1144
1172
1818
2900
2694
938
338
2563
1111
532
511
2086
1156
474
3391
2591
1300
1697
439
490
933
2320
2827
75
1763
3259
1431
241
2968
228
1937
983
2692
1128
963
164
1203
2887
3035
870
3039
1426
1866
1757
2560
3246
1323
757
2805
1896
328
768
1985
1621
1610
1053
158
3248
1609
3217
225
2260
3237
2379
1644
2356
2023
892
1114
3487
2983
157
2439
1419
1806
3368
1284
2575
1816
3489
1288
2837
1065
913
2665
2826
2592
1217
2207
2015
1304
438
1403
2408
3218
1243
2633
1776
560
367
259
459
1106
804
2450
403
2541
1901
1450
2505
412
1343
1573
729
275
2386
2294
3465
2376
2274
1401
3176
236
1168
2451
2753
1916
1901
1532
48
2159
3029
1012
2805
1689
349
2531
3345
10
1725
1452
3223
2400
2077
1037
283
740
497
478
2798
343
201
322
412
2345
1491
440
2890
1964
994
1732
2226
1426
2454
1435
491
2270
3472
2680
282
1040
1332
163
1917
839
1487
474
767
2117
2131
727
2434
2567
980
2739
1059
2120
3193
2524
249
1544
2437
1247
1535
3473
1997
2475
613
1160
2362
1277
2229
3061
2130
1371
1641
1633
3098
1672
621
1565
1711
589
1980
1381
2173
1935
575
3441
2909
3370
1474
2801
1491
1911
3196
1622
2088
461
23
609
1246
474
644
1982
2116
431
2158
1157
1655
3068
440
879
1599
2885
128
3335
2876
3172
2320
1056
3358
2056
2876
1179
829
2239
3207
2670
2572
2745
2617
483
3439
2296
2981
858
3446
1437
2886
3218
1868
660
3141
3103
2108
2851
2119
1307
12
1560
1362
760
632
804
619
1405
1944
2374
2823
547
1837
2116
944
3065
1720
532
22
3215
3233
1819
3423
2470
296
3418
873
2438
2135
3173
2761
1599
626
3292
1749
506
468
1630
206
1350
2260
94
2800
2767
2975
839
2005
3285
3016
132
2869
940
3070
3455
1261
1420
2269
950
3340
1037
725
1427
1147
1882
1722
3367
1118
396
556
232
2803
3330
1990
1232
2080
1983
1656
2560
1127
316
208
208
2716
2263
1010
2567
520
3295
3302
410
1312
2335
1362
2566
1723
817
100
2510
106
539
2115
2593
1120
1416
2076
666
685
790
1646
2000
2235
2061
2315
2446
2195
1817
1903
3396
1790
2067
1893
1199
1668
3012
2950
2935
2351
1119
1470
1472
2849
719
503
1060
1366
1770
2192
371
1846
1756
101
688
8
1517
2129
1326
657
1167
1542
1322
949
1336
2465
826
3443
3293
429
325
181
2973
126
146
1930
2065
724
1107
3114
2557
141
2687
534
1080
2833
2898
1715
1170
2891
1867
1835
2742
1561
3064
959
2121
2604
3019
742
1487
2077
409
3481
3117
448
913
3275
1049
644
675
3406
1549
633
1926
1685
25
526
3223
3431
2952
2570
3074
725
1746
3341
2178
1541
705
295
490
2436
666
639
3437
3284
2686
2607
2017
2409
561
2885
3277
2164
31
1610
1104
2037
508
2218
2547
152
873
3473
282
760
2472
1548
773
2700
1469
2512
526
1376
438
1570
3294
1353
1513
2403
1689
3180
1696
767
2936
2158
3360
2875
2256
1624
1317
1242
1931
865
3020
2938
2837
2788
2149
2994
2132
1182
2460
1768
127
114
2719
524
3030
37
1566
1145
1336
3115
2919
1136
1390
2315
2817
296
967
310
928
2606
1588
2388
1068
506
1209
3306
2139
288
1931
366
2775
208
3321
2403
1380
2009
794
583
278
1484
319
1414
11
2917
1552
586
1328
2855
3456
2980
745
3033
2076
1006
1779
2502
2931
2159
3073
2080
824
1216
683
880
760
1245
814
2733
3029
1436
906
1441
1446
1555
2835
304
2663
2477
1940
253
2838
175
1196
1451
1230
3115
468
2723
2967
2011
56
3161
2968
1602
2158
599
1673
155
2880
2819
425
1861
919
3408
2651
141
3252
2683
3463
2602
1129
1629
2332
3476
2806
1576
2606
1634
3361
1171
2683
2699
2935
5
404
3365
437
2733
1948
1485
2165
269
206
2795
2825
3130
2287
1003
1044
307
2619
3209
2902
801
2576
102
681
3155
2507
3474
3161
321
1699
2301
3076
2229
806
1148
1008
3460
2234
2579
632
1192
98
3238
2564
1607
2662
2223
1157
410
3425
129
2324
1384
3007
2679
1063
2199
1444
1621
3442
1918
666
884
2471
527
798
355
1871
500
1314
261
3388
1317
792
1982
171
2870
1194
750
2774
3220
2633
3316
170
1744
259
754
553
2750
155
1751
3307
598
3219
2898
1320
526
842
3093
2307
3007
3357
662
1049
1727
3231
458
1404
132
1897
2014
825
3329
1358
147
1649
435
1130
3349
1232
1838
926
2290
1191
1089
1291
267
2209
1280
326
1645
426
3367
2045
1315
15
1245
2429
3260
1972
1163
949
1156
3475
2121
3009
3231
1958
2894
3479
1036
537
1293
1088
412
1687
2530
628
3327
2808
3063
250
1908
1842
2539
3470
1501
1272
3416
1865
1049
1670
1087
1455
2132
2811
2660
930
2992
1000
2242
2697
3129
1851
1392
3360
2844
2356
551
1321
780
3108
635
1400
2867
913
2189
1851
3100
1173
45
622
2318
1705
3224
3027
2539
2836
1801
258
3300
2166
1213
887
379
242
690
1140
3192
111
3275
3175
2352
62
1721
1869
3143
1999
3463
445
2067
107
2774
1510
1613
2454
257
1737
338
496
3018
1813
783
3269
57
1568
3286
261
1787
1016
676
2709
2505
2904
2962
502
1918
1328
3075
1697
1092
1573
1787
2439
56
72
965
2211
912
2945
3426
21
2454
536
3392
1891
2115
3041
3184
161
3202
1650
3450
392
1909
904
237
548
1199
547
349
3439
3172
1399
631
1829
1671
373
803
1945
364
3290
3155
3255
2172
583
2359
827
2098
2564
1059
3037
2637
3499
243
745
1358
512
2633
2332
2955
1192
1361
431
1703
1222
1796
1947
2561
264
2018
2363
1793
929
228
2240
915
389
3297
557
1671
2579
2171
2490
1068
2483
1454
3478
1402
2664
1630
194
451
1311
2832
1994
516
2857
3466
3220
2908
1923
3440
2240
1587
976
991
1659
124
1614
3077
2387
1135
1343
670
1693
1211
727
2373
2921
467
1995
3317
3327
2485
480
2736
2790
1733
1585
2961
1031
1823
163
2532
328
1113
3409
2978
3004
1543
2540
1042
994
3069
2505
2125
2525
3
2670
119
875
1210
2814
1874
1839
2435
2648
2785
1832
3286
1001
802
2369
222
2293
1815
1561
864
1394
754
2894
1330
2270
1355
2485
2272
755
2347
3318
2599
1541
422
2875
77
2640
2388
1601
52
2312
3300
31
1794
2589
636
1761
3201
3218
528
2205
2605
631
2381
2104
1985
372
641
1202
1915
2125
1506
441
746
1257
298
1441
3094
1433
2668
3460
2125
763
2079
128
217
2494
2315
3007
2473
1795
2547
149
2678
3341
2999
2815
3345
1482
3239
624
827
1758
1375
392
570
545
932
43
2268
2894
2519
1395
1209
2381
539
3174
457
1722
3337
2949
612
1761
2438
958
1475
181
2074
2663
2882
360
433
2738
952
512
648
459
727
2662
2178
778
1650
1892
3064
308
552
2621
3406
2421
2372
2367
276
3164
2504
1123
3367
556
1583
1306
2427
1371
2592
1854
3142
2612
2547
33
3494
2607
3231
2214
3185
3107
2237
2751
185
141
654
3356
2688
356
3044
2487
3414
2838
1224
419
2614
2631
869
420
685
3419
1877
136
123
685
685
1342
2010
38
410
2754
2372
308
1757
550
1928
1779
1377
1601
682
1471
1399
426
1225
1893
2105
2769
2269
2677
2989
2337
2697
2751
727
1085
2714
3087
1140
3137
971
1853
1961
1565
227
1481
2182
82
987
1157
2342
726
524
196
2193
1820
1228
3500
1925
354
2224
472
2703
1016
2330
2002
2135
1314
2466
2933
1926
1354
791
2377
3342
3064
1189
764
1464
449
2299
638
533
1035
2184
2108
382
227
430
2101
559
1182
2055
535
2972
568
2230
2050
501
2478
307
88
2300
300
1268
1223
2804
1251
267
3144
1157
3399
1800
3017
1737
1130
225
442
692
1694
1799
670
174
3462
1315
2739
1204
915
2617
2784
2213
886
3275
2985
2842
256
1678
336
2596
1879
3169
3043
123
1163
2479
548
3028
1832
2623
1537
436
2570
1288
1436
1531
1384
411
221
2873
2667
2443
2310
1786
2145
1942
810
749
2080
3404
1031
2546
989
2859
696
2288
3224
2486
1212
1893
839
94
1471
572
1751
1333
1182
3147
2767
391
1403
1332
3139
89
2627
977
1786
1680
3038
85
427
935
2498
1164
3048
1051
454
2865
769
1
2367
1264
3028
854
1546
233
1515
1673
626
679
1640
936
1582
2671
577
357
2394
2978
2264
2609
1717
2543
2773
2527
665
1088
2672
3099
406
1023
2614
1862
2549
2852
3311
370
1590
540
2885
2672
2265
347
762
2395
1505
3465
1986
958
2337
2918
651
2563
1155
1448
2524
346
1032
197
2935
260
3130
1579
3104
839
3012
2373
3184
182
1422
1577
384
772
776
1983
432
1469
1603
22
3425
2781
1862
1286
1899
747
3378
1978
2243
780
361
1674
2699
1256
2600
52
2175
3334
2456
2210
2679
2555
1535
2319
1552
2337
1700
2931
1008
2699
1684
1225
2717
3181
849
797
3222
1685
3154
2790
3463
2557
776
1883
3487
1841
3211
2031
3476
3296
3064
1090
1019
791
3008
3222
1975
1743
3035
2678
3150
1175
2828
1137
695
724
1317
1254
942
2916
1054
1594
2225
1821
2246
455
1473
1916
435
2105
3480
400
1087
2411
1514
3020
3073
957
1897
2317
3353
3271
3163
2153
3395
275
2462
601
2557
976
3448
2405
873
1753
2432
2045
73
1632
3481
886
1314
1505
452
313
493
2795
3040
1537
2321
811
448
2776
2894
2107
2408
1164
1850
451
187
2772
3287
3186
3420
3400
1209
1297
2144
2875
2607
349
644
749
1691
2405
2582
2140
2256
2957
2100
3464
1164
13
2809
1934
3435
1233
65
3340
2306
1499
2921
2710
1631
3064
1832
2675
1718
2374
2075
1416
89
2333
2700
2774
2718
3275
2330
370
263
2447
2960
2268
3174
712
877
3268
710
3181
152
559
54
2044
2345
1486
3141
1993
430
2475
802
967
2386
1868
1975
847
1171
29
824
1864
1155
340
35
3031
246
2520
1932
466
3454
1270
926
572
129
434
1042
3295
1255
743
3297
523
928
2127
1700
2676
743
2160
149
3348
3065
2931
2158
2156
2816
1001
1523
2879
270
3381
2448
3360
1514
577
582
2546
1307
1431
975
3074
2137
392
359
3462
1737
1851
797
295
3343
48
2525
1184
1427
2143
3374
2314
3206
1455
862
2308
2592
3376
2057
1653
308
3208
139
1724
2471
3118
2907
1963
3340
1720
1939
159
3492
2197
1753
3034
2034
1326
313
34
261
877
1126
538
1129
3266
2274
1999
2105
1372
2578
859
2561
1427
3049
471
3377
1001
3451
2280
2058
2766
2550
2671
396
3085
1714
2667
3193
1379
2918
3172
2897
1162
2318
371
1502
953
3468
71
957
2242
527
1324
2833
437
2868
969
178
1324
1109
613
2506
3134
452
2823
3270
2144
1774
832
67
2845
2176
1482
944
383
790
3011
3180
1864
2091
2819
2829
2211
1531
2291
2837
1219
2182
272
1321
1145
3335
2296
1585
266
1449
743
492
2692
1048
113
2401
2229
2449
3124
1720
2329
2000
2067
1238
1828
1619
1952
3401
1118
710
700
319
2406
3174
2151
1542
2187
1522
1063
3124
3051
1721
2280
522
1270
1821
1542
1248
1968
819
1486
2436
1605
1867
2739
1077
2990
24
1618
2983
527
1308
333
612
1224
2036
674
2103
1072
225
787
1133
1533
2603
1314
1199
3159
114
191
2103
2841
454
1442
3150
1932
1059
732
1704
988
1907
2239
838
897
3051
596
629
2484
1734
872
2047
348
1810
2818
990
1216
2156
2227
1331
1576
2616
2814
1415
263
687
3312
3120
3335
3220
2829
245
11
887
1707
2260
2435
2424
3299
2668
3314
2894
768
447
3206
2817
1642
3050
957
2949
377
111
1288
2626
2344
3142
848
333
1261
1961
1621
719
1757
1714
1353
2660
2275
207
420
1570
2404
694
2380
102
3161
3458
1222
2818
1216
593
612
2472
2846
1060
1236
