2285
7896
7352
5987
985
11747
4751
6953
6368
1113
1599
7166
7208
3949
3510
8330
2243
4081
6312
1027
943
4570
8724
11838
1854
9850
7084
308
9250
10858
2097
1865
11810
3266
810
7369
2389
2206
5077
2808
3597
1792
4155
3592
4975
5503
4586
4796
6893
698
9608
7643
2727
5216
11578
11576
6747
9729
766
10878
7094
9732
8168
1199
1884
11343
539
7434
5193
5836
8836
8235
8491
11268
5368
6793
3488
8010
233
1854
505
9299
11574
7858
9364
1202
7449
7780
4365
4629
5934
9286
5946
1971
949
1470
3664
9304
10699
6525
6531
5535
6052
11164
1877
2978
6014
886
10064
8487
294
6774
2860
3321
11195
4990
10571
11145
693
11307
1743
5247
5285
8428
9687
9397
6728
3122
9504
7667
8174
10050
5163
368
2164
4377
3971
968
9293
2950
7357
1394
8231
10972
10812
6798
10104
11896
2048
2522
7843
5984
11017
3463
2122
10431
1231
361
10410
718
6487
5879
4436
6535
7343
6247
5558
2117
3391
271
5015
3226
100
6453
1966
11806
4699
1297
10072
11144
1200
6947
6866
3266
7843
8899
1804
3063
3951
1689
9924
10131
2639
349
11855
9234
3748
1126
2069
934
5227
2528
6229
10310
8846
4008
7513
1426
1848
5567
10667
10195
8476
5473
10777
10604
590
2794
10135
3625
11030
6432
1867
10731
213
5587
2595
6741
2004
6156
4198
10094
6689
10506
4018
7946
9445
9764
10216
5321
8721
6953
10315
11257
11685
2780
7762
3910
11488
3065
10392
10434
750
1383
12
3999
1519
10487
3447
11128
5121
3372
2295
7222
9260
9840
11441
11940
1040
6727
11219
10573
3709
11083
3955
7626
432
598
3370
10137
6826
6376
3505
1461
8051
10953
99
9176
5243
11296
9249
10434
7939
10088
6249
7730
3783
9325
987
10880
305
1402
5505
5827
8636
4319
11007
8686
434
1710
7699
11806
8022
9789
1592
5358
960
1557
4655
5557
11586
5560
11583
508
5117
5739
7332
4331
7790
9510
8174
1824
7099
9985
8742
2700
3297
10481
7207
4039
11703
63
7104
9613
2454
330
1929
6115
3558
9995
434
9781
8913
3745
11961
3556
551
739
3165
11618
2462
24
4468
4154
5828
6294
4982
3053
11251
9120
2303
2327
3333
7872
9884
9655
5956
11709
4486
4973
8391
10466
550
7192
3591
670
3411
1000
5108
11631
8296
10804
5810
3587
2728
9979
625
3723
3381
1128
10827
1661
2263
11943
1673
66
5652
7145
6083
3459
1013
2042
6692
6547
7377
9365
5785
5930
11070
6219
2935
4850
10134
4793
3087
7228
1080
7047
10438
238
10578
1105
3041
7044
3133
9944
2312
1170
11186
11394
11932
1744
6173
11052
8339
2649
10192
9941
11565
11286
5923
9941
9973
5749
6130
10873
3175
8176
4437
4891
8796
4077
3151
1338
6660
4937
10126
4624
1675
5142
1586
1314
6642
4229
6282
1040
11190
7689
9751
2534
1454
2115
8104
5903
18
2102
2285
118
2403
9005
11284
4429
8667
9197
11264
5227
6726
4013
2668
1215
7443
9481
7488
8759
9128
3627
8061
3758
7090
4800
8175
5347
10207
4959
1026
10555
7722
4093
9600
10981
4412
3705
5993
11833
11635
7837
6580
3547
4681
6579
3353
11902
1094
995
6620
5850
10371
7618
1838
8976
10332
6023
7819
5178
760
5444
8901
262
4808
8736
10408
1200
925
11032
9588
8278
8778
6831
11934
6446
5499
9336
6834
9247
10898
1173
11870
3859
10814
2662
5650
6918
9319
9038
11592
1687
8807
10576
5165
2353
8106
9915
3284
2237
11212
11051
6240
2598
2527
4369
2306
7684
3158
5350
8316
3974
9312
10632
11101
1728
9500
1677
9289
8438
2926
5682
291
9209
7660
7698
342
9592
2835
6924
8144
362
8946
10839
4466
5726
10353
10830
5734
7677
4850
5931
8733
5033
4511
1370
7285
3946
2088
2126
1872
10269
11616
6143
7248
11415
6020
9627
9576
11486
2217
11430
10152
71
2152
7909
295
5742
3359
8592
6849
2191
4839
9666
7062
2012
4415
535
4033
9801
3115
2286
8507
5780
9030
899
1770
5756
3094
11257
10065
4845
9142
11235
9632
4881
321
10721
9120
5043
6911
6627
6051
5994
1123
46
2362
6209
3818
5775
6997
11917
11006
9331
3533
524
9662
4003
4791
5461
679
2561
9327
8245
1430
2201
5714
1883
10115
10993
8556
766
186
11782
11775
428
9094
6539
4903
11469
11592
2359
8990
11615
10838
6343
10334
4944
8220
9011
7524
6368
3029
1162
7544
11386
5536
2926
10534
5969
2682
2247
11760
1153
8835
1153
9379
1248
6428
11400
9969
9671
9807
11512
5539
8104
10147
8860
1166
2153
3992
6196
1208
2953
7423
9855
5791
832
1121
3042
2331
7649
11431
8856
960
2179
5354
11676
547
6452
11196
5272
587
454
11816
6922
2150
8552
6810
8879
7453
1423
4561
36
280
3969
1331
4435
8668
10805
7193
5303
1401
5568
10498
5094
4519
9773
9503
769
4480
5632
2300
5600
10659
7084
3047
11304
1705
11527
842
11827
11655
4518
692
10047
636
3539
7658
5002
2098
10203
6068
9633
11793
3890
11932
10625
3144
4002
11982
7053
4014
951
11035
622
1734
4812
3852
5343
8179
3061
7027
1769
372
3355
10972
10
7584
5292
11589
9503
11876
3331
9830
1323
9990
11334
6587
11869
2896
10433
9572
2805
6352
11607
8942
4968
10821
1612
8900
1817
4608
11290
8020
2912
11061
10517
1290
5017
9972
6989
2703
763
2600
10143
3848
1036
3165
4492
532
7868
6204
2998
11232
4752
8152
4309
6244
10993
993
8295
8604
3853
4848
7473
7395
11003
5494
8623
11222
9625
11079
11509
1965
33
2892
10129
5083
2452
1745
1268
9761
3076
4175
4767
6990
6586
11464
4944
5830
10768
9119
6608
3822
10285
1422
8238
11633
4535
7775
2925
3032
4558
5457
5708
3158
8183
10083
7627
7836
11136
7435
10099
6906
10899
7294
4746
3775
6977
1033
508
6270
11631
7642
2533
11354
8211
1258
8887
10363
16
3075
408
1014
7160
11746
355
7574
1443
11647
5462
2658
10020
3708
11777
8835
9071
4264
9057
4319
1139
9688
10802
5266
9191
9822
10201
1791
6000
11709
5692
9074
10128
1839
11326
9847
9793
320
4241
7719
6511
782
8775
5547
11649
6743
10254
9267
5239
327
11046
9049
11987
1191
8736
11982
4538
8291
409
3356
7927
2035
2015
5944
846
2080
857
1323
10975
127
7573
11773
3578
1597
1556
6225
5010
10369
6650
9098
8385
4301
2254
11414
10821
459
11461
6175
6451
6041
11676
8171
11065
4591
10489
9462
7861
10105
6255
1542
7090
7501
1295
11064
92
11845
11195
4595
8307
10705
1491
5643
9259
5360
5867
10128
10140
2507
7688
10569
3893
11132
8028
2821
3826
4656
5903
902
10104
2158
9492
2273
8906
1681
5912
2157
8187
2647
5611
998
6683
10710
11651
7450
2179
6050
5610
766
2138
10608
2963
6277
5325
10821
9393
6260
1990
1472
5694
3485
7763
5227
3235
9731
10624
3953
2692
10784
5603
6619
8750
7897
6524
9250
1451
1701
849
949
5574
10145
6484
7236
2709
7472
7879
1858
7714
8915
9497
9197
141
10018
2543
407
8257
1562
2141
4759
5776
4938
7572
2889
6652
8569
7030
2001
1916
2929
2890
2546
11013
4118
9971
6376
8493
10617
1404
9808
6904
7445
1173
6442
2185
17
9398
1572
2338
10012
8332
8471
11112
5394
5681
11610
10661
6338
4394
8634
9904
697
7875
2436
10417
4418
7935
334
4821
5024
3682
11320
5300
5038
2268
10013
9169
8112
5188
8724
9759
6472
10987
1896
1659
9877
2608
8683
10099
10581
166
2021
7613
2960
1771
5032
4984
10219
6510
5043
6446
827
3365
9035
2611
1187
2013
11871
7685
7456
10227
1674
10889
5855
7976
2163
6996
9946
5874
7913
6060
4131
189
4246
10033
5824
4199
8197
1984
11444
2219
9175
11506
9804
3011
6492
6425
5290
6960
7354
1688
2487
5300
9161
4066
3098
1327
5667
5550
8423
216
8280
1346
9086
45
10417
3278
3423
184
855
8575
4173
414
3095
9364
7209
5903
9798
2656
3427
9339
11818
11801
4246
3352
7141
10319
11887
5631
11304
10197
6117
7214
8364
11047
6991
8790
10539
2281
9296
3322
558
10031
10713
6215
6591
2150
611
9079
6060
10132
6553
2072
5320
6803
3148
9517
5912
5531
8275
7938
8686
6370
5698
10655
10862
10945
3214
10125
4975
5755
8173
956
7664
1814
289
4052
8236
8641
10049
8575
10050
653
3364
1597
3667
4482
3779
5187
5542
1310
5334
2909
10273
2039
5282
6118
8634
11905
333
15
8131
8650
9196
9349
3564
6057
8445
8321
3487
2443
858
4053
5257
1388
9966
9191
7882
2390
1647
8224
10171
9013
11327
8216
8218
10223
8225
10298
8897
2801
7322
10565
7265
6761
9314
6133
730
3826
8570
1582
2488
10691
8535
1859
3709
3600
10876
6448
10074
8265
2122
4400
7941
6730
9239
5634
3376
11414
4625
7773
3254
875
6093
2214
7225
6942
11775
9901
816
3025
213
11153
9801
11797
11451
10533
3720
8379
4873
2822
5834
222
5271
8455
3253
5139
9884
6088
7463
2211
6265
5756
3480
2538
4067
9695
698
10994
8300
9449
994
5041
3498
3007
4847
11292
9071
8647
11857
5016
209
11638
9094
10037
5381
429
8116
3142
5897
1856
4145
7808
5974
2656
10387
3338
1210
3129
7363
8152
8215
7701
5193
1489
284
2096
7827
7373
8751
10910
2580
7417
779
5527
127
1629
6719
515
10981
11160
3792
1526
6164
1296
5278
2475
11972
3855
8681
5193
8193
5840
11941
4308
6041
7959
11675
1380
1667
5459
4974
4633
6857
695
11887
2231
5165
8042
9109
10585
3549
5485
4227
10839
4127
10878
11396
5581
6645
9374
11791
10495
4568
10091
7367
2106
7092
9372
10479
2476
6694
162
11713
7277
5907
5820
2213
8835
5380
6036
6688
3034
9578
5250
10138
7034
1693
4869
11733
11020
6334
1581
1806
830
7332
7458
6943
5961
9519
3981
6034
9077
5694
8332
8055
1609
10032
3084
8358
2444
786
7173
11679
1609
9863
1543
1184
11929
5098
1264
10956
7832
2131
1079
3925
6252
7576
8573
481
9395
5989
10099
6806
7264
8080
176
7638
4919
7743
4765
5393
494
3025
5407
11061
11865
2404
8741
6215
2432
9004
1373
8646
10046
2855
8924
6684
5737
10551
3846
7583
9662
2480
6614
950
7902
11183
1300
3011
1241
6569
9999
5024
9159
11259
7838
10917
1204
8145
9984
9278
7891
1667
9869
1818
4091
8376
1897
2604
7354
3319
392
5746
5645
5298
5975
2271
2348
11467
3004
215
5596
1502
5979
11893
8603
5175
6762
8
7658
7481
5615
223
759
1922
10342
2552
6557
8190
791
8332
7114
7521
10209
4516
9817
9154
11063
3914
11122
2015
3937
8945
3606
9139
11546
10392
2371
2175
11337
10141
8407
4912
11061
5762
4153
5049
932
10710
6709
9983
7551
11956
2759
8457
4221
7275
3513
1751
736
8187
10243
4741
2838
2843
10708
3918
1409
8928
4690
2415
3770
533
9173
4297
5805
372
166
11755
4764
1705
6726
1774
1374
7888
10085
4248
10308
4665
5896
3811
1658
9853
11511
8699
4759
2866
5227
6254
290
8031
7278
7410
5621
7639
5170
8801
2564
5669
5227
10378
9955
447
7543
8587
6721
5520
5499
891
5294
8965
8517
446
8012
3461
9475
10614
1388
10319
5947
7264
3563
6512
4477
1858
4058
7309
2586
4242
3923
9254
6121
11808
7567
3063
8267
542
5513
8108
8969
5252
1228
3996
6418
7722
1822
2973
9543
11973
150
8397
7882
9332
4400
972
11030
2293
9222
1348
11083
9960
10143
6589
4695
222
3387
4334
6494
10402
10980
2170
3929
7143
2270
9059
6070
7855
2404
1642
811
2378
2008
9560
7889
4267
3326
7325
68
7416
424
897
862
7254
5558
5395
9302
6664
7496
10633
6049
5514
5037
11138
5690
6089
3843
7378
1543
6665
11197
10613
10544
11963
4188
9855
4003
3070
9586
6137
2796
1040
7670
1067
4304
4099
2629
1959
9884
3025
6185
3579
5295
1083
3528
11700
3539
9424
3481
8732
3837
47
11290
8390
529
6808
7231
5923
10992
8344
1834
8254
6835
934
9101
6600
3631
5592
5195
3049
6569
1363
2486
7987
11386
6959
11025
2597
9844
6137
979
6553
7434
3430
3771
2320
501
2259
8005
9671
11466
7052
4563
1569
8092
6094
1879
5217
6764
131
7869
2170
9359
1853
5340
3642
2989
8764
7120
4618
3932
6177
7404
8462
3879
2981
6214
11965
8043
7668
3483
10904
9512
531
11671
2851
8305
10800
1165
676
11105
10032
7925
1913
10689
9054
769
5148
9072
11193
11720
2221
4659
8071
7141
327
1543
7667
8182
1935
10467
1146
7224
8006
4034
4510
516
8313
4750
6810
5530
8507
3604
11354
3269
5690
648
863
7226
7119
2161
7163
9908
9156
6033
4072
10953
1354
1451
1752
6986
2918
1139
1000
3303
1148
82
2166
6827
437
2606
4598
1583
7155
796
273
4986
6871
9672
8590
5021
5535
1336
6032
9327
4327
9846
11745
4247
435
189
12000
5902
10633
9414
6182
6824
11816
7276
8570
6629
5567
4069
11401
8797
10132
11561
6072
4122
2550
5123
2904
3207
841
4794
281
5325
2904
10699
7099
5948
8119
233
6160
3412
3126
10501
6182
5669
6717
1342
4676
5869
6207
2902
10725
9902
10668
2864
9210
4632
6566
1878
6273
5797
2451
4562
3723
6618
2375
8588
9028
5998
4701
5757
3914
11814
2356
1164
6875
5682
8479
10851
8315
10186
6815
44
1139
4744
5503
1995
2206
11772
11727
9163
6750
6508
5264
3640
4979
5517
7956
10116
3974
10143
11596
5990
3246
6759
4780
4331
9229
4398
475
2815
10374
2532
5398
5420
8100
2840
10589
8331
4573
866
11462
2789
6340
30
9785
10328
6439
6411
9196
11711
11605
4036
619
687
346
3529
8275
7906
6931
5130
9717
6118
10369
469
2407
7912
7359
8788
5316
8215
10794
5773
8743
7169
890
7045
3015
1004
128
3234
3659
8494
11622
8192
10818
3255
4594
1550
10273
1808
3644
902
4577
7468
9049
6288
4237
8584
2345
2498
3020
8125
4880
1278
1551
6594
4730
7599
129
959
7029
8408
6539
7370
1621
2269
5292
11844
4544
10541
3636
2525
6399
4520
7012
6927
6577
8102
3168
430
1231
2258
5643
3035
4886
2669
5274
8162
714
10889
363
4510
3063
7501
5772
2814
8329
2317
6223
2142
5243
8509
8180
7540
1281
7808
1330
6269
6144
509
4834
2233
7641
9545
11084
11567
10379
11564
7420
6367
4742
1469
11092
2899
6050
1913
4656
11424
1860
9317
9671
1071
3362
7695
679
5552
1923
4738
7462
8902
4504
2539
2996
84
7568
4736
6400
3951
6776
8501
5491
3550
9423
4972
11509
675
1337
4278
7695
9282
4270
1065
1696
4127
10348
3253
8751
9324
2913
3144
4082
1886
182
8126
3609
3720
248
5969
10338
10976
7126
4879
6930
6491
1833
8529
8210
8199
3742
3006
6771
11407
10530
4082
6462
3004
5480
1442
989
8633
11949
1623
9467
5777
2749
10008
10265
8843
7625
5910
6746
9686
4248
3441
8171
4362
6967
9788
11439
8332
11072
3222
8574
11577
7102
7603
8316
3727
10110
6945
1489
9021
10459
87
4772
4521
855
4295
7222
11150
3192
4226
7736
10947
5322
9850
11400
2458
10709
9169
8026
7078
10010
2572
7436
8805
8262
8079
6031
4974
6053
5447
8666
9168
3967
8328
7512
10312
10815
3811
4387
6104
4151
3108
11495
9026
11843
4208
629
243
6271
11268
10317
4916
6891
4948
940
5811
8149
8162
438
11866
7017
2275
1886
5311
1651
7562
2571
3600
5595
6664
6458
526
5351
10228
2611
3228
9936
4658
7886
11098
6083
419
1607
2388
9079
3259
1249
1421
434
1307
8168
1943
8575
3125
5143
10129
856
527
1133
5841
482
4681
5773
3546
659
1414
2731
904
6979
6044
5533
10506
746
11482
3825
4566
3653
11338
9290
8967
1352
1800
1256
3483
11693
11893
10791
3157
10864
2085
3690
6890
6153
1243
10809
8076
1486
2097
11187
231
9507
2768
9607
5520
2154
343
522
7531
8178
10300
5264
1205
4226
3615
6281
3735
7514
6955
5843
6951
2836
9020
6490
9409
10566
8623
11747
10406
11141
5350
804
649
5811
11363
10626
7534
2737
7724
9489
2483
3334
461
5572
5358
954
2274
422
4253
4725
2999
10482
11412
5374
3342
11606
4052
8132
10098
7773
3097
10085
6175
1625
4839
9676
1671
9062
8960
5217
4453
4999
4765
11101
2656
11405
11097
3926
11673
10334
10563
9815
10271
6760
2228
11169
5907
10741
3083
5109
1107
8119
7797
9667
9902
7938
11541
3503
8189
9620
5967
6358
4238
9680
1285
775
5496
946
8960
10219
8359
11152
5283
11040
4474
3233
10741
6758
6936
3419
4685
1051
5500
324
10012
8241
8726
2973
434
2744
7018
7980
617
6858
5345
3370
441
1921
2632
1886
9038
11185
1682
3162
1478
1681
5717
6192
4508
11360
8483
5117
4830
7501
1974
9852
9036
7938
5206
4013
3843
8681
3692
7981
5104
538
6392
2568
1717
9708
1325
11947
11412
1191
244
10831
4818
4167
4235
4507
4859
8949
6513
2052
6248
1481
2893
6418
9433
10775
2679
7904
2810
9390
7584
2052
923
2905
7519
5495
1039
10222
9918
6501
9265
1708
2684
4580
11896
2477
9112
54
11023
632
3276
2681
4379
5517
4953
10241
7178
10853
7737
2478
11605
5115
6119
9406
9510
1996
7211
11752
7044
9660
1991
1466
2415
3948
4711
11234
2717
198
8938
8572
9939
8846
10215
6289
8393
6761
6328
1926
10178
9289
9391
3880
2288
9025
4651
10506
2002
1984
1166
6007
2399
998
11455
1821
3416
10065
11244
6436
2238
5210
10551
7611
10326
10611
596
2879
9885
9635
11261
9183
11519
4062
7454
180
4058
8805
5477
5948
11602
8794
303
11709
11921
3858
4
2478
3544
11063
2047
6033
6446
10368
5654
2855
11614
10132
1137
6013
2549
7362
5531
4622
11250
9034
63
2778
5907
662
1400
4281
6845
8649
7377
8819
2801
280
6344
6875
1433
5112
2277
5785
10879
651
6663
8072
677
1755
4319
5318
1933
1787
4392
5256
3588
5900
9013
4853
1412
9825
8667
2741
8511
7563
3470
8417
9512
9781
10608
9419
6863
2954
7881
8864
4794
10627
5829
1532
7089
4750
4144
93
5051
4909
5356
2777
2288
1940
7956
1455
10134
8982
4989
4409
9628
2681
6965
8588
10904
9120
3441
8261
915
6832
354
1533
9115
4351
6965
11916
11462
8937
10160
11751
8003
9192
2334
3311
9253
10041
11458
2746
2984
2924
6931
4344
2069
9609
3442
2844
6750
3030
6693
5444
9362
4232
6256
11356
9254
3436
5092
7065
11886
9366
5458
3362
7088
11117
6239
4308
7430
5799
8696
5346
291
8531
11669
6295
1335
10849
3306
10067
6783
4021
9985
692
10195
7394
5964
8308
9593
6393
3825
1355
2488
2482
344
8061
1375
10322
8164
1315
3223
5209
10040
5579
6975
6539
10834
8335
4473
8856
10965
8382
4620
9724
9725
7984
10479
7367
4712
130
847
5888
6305
5447
3650
9491
6139
2060
343
8572
7918
3676
1748
6286
11985
6061
3085
4348
7954
8316
2251
3225
10942
6445
8598
8758
3782
5932
7773
1375
10215
5977
6910
3858
8022
1146
6852
1219
5739
2860
467
9105
11220
5677
5469
2207
11516
9710
981
10213
10257
10629
8979
11120
1099
8826
4321
6443
8401
867
10065
2534
5352
1144
8871
7923
8307
2317
4611
6049
9396
2250
9826
11385
2407
2451
8219
10184
4949
5081
8834
10978
6017
6791
6334
748
11270
10994
706
11348
1896
6471
3705
3907
10176
1230
11264
5943
4263
8780
10791
6452
8642
2424
5345
2881
2281
7025
8602
8451
11607
1592
2948
6976
5917
11452
3464
10803
1736
166
11465
10198
644
10064
838
1573
3161
1914
9102
363
11301
4922
3430
394
1458
8715
5238
10420
258
10230
9037
3070
7467
10353
7322
3944
2812
2735
10025
5962
2828
8502
8155
11307
6109
10026
4124
6584
6163
977
5351
2843
5178
7893
9615
9060
72
11575
6309
6651
9670
2929
2241
4907
751
2219
5483
10105
2697
10287
6157
7202
1928
11901
1515
2729
4895
11392
10271
4303
6
2437
1621
4081
9013
11885
476
9664
10648
10469
7498
11303
6467
6589
9919
9131
9740
10126
11094
7065
2909
7252
614
10307
11160
5468
9722
11297
8761
1010
9593
5424
5649
8990
11322
6926
10453
5255
8456
25
11840
4027
10980
9401
2393
1439
4247
11323
9797
6855
8707
2851
907
2317
1133
2508
3314
556
7514
10151
1499
1551
1442
710
2059
8493
8216
8518
9444
4239
3301
1806
2575
10878
3276
5916
7037
644
10810
8037
11319
10543
10364
7361
9058
2031
9943
567
641
11220
9319
4561
543
1933
3150
2775
2899
6918
10057
587
10628
5519
697
1260
2522
6947
8722
403
7036
5567
3802
4262
315
11510
9078
2014
978
4407
7460
7638
104
5989
4373
10982
8712
1479
11209
1068
8939
9198
10698
6998
6798
4428
7798
5630
8383
7403
5465
3997
4169
11060
5692
4854
11309
6794
1199
900
7950
5682
8306
3825
9884
9864
11540
11994
8630
9146
5668
3779
5679
3221
2028
9560
2918
9757
606
5858
315
10401
4576
7245
6737
10964
4853
4765
4613
10949
1127
5545
11796
5699
197
4114
2876
1402
5256
3502
5227
5261
1228
1185
1184
1175
4829
6818
1618
7225
5899
4417
3285
5782
4718
359
3725
2887
9473
502
7953
4722
8911
2620
11710
6403
4932
4153
3281
11554
10539
4600
8215
10296
184
10369
9319
1710
11272
10718
9648
10409
7761
6182
961
7327
808
7705
5259
8567
2260
600
4757
3798
10697
6390
936
7167
436
5944
9098
11809
736
892
8616
10858
6234
4831
515
553
5090
6885
11615
8859
3012
11729
2257
11010
5224
402
2748
595
354
10252
10445
1709
5186
4775
6245
7124
4245
10124
2292
4619
3793
10381
3869
4594
6312
11902
5431
1166
5015
7858
6809
3914
3549
10722
1563
1250
8136
7048
4041
11570
8229
1896
3874
4313
1708
10381
7434
123
1082
2162
10281
7393
7068
563
5729
7856
1826
11250
10198
11488
2236
3399
5184
10925
2272
9145
9080
11117
8124
2902
7719
8419
7481
10876
2032
11664
4331
6884
11443
5064
2272
5044
10225
6485
11346
6842
8849
4453
5071
11585
6309
11584
7579
2029
5004
3899
4635
9553
11327
6394
11212
7030
6981
11466
9368
9076
5105
6464
5716
4637
10754
11091
4794
2770
8989
5565
7616
8705
2874
4571
10326
10778
11058
1702
4595
4685
5791
3681
11960
2459
6068
6326
591
3234
4351
9484
4543
11255
4571
10256
590
7693
3201
1452
3116
3338
4803
10239
948
10215
3773
3450
9070
558
10173
6244
2513
82
3044
10175
5655
361
2216
1350
6092
6850
9329
3111
1513
8714
10304
2388
8150
11812
10163
8533
6336
6146
1162
206
8237
4469
2123
10338
8627
10859
2483
9849
10815
6956
4875
9931
9830
146
4396
4416
5495
9455
1834
4528
5638
9353
8409
10037
10396
8566
2181
9907
5755
727
2389
5450
3657
9547
1323
2323
1116
10321
3618
7482
5984
4333
2402
10067
3797
3182
1140
9720
4371
5466
1399
4053
9304
5346
3745
4442
6719
11547
7453
7372
5229
5678
2105
8377
6821
6350
3493
4409
1946
1668
300
10516
4551
4605
9466
6808
2906
2371
11328
10729
6132
2575
1630
7979
3618
3147
2243
9668
2596
9353
8382
2189
11867
2254
4224
9633
1840
7489
10546
11776
1073
2712
1746
7682
2510
5681
332
7994
10042
7465
10592
9799
4591
4144
10300
8911
11961
3833
8435
11319
7819
7774
823
9515
11900
8457
7118
10855
6728
4941
7740
8521
92
8121
10144
1838
2782
7391
10949
6237
4217
5635
223
6355
2086
457
401
2271
3112
791
1258
1997
1095
9085
5300
906
10374
3662
9582
2496
7308
0
6294
85
10578
3726
10742
11656
2677
7185
9695
2503
2457
136
3999
10591
5302
7490
11049
31
1459
11298
1276
1720
11059
2477
5886
9146
1433
6691
2490
10630
4922
4578
10760
10655
4606
513
7561
5491
1070
10449
8320
11083
9023
3223
271
9112
7759
6493
725
4418
4558
5762
10792
975
8578
10799
3733
10118
617
2832
58
11268
8367
10535
5196
3164
1804
8265
6670
6079
6777
2020
2665
27
688
6148
7660
3395
3101
780
4803
11809
3085
6653
6842
698
5572
4247
8074
1215
357
5292
7331
3430
2898
7474
4694
4672
1988
9120
9964
4688
10107
9669
9461
5958
3921
5258
9282
5900
8397
7777
4387
1042
5528
3304
389
6125
11805
11089
9212
10303
5207
5107
5485
4913
7211
11891
1743
1362
1842
5861
10908
457
10194
5641
11077
9027
11238
11526
2217
393
7667
522
6734
8716
2019
10742
5637
5508
7398
11122
9302
3489
2912
7286
9919
4334
9070
1555
2216
9225
2327
18
6587
11849
3183
1374
8887
6427
10616
6750
1948
6193
5930
5751
5178
10465
3126
2604
9027
1301
4597
5568
9527
371
11172
4746
5774
3956
10235
5667
6798
731
8111
5952
2041
11465
5488
8595
8605
6789
4569
8690
8522
3209
4232
6473
8615
971
4701
8667
1611
508
8994
8362
1436
6306
3827
9370
7823
3682
8601
6629
2399
8346
4666
5369
3398
7268
6105
7443
1208
4716
10501
5933
11101
78
1344
1415
5173
11174
11155
4781
5529
8854
11432
1861
11210
5492
382
6839
2928
245
7333
11391
9531
11825
5745
3408
9081
10519
1757
11111
5686
6544
10621
5350
631
4034
9647
8128
9651
981
3193
838
7387
1889
7898
1770
11288
4698
2921
9878
5391
11120
9742
399
9355
11402
6557
10808
1178
4302
6912
2926
942
6596
11276
483
8294
2744
2211
10459
7760
2261
3391
10230
3151
9002
5027
6945
2978
6369
8136
8477
1638
4391
5041
6052
9039
6050
1132
9134
740
11393
2450
9431
425
1852
2731
11861
4039
7575
154
9314
11130
11780
7025
1694
6618
7727
143
1886
1132
1483
5579
2549
11465
7183
2953
5898
961
4993
5819
10595
4800
11121
5209
1718
5898
6619
11345
1302
6032
7915
6377
3972
4711
164
9919
10772
1486
11689
2566
9407
11397
5642
10133
861
2349
5962
10234
7676
7399
690
1659
4839
5214
2359
3864
2537
1089
3299
7753
9526
74
7448
11518
2697
5109
3048
3161
1106
2705
6712
3601
5819
5436
10501
4552
10187
7804
8094
5946
62
11311
5296
2250
2719
11958
8040
8005
10842
6659
3778
8694
6034
8946
4993
6594
12000
9051
1051
10269
9376
9939
3386
7867
6156
11580
363
3599
162
1132
11303
11210
6444
3653
5642
5404
11824
5208
11372
8538
11783
3918
11146
5766
333
4994
3101
335
184
5489
467
6416
11434
10454
9192
1777
3674
5680
7768
3491
4348
1514
11396
10200
6278
4939
4678
7102
1268
10686
2732
7484
824
4863
11738
11655
11753
243
5596
5840
1143
5938
6981
5719
3064
2326
8184
2690
7864
5469
688
9025
9017
2442
1080
1371
10494
10951
60
4451
4826
4428
11812
7486
8565
7486
7984
10574
649
1670
4289
11332
6486
11705
8205
6220
6116
8372
4282
7914
8804
11252
3720
3076
2625
3236
5146
5218
738
6414
4057
8125
2406
6782
7988
11253
5347
5954
2908
3800
3311
11755
7510
4504
8955
6208
1062
1594
4277
599
9009
9772
1229
1356
2806
4772
11813
11482
5292
2718
708
536
8056
6150
2880
1055
4958
860
7174
7705
4162
9988
3741
10576
1582
6483
1818
6868
1993
11805
3249
11018
11476
11797
11581
7809
4486
3835
9295
4649
3394
8327
1560
3439
3707
10330
11603
5081
321
2414
2328
11716
7001
4740
11528
11395
6840
2470
4945
10693
5574
1459
5138
10704
11847
8920
9461
8997
2724
7194
7679
5879
7419
224
405
272
6899
10228
11839
149
3278
11413
9040
626
10939
4440
2004
11040
9364
2337
2136
757
920
3931
4300
4273
10008
4564
1053
6037
7757
3018
1049
5734
11361
5633
2992
2020
10443
182
7530
2103
7091
6676
4146
6017
6215
8232
291
8792
4687
8131
11428
4434
615
5240
3019
2315
4552
2362
6830
1235
5787
11476
6535
1614
10600
9425
1315
3983
3355
11135
718
2461
6186
5905
3499
6011
1304
181
1497
7384
11685
1170
10783
549
9889
4911
8861
2942
10806
8641
2200
6169
10407
8817
8874
4383
3019
6544
2207
9899
6827
10533
5113
8053
7925
3751
7022
9854
5870
10914
8082
9631
11204
2991
4088
538
1325
4713
4423
7375
8756
6807
10327
3236
9867
1776
3888
597
8944
10868
5339
7335
1344
3567
1383
1582
5813
4934
4096
1870
7151
942
9317
3897
8090
2686
5579
11085
998
4269
1856
3521
6241
5673
5125
4606
10331
5754
10865
8570
5062
2661
5648
3407
10533
3051
1541
6532
1758
3385
8982
2339
8659
2529
2012
2178
1720
5912
5210
6159
7037
6218
9938
4057
8412
2503
1003
6099
11540
11554
9371
1973
11169
9502
2671
7811
8762
435
10788
9578
10127
5067
8496
1661
8388
8604
7561
10167
5054
4447
3778
1565
5523
1576
5020
2599
11305
6335
1472
6791
10761
3653
4815
1143
11925
7221
282
2004
11837
1190
3174
7515
3057
5297
6843
3424
5619
4816
7299
3907
4923
1391
5425
6273
11139
8877
1340
1528
6337
10229
5004
8364
6646
8542
7536
8310
1856
3229
9918
814
6397
11395
9350
9200
7711
3084
8605
580
16
989
2008
8134
1249
3469
2185
4724
8587
2329
2942
10010
5561
4729
7116
2951
7408
382
8826
4607
1941
11407
117
5976
2971
11473
10786
10343
6654
5567
9582
9907
5620
9845
7119
8378
5515
711
1140
11293
2982
9394
3439
1974
4431
5653
5339
1531
10749
3979
248
6813
9487
2852
1746
11886
8791
1805
1102
3787
8236
8968
4727
10579
11115
8581
8319
6130
8894
4483
675
6581
7716
10830
2847
2029
3340
5816
8075
11594
10909
10403
9385
218
9232
3648
743
11183
5360
5991
1200
8926
3293
11438
837
10255
4233
4244
1834
5239
10296
589
7203
11356
295
4336
9899
7002
8059
1228
10348
7416
7001
7807
5064
7874
4831
11993
11186
7013
7296
10588
124
5217
11452
1529
8798
8789
8484
4260
8611
831
4924
317
2894
6518
4493
4711
657
10424
7235
1055
82
3380
3067
11520
11719
6276
9165
11563
1246
6580
272
3368
1513
4598
11445
3013
8352
2924
6088
10566
9491
2720
3633
3444
4028
495
2557
10842
5268
11356
5547
2237
7423
9788
6003
5984
73
554
3102
11053
6481
7911
3170
11835
4239
2720
4531
8211
10784
9837
5181
11523
9805
4374
5602
2554
2852
3848
5932
3850
1999
58
7153
10705
6463
1802
468
3341
1897
10703
6556
9705
9105
1169
6913
9400
5350
1917
4247
3733
124
7718
2334
3187
2007
7337
2728
6377
547
1911
11440
297
2220
11822
9291
5478
7635
7857
5042
4526
7303
10494
11534
7296
7904
3602
194
9883
2942
5207
9729
3010
11124
11922
3839
8229
9497
7523
11541
8821
1980
6526
4904
11925
1799
1628
1598
3836
10555
10838
1329
9911
5835
9121
10503
8750
6080
1344
4916
7358
3693
5178
5798
2320
8858
6209
7933
1441
183
9440
7252
11092
3807
9192
5972
2145
10777
1146
171
11174
8046
5691
9147
2344
1441
11312
8526
951
9721
11064
1068
8925
11281
545
7866
5324
9089
9104
1028
8077
1794
11767
3618
6146
7044
1224
5992
11915
4846
11735
7910
5002
7158
550
7869
7406
3152
3360
11855
4345
8164
5990
1775
11141
7781
471
5943
11163
6329
3961
3060
6037
3813
5160
8269
4933
4462
4148
3143
4396
4473
8414
9145
1607
11900
9240
4269
2626
2906
6594
7484
7130
5165
10754
10555
7660
10507
9495
5729
5611
11076
3197
6903
11268
3250
3269
5099
11004
8176
8805
6725
10950
11834
5070
7184
1667
11570
2241
6266
2116
2240
4097
5051
6184
6484
122
8377
7798
8818
7598
10111
3829
5161
9770
4319
8444
818
8676
5405
2845
8805
2339
3676
5163
11812
2354
9904
621
8116
9433
4820
4693
5871
8834
387
8257
10114
4603
6221
9409
11716
10077
1827
10334
10727
9806
10192
10267
5929
4319
5405
10727
7352
4686
2510
2678
2712
2369
7704
7151
4593
8168
8161
5816
2497
10884
2450
5616
6051
3151
2640
11095
1671
11474
11189
5316
2204
11544
2159
10386
3222
5177
6321
5101
3020
8346
9324
2652
7896
9871
5402
3881
4729
6961
8189
9497
2323
3445
6295
895
11956
8122
2677
6765
4491
5916
11895
1408
7670
974
10303
7624
10667
464
589
6149
7120
8392
10849
8561
2867
4731
4966
3873
10361
3865
2971
2305
4210
7655
5976
9920
5590
4201
2244
11552
2140
9897
7251
8049
7555
7809
2492
8331
5545
8931
11277
4800
7772
3972
8116
2095
10441
2519
6538
467
6226
10927
10534
11192
9763
8094
4818
7907
3490
6856
6146
10182
2031
4461
6371
6402
11260
5442
1050
11863
6147
10184
6628
7137
11390
6591
9476
2138
6123
7955
4030
3678
3884
8229
7715
8005
1581
9970
9269
6945
6028
1825
5567
268
11067
2713
6861
2198
5595
10475
7190
9653
5582
10310
10696
1096
6674
4036
7111
4664
1990
8346
6806
2352
2269
8700
1532
10620
9170
9986
1603
11223
2079
9825
4128
9126
5143
9310
1660
5075
9554
5838
6323
11861
8537
10333
2152
9786
8525
3707
5728
278
2823
8882
6186
11768
711
5793
2340
8061
10771
5664
4199
11331
10633
10420
7115
4003
8515
343
11784
2976
3547
6047
2358
7348
3530
8118
4959
685
7011
10632
3555
11708
901
5869
11998
9610
9947
135
7318
11259
4155
5722
2102
6228
5025
2835
4719
5102
11047
3036
9503
760
7967
11488
10460
1313
4092
6215
7647
10822
2630
902
9229
11870
5310
117
2173
5586
3597
5577
1335
6455
6320
3555
7112
6594
2153
9878
3064
2531
1324
10042
10264
319
10463
8848
6279
4432
10214
326
6457
7639
8365
7837
10857
2026
9524
720
9197
2353
2265
9748
10416
11359
9540
3320
11086
11696
944
5193
8441
5156
9303
7197
9147
740
5419
7467
11312
8586
4517
8555
3149
7067
4124
5102
9464
4232
3364
9832
8399
11311
3100
1180
11964
1754
4570
10602
1702
10668
575
8929
2552
5643
3652
8303
9454
3554
9627
11600
7717
510
11290
5385
8989
3268
4045
2517
2745
7004
11428
1531
11016
6822
3991
7360
10360
3938
5418
9165
10496
8933
9662
3614
4108
5713
7614
11539
9619
4064
10959
11950
7649
6910
2904
10520
3824
536
121
10769
6479
11415
6770
2543
207
8558
7803
282
2105
1466
8804
1642
697
11138
7601
292
2147
8646
7448
4585
10406
10654
6874
10635
8925
11622
3649
4068
9328
9004
4465
6810
2533
3289
5595
6094
11715
1380
2349
11852
6685
6512
11443
2179
7679
3175
2364
6963
6541
3296
9820
2900
4161
1622
6313
1140
10467
3093
10304
8870
7586
7741
3890
2765
2635
10554
11840
869
5280
8096
8666
3437
6329
1680
11997
7835
6395
4893
1345
3354
4724
9220
8374
9919
7246
212
10786
4798
9610
6587
7633
4143
2368
2972
1451
9083
2373
4311
8666
7670
375
8548
1046
2264
6798
7104
7633
6869
4015
4045
9410
10767
2438
551
10938
2306
10607
6823
7305
6738
3493
7363
3547
8813
3451
986
11158
9540
3631
4751
3325
11845
9375
11886
11200
10235
2309
5612
2524
755
7950
11547
9849
4860
8921
2984
2281
7721
8389
748
712
5712
10582
7840
6892
3819
4444
8329
7150
1566
4187
9294
8895
11167
3068
10603
338
11561
7317
3087
10214
9138
2727
10532
6321
4414
7939
6570
8061
4734
7988
4235
6260
11009
1737
10862
3929
912
7337
7885
4441
435
7775
3313
10772
7621
1194
1890
8999
1231
8486
3466
11778
4102
8270
6655
774
3736
6382
495
9110
8468
3020
175
11167
6286
2970
4936
4805
7415
11429
6438
7512
4045
7417
2192
3907
6218
3421
11298
9465
1905
4099
2452
5487
5171
8171
10448
9364
1589
1027
11181
10320
7895
9452
226
1801
11103
6538
3065
7483
8222
5272
6192
3434
4035
10305
3755
446
3111
2415
9519
806
63
2294
82
4330
11747
778
3931
7905
337
591
4003
833
1712
5829
2840
2272
3713
5369
3662
1563
2346
4789
142
10067
10533
8759
10181
3575
11235
9350
10047
3926
173
2435
6385
2936
11394
5819
3366
527
7623
11030
4359
2961
6166
8740
1016
5185
2773
7639
11356
2984
5646
1106
2534
6488
5411
5681
5165
6739
3703
11791
5365
11348
9278
7428
3381
816
536
9819
11281
1919
9386
11786
3195
6246
10680
9623
423
1482
10231
8009
11445
11654
6624
4208
2333
1388
6620
7295
8978
3319
1626
4293
2894
5703
7483
10774
8848
2277
10008
10630
788
1202
11497
3212
7611
1891
11699
5334
6483
5721
674
2580
278
1380
4901
9263
7806
1751
10309
1795
3083
6954
9699
886
4288
6671
764
3784
11121
9808
3708
4707
11000
7918
8400
7070
8578
11909
1116
10958
4995
4569
9515
4630
8973
490
11265
1549
11767
506
9711
1284
9149
1153
2872
1090
1590
5155
6808
6144
2921
8187
10396
10411
5715
10859
5966
7587
10936
5858
3619
11956
4906
2813
7142
8670
925
9581
11628
169
9573
1346
3879
9198
900
3720
3173
4058
9288
342
11634
11441
10763
423
662
2595
6022
9654
7563
4753
5180
952
10583
7661
9933
1786
7701
7668
8580
7376
975
10685
10177
8973
2886
11726
7807
9817
901
2565
2641
10476
5054
2867
6307
6035
7973
2954
7438
4985
9955
5191
1710
1819
8818
7785
4305
7508
5190
2277
2045
6580
11099
8608
1334
5725
4909
5197
10739
607
11515
58
8250
5418
3814
7663
8114
2865
7780
8466
7348
6575
11389
11938
3946
1471
6903
11008
9253
2959
5597
8416
1712
7815
10454
5138
139
4993
1533
7797
11572
4451
537
7518
4302
9408
814
6146
11987
2083
11286
5694
5851
7878
6214
11393
3270
2320
5561
6750
6090
9324
667
5243
4554
5007
1305
5049
8465
8749
9067
10264
7648
9975
5273
4428
10648
3961
7671
11667
2071
6483
1546
1058
7840
1414
8532
6714
4633
8207
4787
3664
9912
10494
1538
1154
4409
7390
6696
7516
6373
2315
960
5760
10723
10681
11202
2755
4174
7482
4762
5574
583
4008
2209
10750
3888
7981
5602
11373
5012
2858
3065
6644
10358
7191
2036
7321
1092
1920
669
1575
7646
2083
10854
4579
11117
3871
3503
2082
9941
11418
8548
6425
4861
174
11700
7111
163
4053
1404
4743
11309
2359
11355
10457
9863
6544
8610
10527
8042
10034
11503
8716
4493
2543
6963
11310
5233
4953
3113
7579
7095
4750
9925
3731
215
10759
8759
6711
4542
457
10626
1246
9129
1346
1871
3632
388
6799
3730
4552
10984
9838
8027
816
4770
10767
4372
10377
5226
5214
5052
8422
4796
1342
4156
8042
11868
10203
11473
6174
8619
3051
6559
2997
11693
1121
10278
11862
2177
9456
9144
4125
4497
3231
7102
8994
5820
5519
3948
8926
1453
3435
2868
1751
2717
9361
2055
4227
10558
3878
6203
11049
10582
10097
2969
8510
1305
10737
6721
6601
9665
9575
8209
4037
8966
11103
6768
9862
7945
9706
1056
5271
11305
350
6855
4036
2277
1322
10643
4772
11790
9318
820
338
8446
4131
539
9940
5897
9889
3041
9343
11591
11073
7690
1400
9872
5715
6427
9408
10585
7598
1664
11311
1497
6862
2519
11286
8824
11600
6683
1111
2749
9267
7308
4098
3903
10962
4431
5752
1371
11718
5163
10525
4836
4912
1447
3030
7933
4535
5033
2661
10453
10300
3966
3039
8383
4595
11383
9981
1749
7551
3981
2665
4466
9918
1255
8636
9301
10879
1467
9352
9712
3727
10309
11009
4782
3816
11456
8884
6924
5579
8008
11860
1025
10421
5338
5709
7412
4497
8261
10837
167
7402
10909
11873
8089
9895
6152
2101
5859
331
5146
8272
5166
11959
10966
6133
6097
11051
1070
7043
2311
6461
8633
7590
4444
11468
8506
11339
8305
235
11017
4424
11104
10810
11260
3122
9651
3382
3080
5982
9838
7956
4282
3715
1230
4924
1441
8922
9756
7675
7363
9884
9004
872
64
8656
8277
2116
11076
395
3760
8352
148
6995
2049
11675
6385
431
5791
7639
10263
9332
7393
10391
1662
8007
3672
1813
291
11708
6575
7571
234
10683
10481
2915
11339
2873
8340
1358
1940
1389
7001
2545
1897
7158
6743
11765
1012
10937
1816
10518
10398
2344
5432
8124
7888
9560
10235
2199
8962
147
1296
11846
2492
5286
259
11343
5764
6878
2510
2437
3600
6703
6810
7121
5410
4464
9321
4147
7040
1118
154
3492
8521
11879
2289
8687
3162
4390
6548
2720
1356
4075
5758
4265
4227
1646
1359
433
11972
7794
5923
6911
5084
1888
219
3471
3644
1095
5226
1278
7589
11254
5665
3431
10879
5000
10905
6251
2367
7208
3543
3503
1188
7927
9755
10111
2585
11692
1731
11079
11291
7637
86
5028
11449
1402
11696
10324
8517
2613
4083
6319
5440
4616
2529
9853
5059
2866
2487
4507
10023
3573
11610
10208
9566
9850
10934
11736
7770
3538
8039
666
9684
4254
3107
1518
313
7352
287
716
5200
8293
8686
73
7103
1390
7950
392
10649
6407
9194
11725
5816
3452
7656
8707
5023
4576
8419
475
4831
2993
1203
5982
10278
5385
6942
5482
3314
8508
3744
5375
10037
9906
7988
2456
6604
11238
6979
2427
2409
6133
5926
9020
2089
4291
10776
1980
8573
593
9980
143
7911
2862
6895
7108
11262
3981
7597
4894
3685
7931
11877
11973
7537
4941
7799
3683
6296
11225
9221
4550
7179
3591
11510
1378
11361
4113
11436
9475
4527
11332
9082
4939
6904
243
1012
11871
1200
10858
3957
5870
4360
10678
2188
10952
3278
5584
1071
4838
10040
6078
2631
11969
3016
452
8983
11209
4389
5144
2818
10007
4523
6894
7135
11895
8492
3930
9445
7340
2065
1355
196
6304
11622
9856
7893
5670
9177
6547
8720
192
730
4738
9778
9477
7464
10698
884
3589
3746
5800
4159
11274
5945
7065
10456
3555
2863
3300
5106
9312
5384
10360
9669
9027
3342
9123
9428
880
351
1548
540
2681
2162
7909
11155
4177
5432
6156
10987
2791
4292
5012
11532
7033
3762
8702
6761
5111
2549
9327
259
7227
4682
387
10514
11118
7856
4316
7583
7768
9479
11179
4449
3473
8907
4865
7913
6368
1057
6363
10385
11953
11609
1744
11762
3600
6684
10554
3351
1627
2357
204
2839
7144
676
4909
10372
7339
6613
10903
1095
10716
39
10725
11618
11583
10879
6850
6528
10605
7845
6070
11110
2081
7153
3608
6845
9633
9381
8583
2613
8848
8886
11626
11808
840
10227
11782
1460
5941
7787
11229
2350
7883
8752
11488
2292
5603
10777
23
8956
6646
3434
1361
6823
5208
8546
11471
5939
4554
5148
4333
11824
3876
9443
10786
6911
2654
3189
7798
570
1944
2039
10903
1336
10694
4565
4270
2888
58
9625
8326
9143
9505
305
10183
813
6976
5030
10247
11443
9575
5569
2541
4327
6219
8008
6221
4319
7005
7917
5508
3940
11121
1964
10739
2019
9328
7037
507
8678
7456
8382
9321
1379
939
3755
4436
8483
3966
6924
951
7823
5189
11018
7583
100
1050
9982
10068
10780
7523
1098
6375
5847
1243
10648
11162
8950
7177
5662
2755
10358
11205
4575
7570
9482
8000
11783
2661
6304
7624
2498
11180
814
11264
6012
4799
4372
11840
7330
3352
10870
6879
4746
8828
1518
5120
8579
8803
10481
1087
10841
7922
941
9886
6032
8336
10898
8099
5309
4428
415
4709
508
6819
9291
3531
7996
1709
7046
3858
10438
5534
7811
8611
4338
186
1221
4554
1150
7526
8800
2305
658
1847
7899
2389
6446
1933
4253
11829
3361
4731
8798
11672
7373
3192
3296
1568
6354
6499
11268
1587
1159
1497
6276
9551
4135
3636
2335
175
8637
6180
11515
2033
9308
6213
10069
9630
11073
3540
2250
5837
5543
236
5701
8220
7754
8107
1954
9038
2164
4612
8299
6514
5693
5215
4767
5625
909
4122
7560
6341
7675
3852
8594
559
11745
8368
8439
3745
1090
7197
5911
11872
7041
3211
7213
4971
11290
8404
10797
10192
10257
3455
6338
731
11700
2888
9185
10596
11649
4538
3229
703
6418
110
8392
10132
11375
10536
2867
3592
1241
5434
2786
8825
11600
4457
11657
5317
10654
3115
1828
5775
11460
9601
2029
6713
10551
1908
6101
11934
7685
3231
218
3983
3360
6854
6863
1093
11231
6507
6380
6976
7709
3291
8010
8879
2652
11474
1161
9470
7932
11807
9387
4835
3077
6243
691
4515
5091
6599
4218
7518
11104
7675
7388
8232
5635
10101
8290
6279
11868
1857
5364
3870
11510
4638
561
10629
10997
4724
293
11363
85
7376
78
4745
6819
10147
6846
11115
7374
2601
5515
4756
6843
4031
1943
766
9716
9500
5544
5654
2823
6131
948
2265
986
4331
10962
1362
2897
4762
10260
10698
6140
4127
4327
568
4167
9228
1886
7351
9381
7385
6469
11519
11231
6019
2124
2031
2857
5640
8766
8804
11439
8371
518
6476
326
8202
6547
8143
5486
686
4780
6013
240
9130
2346
2358
10650
3428
10248
1131
3187
11757
3111
11362
2869
5769
5087
8941
5952
8178
3913
2294
10282
8898
4340
8569
5887
3820
11842
1160
2201
4065
8163
3133
9022
2499
9417
4388
10113
3175
8146
148
11874
10248
5557
389
1915
4599
8989
4777
6154
11262
427
8261
5995
4517
10646
11528
8009
523
9458
2802
5145
8817
3130
4567
8780
2397
1388
5808
5752
862
9050
11210
11417
397
1020
1881
5560
4594
3561
3614
10285
482
7675
6345
11830
5458
7913
6887
5012
6182
4317
9558
3562
4225
4453
7613
11439
5649
9459
1061
5787
6931
763
2544
2377
1625
8019
1642
6096
4820
9835
444
6456
3782
4330
2023
7927
8940
5482
3084
9571
3837
5473
8894
11578
7611
4900
7051
4788
1714
10987
9357
474
7160
3679
11336
9610
3053
975
1500
10694
9731
2425
226
4867
1969
5623
10603
8354
569
4090
5511
7100
5049
8880
4851
7203
5637
1275
1074
714
426
4793
7547
10124
6154
9001
5007
4453
7
6408
9630
6384
3900
4695
41
5500
3497
3764
9967
10695
3937
1593
7311
1214
7632
8946
1510
11785
506
1731
9232
2814
2904
4752
9759
5311
160
5571
9105
1243
1034
8862
8409
7320
9037
2045
5239
7270
165
221
384
2331
3356
9864
8939
11429
3304
8093
2687
860
4330
4859
11173
11872
9047
1702
8721
10203
2172
6519
3675
11096
6877
207
7214
3823
4968
6386
5869
2424
479
3621
5251
7614
5658
6040
6471
624
3975
6823
4762
2232
2961
3371
8313
1430
3950
8278
8873
1648
563
466
164
4744
6521
11451
2222
9965
1852
7596
5790
1555
7535
4250
10678
3750
2430
7800
7551
7375
11333
1412
10956
11200
1840
8761
8802
5755
1183
7062
10092
6951
1337
7537
11420
9899
4357
9825
7097
9133
11761
11647
7805
8886
7045
5532
4573
7165
10941
11170
6403
3188
2674
8044
1358
9546
5143
7308
11161
9238
9251
9874
1455
6243
11319
11151
3870
8046
449
9272
6823
5878
10221
6507
5592
11384
9287
10570
2255
7828
10583
2738
2801
8669
11969
9993
1376
5864
1584
9249
3802
127
1034
5140
4577
9497
3437
6748
11224
2299
6697
9481
10086
8791
9584
9229
10923
8252
10496
6266
10915
3755
8912
5323
2690
1295
2380
8931
5296
11821
2828
3933
6018
9278
5848
3640
8187
2396
3174
10567
2994
5569
2399
2165
11567
4255
1212
6461
9145
6244
10110
6134
8003
9489
11815
6243
6148
5634
3967
594
6683
4947
8135
5080
10119
5650
8394
11937
3322
8504
1012
16
4681
5760
1030
9207
11439
11889
814
9976
9031
7992
8283
7752
6090
5085
3460
9192
1369
8473
5880
8051
6516
3674
5138
8269
812
1963
5761
4499
1679
10650
3805
7187
493
1994
9645
10298
11398
8737
1952
10733
609
4276
5854
8118
430
11180
11772
345
3951
2594
7205
5731
6231
1375
8264
6119
8302
7731
8684
10033
9815
4657
8242
10873
7580
10816
5357
3774
10692
10704
5260
10183
4742
3775
10943
6573
8740
10773
537
10040
3948
11299
877
10574
10907
6659
9166
70
1385
9592
11931
988
7468
4541
5742
5850
1036
8719
11122
9620
9238
11841
2248
274
7667
4565
7272
3705
294
7542
2617
8065
7677
6389
10162
11061
498
496
9010
2857
793
6470
7249
10277
6155
4737
9089
1259
77
4488
2902
1822
5274
1070
114
9482
7211
8329
1628
4974
1730
4201
6425
5821
10971
1357
8615
9047
5625
5860
7282
3537
3796
3103
6767
2283
7191
11027
10171
3963
639
1592
8781
3293
2707
10907
1185
10335
10201
5912
3926
11723
678
5541
2717
6906
1851
5093
3640
1699
11100
9739
8385
9070
479
10249
6841
2795
2432
7775
6040
5379
2094
9336
11455
3332
597
9615
6076
9319
4306
7036
2432
2757
7547
7773
9977
6979
11065
1887
1193
764
3012
11772
9740
303
1033
8170
5043
7885
1888
5841
5640
5919
1975
6827
7215
9787
4274
4096
8927
3957
3762
6153
2841
5381
9231
3797
10518
2735
6224
1213
1706
9105
8390
7827
10962
8075
273
2474
9090
1546
6710
155
2484
11237
9593
4740
5353
2483
7665
2074
3396
5718
1943
9919
11457
2256
11441
741
9883
11296
96
8997
5628
9764
8497
2972
11847
6425
11349
9900
3612
8887
8263
9059
10445
11767
3313
11783
3080
3086
390
8757
2013
8704
5474
8389
630
9426
966
5299
7733
4782
8712
6244
1110
2294
8075
257
10922
7859
858
11109
464
8208
5044
6517
2810
3981
10211
6352
6970
8099
7410
4543
7381
10354
7552
8261
10068
502
2385
5580
6864
3123
10062
10894
7463
4977
5053
6022
11947
2480
426
307
11994
1247
5769
6484
1880
8283
7357
3777
9017
769
9769
7762
7779
3371
8801
3640
1847
2525
6792
8296
2626
11794
8257
4511
3532
5547
7161
11493
4885
6073
9910
8513
2999
3859
4371
7293
10249
1798
843
11997
5374
751
10241
6065
4694
8437
10868
11538
7173
8952
9355
8696
9064
2562
6326
3617
7048
3932
11251
9713
7907
10509
2993
3802
5788
6934
233
519
5671
2175
6152
7040
7386
3569
5446
9661
161
6817
5458
5100
2104
3732
11920
7445
7645
5479
1389
4362
4871
4170
8735
1116
4998
8402
990
9434
5288
9558
5952
5188
4381
9357
8694
11286
9635
2220
1086
2275
11443
3574
9368
1916
43
689
6331
9344
4584
10260
6067
11608
9462
10534
5160
5390
4877
8427
256
3941
11216
7935
9022
2784
10923
6214
7146
8577
10137
11521
9463
6269
9974
579
5913
3683
1375
4675
6388
6816
1026
3362
2539
4835
10908
1027
3935
5214
6248
4796
11484
11628
4283
4668
6815
228
4422
2075
2854
4784
9717
7198
781
4171
4341
1536
11384
1693
4840
8179
3963
4107
1089
2373
423
4093
11070
10926
419
1704
10766
10013
9996
5518
8013
4637
4242
4133
4127
11243
11416
4393
493
1686
11972
5326
8873
4286
11430
4925
2725
11792
1851
8879
2584
77
11147
3494
11405
3972
2128
4918
3614
2669
11828
1896
4259
8677
10977
5803
6430
6267
10946
1236
6044
1121
8944
10863
5184
2025
1927
8384
5521
8850
7917
6166
6942
10079
9295
704
8782
6605
6997
1577
3948
4398
11221
9420
7897
2387
2272
6712
5535
334
3980
5640
576
988
2381
5271
6041
4447
6733
11545
1709
8844
8608
279
4929
5893
9924
1808
2638
6809
3516
2573
1191
1882
2015
9040
9885
3162
6369
11835
11857
2088
4849
3770
9725
380
10879
1537
5725
11364
5130
3232
1729
4784
10627
6356
2685
4751
8598
759
7519
2824
1961
11342
10614
3144
11623
5752
6964
9835
9472
7377
3064
4775
2648
11165
2256
5474
9538
2076
9579
4565
989
10959
803
4770
10390
5161
3857
10284
4554
8874
8688
7930
7645
1219
8954
10630
2291
5771
5804
5647
2729
196
6609
11641
7405
3699
8191
2513
9596
6434
4898
9037
1611
1486
5468
10418
8511
8112
6159
7318
7801
2252
9710
1872
9742
7814
11534
8551
796
4320
9675
11559
7652
11329
1048
5302
4322
10712
483
9162
3648
9100
4228
460
2652
444
10394
10085
10399
5459
6220
4379
1681
4058
6213
4725
10001
10102
383
5436
2890
3286
4666
7098
11115
4892
7904
8553
2012
10678
7945
11773
5069
8433
7717
8179
4186
1540
7732
455
1975
1910
7172
9541
777
4977
6590
8707
8782
6726
5778
5227
3994
5717
8938
8139
6442
7428
9102
9958
3364
7651
7813
328
8463
4337
7660
7617
4423
605
6656
5134
5349
8891
10466
2033
6378
3679
10795
630
2294
7337
7253
3788
5260
4670
2847
3089
11107
7586
3179
3558
8057
7560
9769
8861
72
7522
7014
9417
2100
817
5819
889
11721
299
3856
576
5752
8533
11425
9855
11701
5176
10237
1425
11102
3475
8224
7835
1094
6829
8640
5938
10428
5321
11922
4261
5052
5015
1044
2357
7713
6470
5472
449
6544
11289
7391
6549
9290
4934
2403
9279
1518
6825
5044
3695
10234
8671
10857
1324
1784
7507
7925
2019
6625
2947
5099
11558
1012
7377
1449
2957
4359
3185
1519
3525
2243
9444
8421
10677
1784
580
8121
59
5853
9839
11741
9255
899
5627
6439
7036
500
1966
6511
9168
10429
8317
4434
8460
2953
9885
1707
5643
3236
7536
5892
11003
3195
7957
6298
7029
7464
2828
8727
705
3217
10856
4864
2727
10145
4056
6226
10521
10568
2510
7185
7128
8544
6159
599
5724
68
2421
4281
8495
1135
1302
3309
3056
1765
6828
9890
11327
4260
8793
4490
4306
9124
11205
2045
3680
11268
8688
8108
9860
446
2518
2747
9258
11626
3089
4453
11054
2129
10784
635
11344
3577
9701
2142
9220
9935
9843
2060
8306
1156
6072
9994
5228
4837
8970
2208
9240
2365
7790
9114
7255
10815
5585
6845
6858
3406
4308
8674
9488
11692
5758
5820
10420
11344
352
9763
4165
2027
698
6451
8595
6257
4642
9116
995
1337
9313
4730
1480
11741
5078
1884
7254
9194
11046
6822
7278
1351
3413
9370
10254
8984
6243
10080
2808
5876
10468
4372
6337
3722
2903
9947
8227
8312
3979
5184
5629
6649
8055
1304
4046
2043
7582
7135
1969
6408
10368
9251
8344
4521
9586
3862
4225
11109
9387
2663
6573
2262
8285
10977
2743
3957
10009
5578
10556
11012
3898
9529
10216
6892
10167
11066
1140
8992
906
471
9355
11986
506
11074
3426
4912
3982
5503
8137
3892
5845
11954
822
10660
2022
607
6492
8776
3486
10721
950
2453
588
9844
10761
7205
9816
1647
2655
9082
9689
5857
9341
9779
11508
8448
7439
1317
1308
9236
7538
4499
5389
11407
6725
4225
1658
2757
5291
5825
7045
4406
1318
3699
9450
7642
6653
8802
1201
3201
4613
9719
11284
6851
9024
2275
247
5081
7279
6134
11931
10374
3915
6812
8590
8086
8550
8689
3708
4999
967
114
7369
10481
6162
11204
9418
1590
1038
7883
1773
7824
3466
3622
8071
1383
7290
17
408
5794
1660
4899
10080
6740
244
2277
641
220
9796
10977
9469
9502
10326
11513
9643
3687
11254
7221
3435
4233
9601
10734
2732
6307
3009
2297
6288
190
6758
5032
10163
10064
511
3109
4961
3745
10580
8238
2521
1199
9425
5037
4226
3186
2327
8547
5388
10553
5602
6824
5932
2988
2254
9979
2233
4465
4643
1780
4142
457
6092
3358
9826
1034
5071
11262
6523
3886
5701
10132
11805
3274
6964
6150
7141
5036
10232
2426
126
6271
9970
4552
4680
8934
11702
3700
3491
2705
2839
11806
7837
6364
2186
8346
10298
9770
5128
4508
11057
9209
1201
10011
5587
5553
9759
5596
10671
6889
4671
1419
6495
11309
5875
8744
7138
9251
6649
10347
703
8120
10125
3996
2568
8839
1037
3696
5152
5233
7672
1039
117
5626
617
4188
11050
4243
4358
2799
8242
1202
3313
7464
2965
7420
7271
9830
2039
8546
11685
589
6613
3160
5004
10194
5751
3086
9893
4906
6553
1904
8512
10645
6128
253
9897
6172
2611
11922
1255
6341
5387
10215
11657
8447
5519
6309
1023
8849
8688
204
3244
6021
2247
2378
6718
2027
5248
4287
9052
10013
11262
8117
6900
74
10430
658
6100
4281
8212
9088
5533
2618
10653
9441
1461
8958
6180
10414
3349
10496
2468
9062
7380
1121
11205
8909
11198
3400
9018
4302
9925
411
1346
10248
9138
8894
3990
11759
9758
2757
10898
4603
6567
5307
11747
8435
6528
9356
1811
3947
3065
4897
2135
10502
11117
4612
3024
3168
11263
10383
7110
2226
7924
2725
6075
5498
7749
5817
2593
295
3738
4311
2466
6100
5415
9057
8480
5875
9519
667
2543
8944
4349
11766
3728
11004
8537
6817
1284
7413
10081
10375
4890
5099
3951
6959
10438
10844
4454
2712
841
3837
6606
619
4806
10234
5506
9317
1926
11833
1006
4682
6250
2882
4479
7472
2756
3172
8829
6049
9888
514
84
10848
11692
9680
4063
8002
8112
6133
5763
4789
4969
2472
6525
9633
3136
10101
5991
4023
10909
3877
9399
4754
6844
4142
9308
9290
4365
2808
8931
6728
10762
10926
10131
8731
7578
7102
11021
2676
3836
320
2408
495
4931
9651
85
5247
2942
10903
7380
4004
4882
11902
6810
10585
4126
6225
3350
9186
2045
8778
8957
7774
8510
2701
10860
2065
724
2868
6772
2287
6132
10648
6473
11365
4366
11418
8534
709
4901
5198
11287
15
154
914
3029
7636
7727
1406
261
6461
3783
2199
7230
6672
145
725
10340
6074
1656
10268
8031
6733
4163
6143
11850
6909
11242
6287
1235
11781
9336
2389
7149
11387
132
4396
4234
1074
11619
6522
5798
2682
8254
505
10804
6420
284
10666
6648
2286
3391
274
3556
10188
3131
10887
10929
3471
7169
554
7406
6409
4044
11322
11229
5843
2085
9324
10867
2205
713
6621
8212
1061
8721
11610
5
7960
550
9107
11850
10598
2706
10858
6281
455
7962
994
9780
6087
5144
8777
3099
8314
4749
253
9824
3243
1876
4617
10063
8800
641
3743
3482
8191
781
1558
1005
9025
1888
5656
6109
10601
1740
3900
5142
7376
11130
2883
7788
5407
4864
11817
753
3905
807
11431
10442
1526
7945
229
3088
620
8298
9622
388
9137
2196
552
6552
746
2943
7566
6526
559
11812
9825
8956
3356
5510
11878
11679
7705
7699
5785
4344
1217
6831
7525
5946
9655
9071
7546
5362
998
1537
5019
4660
9888
4863
7545
4840
11062
5689
9595
3624
5671
6957
8109
4473
3333
8654
6850
6101
11502
4667
8469
9137
10021
3676
499
5479
898
379
8335
3541
6447
9098
10879
10464
6207
8436
4126
2435
5053
7605
6196
5853
4237
522
6537
8159
9823
10240
10740
3262
389
4562
3163
4494
9445
5255
568
9541
2356
5760
7497
5208
7276
11771
6728
9482
7465
11784
6802
7221
4356
1849
5731
3352
10784
7616
6563
9830
5841
1440
8429
9624
10418
3917
8360
1167
2910
11726
9915
1500
10258
1049
6943
10237
7252
2421
7475
179
5368
1661
4318
6627
6797
11303
8790
4134
7986
11799
4552
3301
1362
8733
6899
2153
11850
6787
6167
5110
9077
11370
5432
6261
8139
1038
3008
4359
3741
4463
11403
6099
9150
6674
6241
1457
10006
6655
2991
9368
4621
4976
1210
2220
8382
1377
3199
10503
56
1561
11661
10536
9590
10974
9869
732
6807
9262
1026
869
1206
10687
8735
1531
884
5873
5464
2929
822
6778
1499
8041
6637
1411
5948
6644
556
7813
9978
1406
2530
942
3053
10705
925
3571
9739
7702
5403
3913
511
8110
6174
6800
6099
9398
11052
11776
5646
11310
1609
6335
2925
2428
6019
9475
5784
5449
7379
10626
8786
7196
6579
8364
7099
6300
10137
351
6488
7560
5723
10997
11182
5514
9547
1191
11004
2051
6125
4334
1078
5612
3059
11749
9349
8614
1304
11320
9392
11335
9073
2605
9077
3754
7988
10823
8953
10193
11933
4069
2960
1029
475
8317
9666
4888
1206
6586
1867
9491
11017
7708
6335
6318
11516
10874
11431
304
8240
2667
7828
8976
897
6707
6135
58
5857
10256
3749
3879
7487
8214
7844
7259
5237
7120
5119
1642
5582
11467
6362
3184
9220
484
303
3809
5478
6266
713
339
11182
5306
1141
5265
11803
508
3756
10825
965
8142
2722
2870
4196
6823
11732
481
5854
11352
10469
4014
10857
7389
5586
4187
10318
1735
3663
9289
2391
8036
4613
1995
5454
10275
8535
6595
4728
9575
10032
8294
5916
11147
5372
8795
11227
5979
3347
769
9883
7854
2574
191
4224
6590
10645
2573
5598
2159
5563
4293
1646
7544
6044
7670
6198
9199
5435
1086
7783
9443
10560
9051
7313
2656
3362
1516
5774
6231
6027
9319
4923
8768
3227
7416
9466
8721
6898
7021
9325
7613
6119
8107
1626
7823
1210
9077
6471
2207
6600
4351
1297
4004
10933
2089
10854
2104
3200
4393
1309
11857
4283
11023
2284
2568
8996
2210
678
10725
7772
8076
4760
657
7716
570
10264
3905
1271
5418
4707
7317
4322
9572
11746
11058
9509
7891
535
5245
5844
9617
11665
4076
6007
9436
2005
687
8441
8880
11522
7059
3469
9793
10783
2491
10862
3551
2747
3660
8580
6440
10224
9509
10468
5127
1664
6728
8272
8918
11372
4836
1937
4821
9177
3716
4500
4223
1910
10001
2371
10751
2597
3718
11688
9116
9090
6580
1292
2308
11360
10455
1067
1901
7139
4933
9982
1182
10262
2012
3064
4815
7992
4849
4673
6101
11092
6481
11249
958
9590
3478
11861
8795
11958
2114
2842
4110
231
90
2859
4326
2155
10771
2993
10765
4351
886
8296
6171
3022
10580
1170
1599
3143
3
2643
3587
11672
4013
7795
384
6362
8938
11252
1295
4177
8704
9206
8298
9540
10243
4836
9485
3064
2936
790
11241
274
3952
7203
1970
10841
2880
9606
4203
1092
4013
626
5894
1313
6304
8395
10031
6341
319
5971
1093
1395
9906
4402
3615
1861
2117
8868
2579
2349
8756
4698
5458
7185
6401
3571
2269
3230
210
1630
8217
4103
202
693
5322
452
554
7039
3452
5556
1103
11625
11623
7490
3833
5945
7518
2161
1054
2971
3730
7135
5083
1075
9506
1739
706
9219
5231
4857
1824
10086
9926
1085
1430
7720
21
7991
7512
4461
8350
3740
10183
2368
9555
3586
9345
10127
9722
11284
5247
9916
9264
9688
2799
2962
1032
9638
3802
1415
4157
2396
2146
6724
3408
11148
8539
2328
6474
11703
529
7455
306
1951
8288
8679
9620
701
264
3147
4393
11154
7728
11807
899
6915
9852
459
4741
10495
8089
308
7519
2201
6917
8988
10497
2529
8595
2739
2495
3830
5507
472
6463
7525
6760
4080
74
2517
9818
3821
1811
3160
604
11794
1149
7860
3566
9158
3889
2379
3470
5058
301
9562
11024
3086
5107
1281
7787
7361
8856
2059
6796
5849
1329
2965
1059
6489
2847
9287
7180
10747
3690
5520
1323
11223
4728
2139
578
3120
3748
9214
349
1684
4368
3380
7435
2790
7425
2911
7110
10457
5865
1638
10881
6212
4238
8197
10336
9994
11070
2521
3755
3477
10992
9050
10234
9396
6943
3526
7943
3327
3577
1171
6304
2957
6210
1172
6360
5152
1690
8796
2487
2838
5890
2621
2797
1776
8006
1854
93
5436
4885
2085
554
3553
1330
6697
11454
654
7854
2763
11983
5795
6019
191
3466
9458
11543
9660
8329
339
11149
1980
11551
1928
11200
9175
1262
2975
4204
2168
463
4537
7490
9869
3979
8627
2851
1880
7314
9682
780
8280
10787
4760
11077
9739
8632
4015
4234
5871
773
10635
8596
5703
3237
2509
7084
5638
9790
688
11916
2802
5595
6267
2668
9967
8200
7099
5575
3407
6442
4364
10551
9808
5465
2148
8881
6687
7567
2223
4285
1823
9470
105
4426
11063
2342
2559
9880
9442
8781
9592
10671
6894
4927
6775
385
8270
9493
2
3275
8120
10660
10030
3791
987
4409
2256
10007
2303
864
4520
8186
3802
8408
4746
5688
6654
9981
1457
9623
8934
5311
2765
9055
818
5420
1974
10204
9545
9449
6748
9444
1998
7858
11521
9322
1640
7609
1516
9790
10015
1650
1381
5323
475
8305
6361
3644
695
8998
816
6442
7278
10348
3210
9242
10354
6753
3713
5905
890
7911
6430
6379
6460
11665
3468
4295
2640
6379
337
10897
10743
11082
9749
3159
3295
2761
8143
6822
3477
11695
5851
5376
10336
10147
9687
10156
8668
8681
6742
1386
1456
2896
1629
10600
8016
10587
6441
8075
8388
10071
826
8821
4553
1833
9693
1025
8531
7108
1161
3790
6559
1197
1891
9191
10885
7946
804
7279
4115
4759
3348
8830
3370
11708
53
5536
3383
6048
11897
10285
9167
615
3747
7276
6485
424
5335
2026
11505
3515
9065
5491
5973
11250
8421
8794
6069
8964
11725
9444
6573
6952
4275
590
539
8530
9422
9485
7914
2360
11528
7952
6425
3639
7967
31
2030
7997
7223
8322
5685
6279
10946
6075
2587
1604
1047
11104
3362
10827
10571
11030
8862
3700
4895
3485
1603
1769
1601
6026
406
3832
3976
7909
2889
6875
4447
2729
11666
3151
11433
5220
3097
4483
5436
10507
8301
9860
75
2683
2231
8066
8330
4610
5083
3818
1284
9277
10335
2027
7353
2900
1013
6055
275
5005
7678
2451
3467
8430
3816
5918
593
4722
5402
4864
2705
4030
11975
7294
4100
320
6681
5683
9239
3553
10190
5587
5876
1427
10283
8419
3437
4419
3411
5859
6535
5780
482
1412
11565
1197
4020
2966
2536
1745
6049
6284
11773
2726
9692
6064
22
10167
1094
11517
5297
3983
31
2504
2173
142
8422
6732
10731
7429
9470
11186
11854
5968
1453
4466
2997
2197
11662
11034
7628
1541
9467
8959
3206
7616
7260
1277
11616
5208
8217
344
2425
10807
4529
3592
4777
2145
10136
3628
409
9157
4751
222
5466
4336
8399
6226
9753
5223
5648
10876
4607
9927
10021
2779
4012
282
4938
2030
10487
9783
6830
11836
8775
4943
7930
7597
11492
8010
2045
10634
7948
1814
10061
8684
6104
6389
10939
202
10049
4976
10022
7403
1410
8216
10372
284
11361
10885
513
6543
11219
4289
10337
3081
6076
11177
7585
3533
1208
6789
5371
8705
9602
11851
1680
6070
1073
10451
4986
9728
2702
3664
9617
136
6014
11935
5123
10310
8388
1594
11501
4119
839
3154
2479
10935
7884
4020
3532
2671
8037
4721
4267
2381
9753
3905
8012
4187
217
8579
517
4636
9183
2436
7100
9343
10329
10843
7909
11565
9317
10378
5604
7229
472
9518
7446
6957
3007
491
10158
5102
3014
6800
11292
8285
4516
11441
5625
7354
836
5363
1034
2441
955
6954
10202
7798
3845
8684
1633
10734
6500
9133
9053
6743
1244
11425
2738
987
3175
1612
481
7664
4507
11329
346
2862
6689
9596
5451
1639
1902
3139
9600
10985
6165
1503
4323
10327
7422
5756
7083
6509
1685
7415
2732
24
1708
7405
7326
11519
4955
7860
7692
1573
5952
523
7947
9135
11685
2540
3997
6278
3259
6331
4405
5824
2289
6691
7792
648
839
11848
2079
4927
6666
6220
2430
8478
10434
3295
11675
3697
4492
6180
2922
7384
11251
10701
5236
7108
1203
7352
3213
2841
5890
10578
4170
10885
7621
2346
8167
9114
5824
1125
3660
6223
8640
9510
158
3496
9896
11975
9373
10659
5457
6090
1570
1220
11480
5514
6042
5274
9622
1524
3825
10277
6072
11979
4299
3867
1042
250
1546
10273
5885
4788
10628
1706
10647
11230
603
3275
11877
3722
1415
4671
9259
11470
1194
2037
1474
10019
11441
11024
8545
4273
254
8053
4067
52
11506
11017
4910
8612
3542
9606
4496
9083
2773
2054
1673
7434
2969
304
2846
2087
10625
3796
6781
4286
3583
2581
7295
1488
10977
1007
3314
4536
6756
5256
8291
11855
2941
11188
10178
7210
2995
7677
1281
7717
9313
11396
11288
7270
3151
6453
11695
10059
2126
4307
10240
268
6700
1872
1025
3692
9845
3485
8232
9141
11583
1994
6906
1360
1554
5157
6143
2173
224
8520
9307
4620
6906
4135
2411
7849
9715
9730
2049
10499
7225
6428
2307
8743
10568
8661
10719
9159
6480
11400
9607
23
5281
5641
8067
5156
3512
1944
11519
7637
7355
5597
11509
7503
5623
1815
4339
11689
11984
4872
10482
3799
614
6813
11647
5331
5654
5103
7061
290
4756
9971
470
5196
900
4271
8774
3387
6264
9066
6123
1602
10715
2280
9612
7063
10582
3150
1584
10647
9825
5921
1988
11596
5094
6353
8735
1958
2842
782
7546
3933
9777
8494
532
11090
7512
1477
11818
851
11507
3608
4128
4352
7747
9853
9405
10114
8579
1823
3436
5292
11155
5301
8549
8736
11461
5654
6618
3592
2944
420
3955
5497
5395
2084
8749
7063
5530
2785
5130
3785
4891
4836
2341
1759
1713
3008
2785
10068
1282
3891
6598
8705
8107
10548
10908
3124
7673
1898
7319
3972
2274
7320
6764
3493
2075
7365
7202
8084
4051
9454
1578
8259
8918
2550
11345
4090
5543
11432
11323
570
4950
11631
7962
10406
3469
1031
4346
11447
7388
190
1015
9980
7033
10557
11038
5850
8510
7435
3497
10003
8808
5926
4484
9967
5237
9691
7978
4513
6493
10503
7415
7285
10698
554
11315
4130
5384
9932
5829
7899
3305
218
2381
9910
10917
10236
4713
325
3073
6
3201
3156
3287
8248
10289
5638
11422
5252
4910
7462
3545
8177
5544
7277
8782
952
11225
9112
7671
5699
7346
9230
50
6396
11412
6310
8613
3544
6509
11455
9807
1084
3846
5677
6391
7576
11831
3533
2321
9186
2068
6863
497
10042
10253
10744
1260
2187
8585
4398
10825
10255
9584
7530
2962
3104
4160
4937
8750
10743
1633
1037
27
1770
10937
10953
3692
10603
8087
5039
8579
4061
9701
6611
6084
10244
3948
3599
10181
7375
4564
8066
2752
10118
3324
8207
11907
1049
7019
8309
7193
3454
11755
11574
2225
579
3511
10195
5408
5926
1136
4424
11128
3921
4157
8688
5332
4346
10334
4986
4321
2472
6106
6495
6129
8438
358
7275
718
4652
11609
1187
5570
7515
2051
10050
5229
3197
2918
3611
7072
1772
6737
6968
4491
10386
9286
1745
9912
3482
3886
8624
8416
11658
7530
10626
6166
3837
8982
4795
2889
4883
8344
6679
497
2216
4842
437
7359
5880
7198
9693
1992
10123
11645
1309
5544
3790
8694
3000
3911
5497
9667
9696
11699
6388
11437
6367
816
326
2804
849
11703
10111
1439
7653
10945
5720
9967
8947
6800
11124
6220
9566
4407
7922
4216
953
6957
11430
371
11272
14
1083
8424
2466
10070
2689
7782
5592
6008
9717
2732
2955
2219
914
3316
11739
7728
10644
6032
10529
9094
9559
9892
8553
4780
5153
7799
11452
4699
7782
4113
9213
100
6103
8409
11760
3019
5016
11897
2067
6254
7975
10617
9133
8890
1019
5811
3066
2953
941
11417
8412
11815
2097
3206
2993
7939
8909
734
3974
7967
7238
4198
1477
2899
11501
11128
8309
11342
4154
11185
7744
11785
2396
436
1200
7977
3746
7188
6075
7138
4673
1784
9045
7442
9781
7693
282
11975
9820
2312
9816
1151
10727
3904
8459
10248
3760
11554
2006
7103
10011
7668
1238
11065
2878
6638
8629
432
7887
7872
2524
7416
5139
4277
3579
9092
4519
2519
6753
10439
8686
7389
10121
712
2849
6738
8248
6542
6402
4514
11242
11461
8976
1757
8378
11722
6893
2578
4137
7925
1787
6910
10877
3814
8770
4132
5686
6234
7753
7836
3901
7787
6432
2616
2028
11653
2020
6329
1166
9869
2788
11184
1422
10802
3563
3596
5082
5542
1442
5885
1853
7696
6122
6072
895
11059
6079
2783
2919
3201
11719
3770
10375
8723
1346
10810
7871
2895
10747
2356
11508
7793
5244
5601
3959
7212
6870
845
2197
2624
405
657
9681
5844
1868
1800
569
7081
1877
9007
5747
9201
11845
8520
4854
6523
4186
4434
5038
7368
1680
10472
5447
11822
4691
7183
11892
4183
1532
8245
1066
9672
4019
7353
3842
4980
11809
10341
1765
3972
10042
4649
8053
11816
11282
3655
7749
7746
2644
10176
1743
1220
8022
5754
9600
9926
5231
249
5769
5596
6385
10678
11165
5362
9079
2688
1098
6802
1516
1276
4177
11371
7877
2862
11511
7760
5247
5590
11445
6046
1878
2655
1996
3073
2362
7413
963
5341
841
7807
10135
5248
4493
8326
2966
9126
3987
4044
3779
10750
1288
5276
5814
2708
5731
6114
2418
6091
5670
321
6992
6843
568
9695
5577
935
2466
2002
7981
1454
11139
3189
10774
11509
2225
11921
1948
1259
2412
4172
3869
5714
9996
4606
6205
9637
6835
2680
10562
7495
4697
2675
5428
4251
10958
2347
817
8974
3747
5201
7198
6333
11905
6816
7309
1619
8687
6550
8377
5241
5796
10451
1142
9139
4915
3323
3293
5659
4537
1437
6598
1121
11354
2391
7751
9966
9663
11958
3764
7229
7900
