7997
1919
3986
1695
2682
247
5005
4678
7506
8418
5444
5862
3377
6748
431
7288
7465
3153
1642
4403
2034
5146
418
1643
690
7322
1943
3919
322
8417
7637
2483
4436
3343
2138
3483
6115
6063
2502
6032
6624
3011
5923
2573
5684
1168
8486
3189
512
5420
5172
5503
4532
5490
6125
3563
3256
3658
1888
5907
3735
5926
4175
3547
1096
2983
1693
1168
3085
4768
2943
7019
1588
566
795
4785
3473
2797
5453
2209
2195
4322
4466
6829
6777
6098
2067
606
5690
2935
4378
2877
1585
8055
6146
7992
6079
214
5645
6977
153
7187
2315
1783
7908
6807
1941
8002
2823
4702
2521
2011
2757
3047
7057
5914
8402
5993
4792
4206
4867
3472
3238
6013
614
124
7352
3615
297
3411
5314
5248
6543
5164
693
2884
5027
4648
7081
8430
5441
5988
2322
6193
5537
3263
6991
579
6878
542
2674
1323
278
7921
5835
5751
6761
2140
3935
6245
3477
1660
740
2450
4100
6844
2155
4667
1721
3317
2361
3293
2178
5480
3912
2190
2177
6248
1858
3062
3968
2908
530
4597
4260
7442
7306
38
6384
4126
6864
5266
6154
914
1103
7357
6490
5498
6666
3081
3977
7123
7487
1588
9
3048
2864
403
8089
7096
6747
2702
4027
4889
316
8277
4271
8310
7315
808
6996
5341
1108
7896
7431
3151
739
7301
8102
1243
4857
1157
6803
5675
2819
478
8255
7918
2018
284
3862
7776
3024
6624
8385
3945
8011
2190
959
424
8230
7054
7940
7606
4099
4462
8251
4575
1287
408
6431
3076
2768
4825
6320
580
6325
1216
6726
5122
6122
7776
4078
6429
6396
3134
7724
6704
561
2257
4382
6973
5650
7460
8158
3980
6931
5481
2017
2843
3667
6591
4485
6499
4613
1259
6505
3351
6389
3455
698
8028
2301
6903
3738
5049
4084
8177
7746
1193
4423
5829
1547
4268
2542
71
4370
4353
5099
4337
3220
835
8091
1525
4750
2085
1448
3864
5295
987
7699
884
1932
6334
7994
77
4139
404
4562
1581
5971
5675
881
2767
5059
102
4940
3367
4610
663
2970
329
6586
1140
2086
7523
1301
2041
7595
3201
3035
4056
7257
5380
8170
8315
8420
5827
8372
7425
5326
947
8306
7464
5518
3374
4102
5837
2470
3083
7028
2872
8001
7836
226
3467
922
5044
6606
1305
3381
224
82
6625
6554
3288
913
1034
8353
5855
1911
7570
3241
5041
1150
2385
3708
467
4329
377
6966
136
7408
1572
5182
1120
462
2051
892
111
5547
4514
7145
1414
8390
7992
3997
1918
3328
5524
8211
7459
5853
709
5452
6307
4512
3564
1295
4657
870
7471
5451
4311
5919
2868
4849
6461
5051
1187
7435
2372
1069
1008
92
7819
8354
7752
7914
4977
6547
3980
6630
4637
7911
8036
6333
4306
6356
5204
7340
5738
6781
7844
4164
3622
4212
571
8153
3204
5105
2605
407
748
3264
1283
8406
4295
6647
5581
4723
4846
4556
8189
3823
5150
5613
4075
2578
5630
6203
3813
7190
7288
4069
233
3814
4645
5390
2059
5644
7344
1696
416
7066
5489
373
2136
393
6506
148
3934
4744
6048
2913
4043
464
3983
3207
2510
8423
1889
2128
6824
2278
601
4843
6839
6520
4323
3589
6407
7433
6296
125
5018
3962
6290
1434
240
7286
7878
174
5652
1847
5441
6108
6231
3961
1884
7508
8461
3626
8045
1432
5198
654
5218
2055
7833
674
2744
6380
3002
4421
5762
6939
3322
677
7948
8210
7612
2138
7626
7288
2926
3302
7669
1833
78
6607
3695
6745
3329
4882
1657
6535
730
1493
2903
189
1302
6169
6728
6741
1534
1162
4196
347
485
6457
2931
1373
4454
5974
805
64
7550
838
2238
1930
7454
2111
2220
5890
5013
2195
4116
5443
2754
634
87
6388
7544
1170
1222
8147
2249
528
6365
7110
4760
727
3625
3795
7498
1584
2483
3201
5588
7786
1097
5300
5265
3882
4877
3238
3218
5779
7352
6345
2981
5918
6104
6618
8217
2488
7333
7102
8469
5616
2171
5787
4593
3079
2361
967
1631
4575
5056
6943
1659
4036
3545
2370
5770
6113
7194
7326
4193
2596
6976
1834
7956
6044
7576
2950
744
6265
3230
2853
2232
8176
6919
4387
3065
2967
7655
6044
401
3967
2733
4990
7318
4052
6268
4600
8086
138
591
3023
3153
5912
3194
2112
1669
7827
210
6660
526
7711
5150
3648
1131
6745
4453
7530
1791
2424
4455
912
7913
87
6994
5543
4631
2986
3227
3565
4778
2143
4388
2307
7574
6860
3831
3019
8183
4331
65
6407
1050
5575
1679
5646
776
7637
2011
7991
3377
2716
7854
3777
3545
1646
7007
6679
317
2385
137
5440
3418
6318
5209
6067
1400
3414
8148
3350
7288
1363
8096
5621
5424
2857
8301
1490
4832
7074
5555
8201
1413
448
5968
7436
1223
5915
2980
5751
1613
4244
8063
4655
2692
6341
7497
276
8328
4917
3644
5538
6683
5774
556
15
1868
1062
6607
4715
6231
5321
746
2420
2287
2351
1883
3773
5658
2995
2689
5738
5993
3294
6307
4062
1024
5680
1156
7694
523
3569
5297
1562
5767
90
889
1189
7880
7545
5216
2242
8452
6967
605
3282
5203
264
3674
8045
641
2458
3954
5614
2709
7986
1306
4185
8252
5681
2420
160
2853
4139
1887
1310
5186
507
7627
4333
7617
4703
3131
4496
1179
2413
5432
2168
2248
28
6698
5119
5479
4514
1773
333
1959
6689
7429
580
7148
4390
7637
1282
6912
1854
7149
471
2993
2394
3977
3104
1704
1246
5351
8318
7957
4814
5859
3470
1737
4270
7429
3524
5947
5881
2078
6729
6816
1850
4231
85
3940
7856
6776
3798
7105
1679
1137
6123
5019
3395
2002
2760
2265
8110
5467
4977
6962
296
2294
7647
6711
2852
5078
7836
6309
7274
7076
3598
4139
1103
1965
2924
4540
5586
4559
2840
8450
2512
5625
6484
5546
6222
322
5069
3599
5590
5355
2839
8059
5833
4680
8239
6902
5895
7896
5740
1600
1150
389
8292
8121
4957
7837
4401
5349
7526
7804
2603
6654
5935
1056
5039
1165
4785
442
3774
5333
554
6194
1669
7126
4178
5606
6558
4762
6918
1423
5177
1577
7586
6828
611
6863
1804
6664
2471
6900
787
2513
4315
3444
5749
7607
3003
1240
8436
1103
7535
182
2618
1084
2884
1508
1524
2522
6145
5144
8384
3400
6860
5627
1969
3100
3762
5581
5386
5515
6793
1351
1748
242
2562
7307
1948
2777
7821
6300
5662
4744
1157
8391
7997
40
3670
6645
7055
2663
3699
2556
2599
7432
770
1399
7232
916
3940
2924
916
70
6185
2504
4108
1246
906
1916
1618
2502
1925
69
8478
7881
1399
7951
5433
4406
3421
1725
4565
3815
5528
3833
6450
3499
7499
1217
1017
2460
1874
385
5956
5759
6662
2929
2210
2769
3045
7597
1073
5544
1069
6711
6669
6142
1289
5413
2209
5266
6959
5147
1501
3026
869
1398
3873
7834
4102
2163
2762
5838
5586
5721
4588
7164
5507
563
5201
8394
4776
3150
1674
6307
20
2526
1591
5054
5103
7688
4206
6359
4119
455
6135
2589
2702
3002
591
374
3598
3672
4021
8099
3379
4713
4873
315
4317
6748
5516
133
1147
7170
1615
3330
1975
3488
6327
5404
4510
1487
848
6216
1118
6261
5123
3176
1400
928
5015
2640
1679
1133
8
5810
6163
4057
3523
1612
7104
2619
5426
4940
7473
6874
957
403
4947
2687
3830
4495
7776
4071
230
3408
6750
7573
3868
8168
3081
441
5823
967
3103
1260
6851
5158
4337
7231
4975
466
872
7411
4962
4405
6946
7808
6073
6777
6130
4743
5477
2315
7274
2315
5648
6570
6282
7269
3071
2987
8460
6206
5756
6044
2284
2186
8166
980
7987
2864
7537
3223
6147
7182
7723
1109
1663
5620
1406
56
2168
873
3244
8127
41
2031
6588
2566
1284
7873
7220
1554
2079
8011
4577
3887
7823
1731
4754
7685
6927
3066
2813
3085
6420
7722
4184
994
4374
7465
88
187
301
2397
509
1522
682
8194
6203
3325
6753
5645
383
7020
7460
4439
1137
5831
3141
5706
6787
3883
3057
8273
5974
7375
3833
2723
4486
3607
4129
2651
366
6348
6318
6014
2871
5497
7319
2157
5759
6699
4297
5331
81
4126
1151
4836
8421
2825
1705
5405
5296
4863
7715
382
4974
860
2801
769
1372
2017
4027
177
4833
2200
684
6071
4552
816
6537
2289
7172
1767
622
5293
8066
8413
5523
7156
2328
7727
3502
3545
4906
2296
5837
3725
4725
8069
6917
982
1562
6285
1098
451
4298
6474
2622
8413
4867
1690
408
524
800
6317
4961
43
5714
6728
4316
2198
2589
6347
4204
1184
2409
987
7246
2417
8415
386
3644
6450
4477
6226
3460
776
1810
6860
3999
4481
2960
1373
440
1176
7955
6879
855
4476
7007
2899
6839
1529
4536
6460
2004
2238
353
7616
5096
8056
2936
8107
8146
8461
4001
5563
6188
5215
100
4393
2523
1101
4683
1435
7844
4061
4627
1011
8
638
1446
2855
5496
8223
7832
8406
3945
5724
330
4607
210
2931
7779
7004
2540
8167
6925
7346
1039
1931
3934
6917
5567
2034
2082
721
3003
8472
703
1211
6852
6912
4102
7971
1461
5595
7236
3520
627
6997
4599
6635
128
6044
6636
3667
3377
5469
3792
230
2688
5142
7629
2401
7459
4400
3938
7250
4372
814
2605
69
4324
4208
2368
2986
1287
1688
5376
1504
3468
6540
5055
2187
4022
4024
6749
2793
6266
225
3908
6712
836
8116
7741
6244
5826
5891
7586
1965
253
5544
6184
3468
3135
2763
6896
1901
264
3611
7955
6762
6845
8218
4659
6265
5390
1650
5629
2173
5545
4417
4366
8
5751
3700
8027
2856
2274
1841
2464
8318
984
6902
4677
6571
4163
5117
7442
3684
8407
7864
3007
5053
6673
1875
6257
2489
7577
1439
5738
7854
1295
1505
403
1101
2325
2740
6265
6279
1631
6263
2971
2344
601
2800
519
5670
556
3079
4680
8141
1895
4405
7095
7782
1831
5904
4680
7841
2144
3708
3781
222
6747
4600
8143
2279
8
2046
1711
1050
1308
912
5788
1554
5386
6979
4919
5110
5050
6976
1036
3772
2993
2034
5153
421
2862
105
3485
5298
7393
1998
1239
6378
6587
7721
4309
3753
906
6746
5541
7595
5846
1095
8389
939
240
7863
3499
255
640
8470
6198
6376
793
4391
3560
7974
3246
4727
3857
6092
6443
1715
2978
4155
614
7539
6628
6429
3328
8034
4799
6746
2694
1482
5725
5879
1215
3988
6091
4817
4531
5939
4833
5018
4080
2063
2708
6012
2566
6296
373
5567
3944
3011
5182
4085
206
2952
5018
7030
1731
4082
7846
2662
5454
6917
4295
7375
1640
1563
6078
4503
2404
5841
3202
3213
7645
3581
3345
382
8219
7239
2712
7475
2242
4186
7534
3453
659
2665
4686
4654
1355
5231
6723
8161
3913
4679
478
5078
1447
7634
1251
2974
3141
1529
7292
7850
6690
1870
4084
5691
2419
4141
1778
6509
4160
552
64
4577
617
418
8004
8497
4835
2294
722
1850
1088
4696
5981
2872
1413
6528
681
7648
6052
5809
5848
7124
701
1836
4166
6462
5617
4284
5177
5920
6485
8348
2452
1551
4036
1657
1124
7386
1544
3261
7203
6066
5294
2960
1671
2451
1941
4029
2022
1194
3450
3313
4870
3122
553
636
1429
7736
3243
8395
4125
1022
232
4853
220
4331
7980
7387
4768
417
5694
2187
5607
6526
4400
3425
6974
5937
7930
3868
5245
6979
5950
614
5073
5718
819
7466
4111
3149
1293
6531
5219
260
301
3473
3269
1091
5030
6764
3915
1554
468
1958
3995
1391
1239
1079
1457
6709
6017
3699
6943
4849
4814
3312
5374
2274
5221
3104
7458
3159
2563
2124
6444
1462
622
6363
7991
2846
6545
5686
943
5118
7173
5326
1578
5808
642
2917
3731
1980
179
5504
6319
2665
1106
598
602
3263
594
4236
6211
4945
3331
2694
5166
1106
2591
2359
5668
8499
7106
1273
6599
4560
7207
1860
1549
5499
2939
2743
1746
3754
6703
5737
2452
6400
602
8206
2090
2718
3538
2929
2881
4687
262
3440
2537
67
4753
3316
2907
2131
526
6328
204
5078
1796
7837
2350
1482
1966
3798
2450
3345
6802
5630
5884
2902
4340
539
5831
2429
1638
2165
7487
3904
4153
5644
7689
4948
8084
4488
7312
5930
1245
3400
4333
552
4890
6103
3198
2993
1458
7243
5208
1960
2691
506
3072
2669
3426
2720
1824
4448
1113
4951
5329
6907
5381
7491
4030
4466
7943
5691
2281
6436
3652
719
5079
5246
1675
7255
6288
2241
7971
1606
2795
6429
6183
5297
584
2119
3590
1432
2426
1884
4999
5749
3277
3022
2673
2159
4154
3427
1908
1733
1415
1121
4584
5870
8472
3417
7583
6538
7347
7186
7065
7652
2627
3259
45
5075
5264
86
303
3877
6078
1643
2203
6090
1953
3929
4518
7948
6587
1637
1343
6891
8388
4843
2504
717
7144
1480
1925
6211
5461
7497
7200
4161
5137
7315
2496
3145
2772
7610
7345
6268
5307
5513
862
8181
2921
814
7729
2409
3429
3482
7011
8079
1553
5450
3441
7178
59
4249
226
2740
2033
4374
1752
3864
1105
5316
1271
1142
5886
1082
396
4082
6317
4376
3999
2033
1277
710
4302
4149
6536
1553
1439
179
2284
6335
806
1288
7083
2199
6130
1309
5072
2041
5811
7881
6989
2852
6482
3015
2372
7048
2860
776
392
1588
1603
5473
1511
2920
6981
8366
2643
4621
1843
427
6816
468
574
7106
7166
8190
3792
2839
1069
5681
3959
3639
4179
3856
4715
7004
1869
2736
5925
3812
1387
600
1531
6235
6909
5913
3348
5368
7361
7357
7559
8421
8184
4356
5702
7678
4023
3869
4747
7965
2683
7106
5039
930
3503
6711
6471
2885
1312
245
5663
3528
6267
2791
757
7982
6685
5357
4437
2943
4921
1067
3842
3418
175
5438
2761
7729
5871
2631
1924
3872
2707
765
3172
4753
4044
6385
8328
2397
6726
8052
3353
2196
7668
116
3843
514
5232
2581
8471
5155
5581
745
5145
7079
2615
5027
7972
260
1050
2225
888
3896
7057
3697
357
505
2117
2594
7554
7469
860
2545
290
4786
361
7160
881
6610
6068
4478
1244
7949
6862
8410
8083
7164
6164
6525
8331
1020
7753
5155
3123
5358
5211
3607
7766
7600
1979
1918
5769
1472
4414
5796
7409
5125
6709
3215
2261
3447
2910
6791
3881
7306
7781
5744
8270
2664
2555
356
3220
7416
216
4363
4300
7850
5912
1882
3504
4150
1207
2090
2655
5475
4500
2832
5523
8372
3163
3515
384
3609
5913
3244
582
1421
4140
2628
4356
5965
4203
5040
1766
6897
3365
1955
549
679
432
4892
4362
1547
7436
6408
7817
7200
7838
8132
2383
1992
2915
4648
1004
1832
6908
6049
8348
5472
8158
1836
7086
7032
752
3841
6793
5873
1759
6654
5116
1278
133
4694
5614
4296
4629
1015
158
3795
3096
1224
6400
7163
2045
5337
7946
3191
5808
2563
8014
670
4644
3710
6821
5125
3131
3835
1785
6579
6048
4220
4718
8317
660
3011
5458
5281
742
8314
3386
3345
4449
2278
5867
2450
2236
5638
1374
3259
7569
7228
895
1655
947
7120
4185
6299
6512
2065
1290
175
2470
1750
2306
520
4530
5768
7846
5517
1792
4721
3482
5203
2354
323
61
6842
2646
3316
5590
6714
2137
4911
4799
1640
1161
6558
3356
6926
5548
7635
3229
3984
2455
5066
3847
1307
8468
1367
5001
5387
5446
8185
44
985
2977
641
1663
5534
6956
3683
644
1883
4903
6203
1203
7549
2779
962
4115
5732
6002
5703
2742
5540
5997
3358
4854
1068
439
4089
3521
1242
5225
880
4056
7021
6924
5539
4861
6611
3337
2865
6591
3382
7793
3640
4411
8138
6455
5900
4240
5730
844
5958
2358
7625
2638
4601
8307
5079
529
2715
1073
2426
2371
3376
5081
3592
342
3189
2696
1786
595
3879
2633
3253
4106
7228
2562
3254
6397
8054
7232
1735
0
4201
6485
472
2879
1867
7443
5547
4036
2281
1579
2770
4769
4036
5520
6292
690
4103
7461
3517
3650
4392
2402
3163
4202
451
5327
1060
5842
1826
1636
6846
1486
1684
6373
2208
8297
2596
2392
181
6186
4090
5415
8490
8157
8480
7890
1950
5048
1170
4001
1467
5771
4809
4124
4751
8396
7074
4343
1742
413
5892
1438
5301
4804
1433
4764
1706
8427
1321
938
8444
6200
3492
6607
6129
5753
5261
4771
1475
6363
1302
7757
3112
177
4250
878
4927
466
7038
1671
4885
6658
3987
1640
8324
7610
5567
311
6544
7105
8222
8203
484
6116
8202
3343
6391
794
5110
6803
421
4723
6076
1621
2711
3164
8387
2076
1276
6255
3143
5333
7118
1695
4738
4476
4394
3322
3548
4032
7237
1782
956
4140
3793
3339
2386
4531
734
7620
6323
1799
1615
271
196
5242
5004
3871
32
8251
3615
8333
7799
2764
8312
4001
5382
7062
4747
3622
1555
1787
2088
7965
7228
5091
2056
5163
2828
5862
2120
2504
3267
3018
8139
5668
1738
2142
4732
1097
1714
6474
3535
2232
125
6740
6878
6758
6503
8258
1985
3261
8049
7461
2529
1531
6990
5077
2468
8106
1286
777
6361
4147
3274
7676
1449
2358
4877
244
2626
1958
8493
537
3342
5500
6424
2722
6709
7847
271
1980
3568
7411
6649
801
4158
1934
1439
461
2489
3177
3743
6040
67
3735
4459
7975
2667
4679
5820
4378
1959
7145
729
1974
2516
339
1633
473
1448
670
5935
1189
7247
1036
7104
7998
4278
7914
7351
7965
4320
207
1293
890
1830
6453
8346
4917
2164
3087
7151
6684
7790
8448
5181
3640
4283
5524
6260
8023
2785
267
8075
2957
129
1785
8185
3766
4334
8136
6750
2411
4316
236
8451
5129
8417
2869
2473
669
4959
965
297
3302
3465
6025
6102
4309
5557
4162
22
1441
2400
6751
6420
642
5127
7305
7489
6706
6991
2380
7283
6980
1614
6460
7956
29
7217
4587
1361
501
5909
4488
7801
4880
5189
6772
4787
7895
335
5226
3532
2911
5654
1509
6517
618
5668
1620
780
2160
4692
2318
7806
6536
50
8243
2751
4451
2210
4892
1385
4730
7159
6316
86
906
3253
3487
3992
3684
3378
1497
1117
6341
3187
7612
6689
6224
6413
5861
6348
4277
7019
5485
7953
3371
1974
4156
2302
6118
7704
6268
78
4483
7876
8299
5259
4672
4435
1638
5779
5896
6381
3732
5669
8271
4518
5933
441
1035
1173
832
4833
6790
3878
8442
2428
7854
2334
806
674
5046
6323
7764
7231
3534
5068
2175
8001
2364
6482
3917
6528
6091
63
618
68
1985
452
7747
3502
7862
5333
987
3566
5791
7256
4190
19
5715
8055
2875
7898
5012
7331
3340
737
1796
6008
6476
7406
7799
6736
530
154
2929
7100
1795
4075
2591
954
167
7125
2294
5606
2628
26
5302
3845
5445
3203
162
2660
7160
2195
218
2056
92
5554
3848
7437
2497
1952
1364
1018
7442
5272
1974
4462
1107
2336
6850
6361
3693
3306
2202
5797
6421
3859
5185
4041
1024
2130
7290
2521
7467
8145
7569
7040
7230
3006
7633
4078
2158
976
5275
5691
2121
6041
6410
1586
1521
1845
3955
6962
1150
3163
975
7603
2980
1956
4600
781
6160
4591
7466
602
2812
4403
7815
4090
1881
2632
871
7310
2142
1391
6136
6349
3613
8234
7304
1064
3621
1592
8116
1554
2905
1747
6283
1801
4310
5208
4641
5476
2428
1068
3083
6288
6312
1994
3283
7123
4024
1377
2663
106
765
1904
4036
523
1954
4141
2700
2563
6318
128
7284
7017
1071
4821
4222
4040
6605
177
8174
982
2395
659
2879
4483
1035
7058
3530
1955
4615
3947
4041
7312
7833
2604
7870
4331
3936
1192
1147
7745
7159
4929
6616
6310
6636
1497
3941
1943
1023
451
3506
4594
3464
4836
5680
8287
7044
279
6890
6149
7330
2960
7538
6343
2492
2610
3769
3773
467
1998
5788
2870
1657
2136
3618
618
6235
169
714
5431
1261
2476
4831
2912
4032
6574
5880
8039
2657
2796
6834
590
4831
3199
1628
3004
2249
210
5604
5920
555
3390
4188
72
240
725
5203
6187
7991
5176
7719
6014
5028
5909
6730
7015
267
241
7974
4410
7408
6834
4419
4196
3518
5649
7355
6397
2944
7235
1898
2635
760
837
2093
573
140
2098
7343
7204
2948
4402
3365
6214
5635
6261
5980
6481
4059
4081
8075
5490
4552
7854
7577
7669
505
2830
336
6912
658
5689
2970
8391
8166
7726
6866
4335
4328
2319
432
8271
8249
107
8375
1621
4734
2308
2930
6276
4862
7542
2388
4715
8110
2402
4569
7890
7138
6274
202
2002
2888
221
5561
2950
768
8041
2825
39
6824
7355
1561
7052
1744
3992
3312
8179
6429
3837
1325
7738
8121
2814
542
5442
1440
542
2476
4723
973
5495
8345
6749
8460
1483
1578
1660
4974
6546
1863
971
3526
735
2236
2870
92
7674
4289
6613
2599
1760
5262
335
3854
8186
8167
4790
6058
4213
2754
3491
5784
5778
4959
2627
3495
8064
1300
4895
108
7375
3117
2058
6716
6289
6794
5842
1106
8357
1234
38
6299
54
5961
1879
8258
5580
1539
1313
1059
8389
7264
6546
3194
4986
1360
2232
6413
1462
6459
2933
4357
5333
2732
1831
4407
4548
2260
4027
218
2157
5207
7348
6168
7833
109
6684
7442
7676
8290
6464
5743
7549
2960
4433
3490
5041
3054
625
7304
5750
7167
4132
3267
7994
8068
6444
8420
4375
5685
2669
1639
7858
6624
2211
6736
7618
3496
7869
922
1132
6421
1550
4041
4276
3119
4939
7973
4703
5230
2972
8439
924
6421
1647
51
8412
736
4531
8062
601
436
1378
1306
2707
918
2499
1019
5106
7557
6076
2638
7964
2182
3864
4447
5483
6823
6847
5290
7240
6347
1348
8422
7642
4438
3368
5836
1888
283
8037
8010
2581
1725
5976
5646
1659
6477
6697
7118
4540
5243
6932
3407
2294
4586
6546
5063
8453
4482
5666
7132
1101
17
1763
5676
6438
5074
3495
2057
4397
2569
8085
5838
7923
89
4885
3399
3223
1802
5004
5639
3797
6858
2099
2347
6540
6618
1218
5957
4749
6985
8078
7901
7400
1257
6650
6838
8277
7732
5948
2401
7509
8242
339
496
6323
785
6575
6359
1537
5910
3151
3710
8080
6162
7655
4840
386
4800
776
8364
7545
6978
2920
8244
4252
3334
5681
3581
5161
1331
2158
329
864
7760
5695
1380
4701
3283
2931
7976
760
5597
3715
5842
7423
7614
4638
4219
8350
8285
5446
1113
3815
7254
4419
5529
4848
5634
7866
2575
5670
4646
6534
6629
5037
7444
3203
3404
506
4219
977
1387
7283
6635
7811
820
6056
1532
7103
3758
4618
2976
3291
5628
112
6153
2453
6475
1507
5124
7937
6591
3230
6795
4947
5150
5697
2384
5658
5143
4242
7304
6239
5950
3307
1992
6032
7698
5496
2715
7382
7750
6300
1888
3072
7064
5637
7893
8382
7099
5903
7549
3328
1449
1641
4430
539
1502
7899
4218
827
3693
578
2964
2762
6083
6128
6112
5638
5909
6759
5271
3010
7617
3991
21
2303
4943
3098
3278
3276
3347
3106
5311
5261
3694
8439
2168
3625
6205
7918
6294
1479
7019
7220
6626
191
5159
4609
6352
2384
7348
435
7410
7855
3574
4132
2240
2549
3585
7304
5097
2607
5587
6767
1529
5895
3665
6500
5375
2220
298
3856
7297
3718
2659
7598
2605
5604
5826
4335
5681
2608
5723
392
3485
3794
2493
6507
2089
8041
3202
7963
3736
1074
3235
1383
2168
6505
4306
1059
5999
2958
6578
6682
4528
1644
7544
5782
8470
7367
6605
2402
3384
3091
3111
3479
7323
1104
2856
1204
5890
3002
7909
2399
2513
4404
715
5258
7412
849
2745
2967
644
6878
4710
889
5335
2497
6597
529
83
1761
4965
4423
530
3855
2782
6775
2778
7227
943
2995
263
1358
4869
5771
7950
5014
1390
4854
2826
3558
844
2738
5202
6684
7856
2665
8496
2074
3331
5971
7020
7269
6349
7016
3348
2408
3467
5060
6573
6639
6710
2265
3562
3115
8409
6100
7586
4165
4957
740
1831
683
583
7978
1504
5644
1589
866
395
1567
812
7620
6356
237
4108
1455
988
5153
3897
4271
5580
6299
5354
174
6128
5433
3580
2029
743
5160
3718
7707
553
4202
5642
5927
940
2599
4362
4732
5724
5969
2628
534
4319
7870
1634
3140
8431
6217
5730
1189
3596
7952
2616
1219
5433
6710
5376
4857
1091
5250
314
5803
4920
991
6172
56
7886
4135
1177
4397
5948
2735
4212
5219
1357
8232
8478
7995
4057
4339
1609
5266
2819
2958
4799
5283
462
7470
1383
3551
4683
3768
3838
1165
1284
3139
6331
3265
7603
1218
4176
4929
3121
6381
740
1601
3374
1327
532
80
7985
2877
155
415
4617
5159
2204
7680
6572
3955
2804
5676
5310
2868
964
4222
7029
2698
8135
2537
5407
8490
3520
3033
6708
6314
3143
8214
7771
5377
80
5661
5895
8211
1075
6729
1291
2521
1876
1332
3211
264
8257
6585
3213
4058
7500
8341
2311
7816
2430
7455
8191
8403
2172
6632
8500
110
7162
7487
6683
3746
428
3219
8181
7915
4928
491
5904
6155
1634
5333
4917
629
3615
396
8183
5143
2898
3694
997
7310
2812
2106
5742
6267
8159
8238
8321
8156
5372
555
5383
6473
4507
7491
886
1249
2178
492
4700
8478
7783
4609
1674
2970
724
1404
3200
4962
1512
6350
6732
5613
1478
5193
6752
2758
4001
4681
5439
1594
4900
7436
6008
7430
4324
7738
7378
2335
6438
3571
2633
3488
5657
8486
5906
6414
6631
7152
4745
5102
8131
1015
1384
254
3105
5366
4317
1903
7153
4855
5428
3366
3088
7775
5107
7708
5034
6506
5433
6975
7462
3197
3012
7522
5329
1525
5377
1312
7153
3831
4817
7787
6386
3596
568
935
54
5512
4842
3613
3058
1518
5399
782
1999
7823
7957
1436
6876
3426
2014
7314
6675
2311
6228
7497
5699
2769
1029
2503
4380
6488
6038
6079
4584
6041
8155
6142
687
3952
814
6458
1263
5835
1637
1599
3249
6861
3785
5744
3143
1749
3041
5439
2044
7099
4779
396
599
5766
7251
2849
310
2903
4684
4482
8180
2786
7811
2044
401
2141
1491
1566
6948
207
5622
2144
2111
378
6267
3786
7553
2362
115
7292
7062
7587
7230
4612
4671
6987
2925
8396
2025
6896
2476
8377
34
6925
836
3584
8322
7751
1575
48
3274
7001
6381
4965
5578
1302
7607
5084
4583
3721
2117
6215
168
1687
1482
776
1752
4975
7199
8360
5643
4800
6372
6331
3968
3110
5442
3319
2649
2952
7610
2920
4432
837
640
3241
2904
1005
6183
7162
6272
701
7448
4955
3045
4444
7190
3893
6005
6428
421
8047
7448
1854
4822
1298
605
6329
845
8362
2317
129
6296
3350
8303
7435
7940
5601
1506
38
6177
653
5940
18
2433
7668
2005
4138
1191
4443
4113
1631
3895
2185
5790
2033
4455
5841
7525
6520
1065
3358
7992
8291
1896
26
5984
8266
5474
6378
3865
835
4284
7271
1608
2676
4483
5728
3286
1721
1757
8367
6645
3153
8184
1807
7916
6892
1201
5988
4580
2545
7797
4200
3300
3244
4805
2718
4625
5022
2153
5115
3875
7670
3248
4096
6972
6406
7837
5107
5752
6502
6991
1803
6935
1098
5434
1038
2607
5664
6769
6249
6277
5627
4062
4491
3158
1204
2712
8242
4116
8290
4760
1529
4176
808
8145
8489
6125
1318
8031
4373
1960
6074
2281
2130
3070
753
0
7266
1815
3185
3714
3045
1183
997
4146
6378
5345
4945
2919
3903
6220
6914
843
5826
3593
2271
2375
8391
2181
7662
3494
1182
237
3903
3691
4980
6936
4012
4576
1264
2491
1544
3676
4348
2511
918
3084
2848
6952
4114
3458
3318
5965
5213
8228
6660
1343
8031
7209
7698
6746
380
6869
6149
251
2183
1581
1840
1516
6839
6789
3950
4536
2062
7779
8483
1423
5435
4937
6127
2102
4513
2846
1964
4199
5825
4710
8245
759
6470
1959
5588
754
1298
1516
7350
8147
5091
7003
452
3399
6374
4548
7710
5447
851
8281
6
5484
3185
4130
2603
4416
5869
43
5172
101
3006
3730
2033
2404
4593
3312
6060
1036
132
328
589
180
8360
4407
2807
2325
1375
2908
3735
2128
5438
5970
3583
3515
390
1269
6475
1760
4581
1772
7823
361
918
391
7190
4681
3244
8024
7178
2306
5407
688
2171
1659
7606
8436
202
2425
2425
1390
4600
7595
6789
8285
4451
8190
7034
7558
7190
3386
3112
5130
205
2392
2331
3692
6322
7411
2354
5532
3845
3637
6540
5462
5774
806
7475
4500
5850
3525
3906
2840
5974
1943
1537
4078
4437
2557
3312
3941
2244
4446
7898
8485
3921
5913
3085
3976
978
5214
5072
4396
798
2572
1299
4636
7991
2760
687
7050
3799
7623
2495
4202
5672
6645
3969
6500
3174
4063
2838
2648
5482
744
5642
5375
5863
3498
4720
8146
6487
6790
8325
1864
7637
1094
5765
2716
5837
2540
7860
7103
7768
376
2314
5762
3711
7128
7248
6399
1689
542
2371
2562
1452
1178
5016
2466
5191
3727
1056
6562
2204
1162
3036
358
6334
574
3904
5285
55
7253
8435
3519
1235
2598
4826
4584
507
5766
7996
4055
901
5195
6197
1658
3529
7844
2073
8034
4019
4733
6584
7693
2883
2679
8245
1493
2231
7686
5273
1492
1351
3773
2010
5571
5308
2806
2248
2526
3123
72
1305
8319
7238
2104
5208
3184
7200
61
5283
2102
2630
2726
5694
3203
2444
5936
766
7488
985
6648
8001
6513
4602
2075
2813
7990
6400
2199
3701
1253
4337
5170
1987
3778
2391
5410
4039
1205
5889
2305
4947
2241
8239
590
4867
6169
5478
3962
2625
2579
2760
4386
1081
4566
6893
7348
5110
5478
6606
7452
6124
2829
4624
6436
6931
7148
5029
6159
8248
6377
7018
3033
4305
7609
6118
5705
4699
1933
4879
7268
5121
7723
2894
1221
679
5736
4458
4155
1926
669
3053
5132
7322
3486
1949
610
1369
2958
7822
7005
8340
1963
5190
266
4350
7751
4308
1834
6935
2993
5137
8226
4752
507
7635
2090
4053
1300
4027
1559
4620
7215
4495
5279
663
4060
8375
2575
7028
221
7219
985
5764
7619
8451
8116
1682
6735
1513
1063
7203
6174
4276
528
607
5433
5114
7914
2618
771
2478
7621
490
4529
5240
2938
3298
1910
460
280
4783
6321
3328
6419
5755
2046
4524
1590
2009
6903
4496
7986
6764
2986
158
8353
4460
6366
5601
5498
4634
3687
7213
8251
2817
1686
2553
3954
5081
8205
1413
3968
63
1671
150
4863
3916
4768
7486
1787
2204
7543
956
459
2781
5983
4903
2362
6939
8112
5206
5200
4185
5610
5765
5855
802
7503
7425
3006
7339
6600
3071
6110
4831
3775
7510
5391
527
3496
3515
7789
6770
4739
3658
5576
5976
3640
6805
4730
6779
7736
7380
2401
3380
7844
2883
6228
2261
565
4904
2945
5990
5328
7281
2985
634
439
2000
8242
3996
4953
2855
5935
3306
7277
401
749
2952
7286
3757
7704
6420
6609
3740
6075
7024
2777
8220
4132
7533
8053
4019
2604
4907
6467
8436
3638
5460
3424
5005
1823
3437
8205
5293
186
3556
7345
4732
6725
7405
219
3051
356
1775
2234
7439
7867
6429
5172
6712
3580
257
1276
646
654
5119
3017
5119
1844
5614
1504
8276
1845
5205
99
806
2661
2900
3866
4092
6192
7422
5147
8205
1569
747
6211
3053
5969
4658
2898
1739
6441
39
3777
6994
3411
1274
3162
1324
5970
3105
3745
6582
2356
4510
6992
3492
1031
3497
18
8190
369
6373
5785
1304
3181
3973
5316
5693
4126
1883
7380
1031
8003
6087
4610
813
1517
8076
4602
3193
2516
6312
6347
2007
5382
7854
2744
5751
7299
4447
7578
2896
1373
5666
5157
7795
405
6649
7248
4271
7513
4408
7130
2001
2636
3221
1357
3575
1174
2494
4063
4315
2978
4725
4899
855
3286
4942
4179
6455
3454
7886
2015
2916
3355
8303
4761
4532
2789
936
7060
5642
8254
921
3007
44
7310
7068
6354
845
598
8199
269
4175
7823
804
7291
8418
5434
4406
3671
6089
2850
3845
188
6276
7581
2617
8047
5982
7454
4616
5417
2717
1311
3848
6563
1098
2487
4405
2317
5150
6103
4499
5835
7774
7164
5460
3030
7121
3193
1436
6497
2765
1775
3735
1671
7531
6795
7780
5443
3947
464
7792
2697
1812
2336
2279
6040
8457
6025
6250
79
2994
6858
5104
1028
5136
1403
5847
7704
4840
8455
2070
3935
2696
2810
3849
344
6503
6201
6802
7669
4928
438
473
3432
2126
5653
6497
460
8226
813
4089
6687
4279
7951
6723
5858
3596
4232
1717
695
5364
3429
7189
4242
2487
5548
4434
8466
4148
3873
4135
8283
7096
1364
8405
4301
7376
8078
2414
49
5698
2213
927
7830
5262
1896
8012
6280
6608
7275
5365
1537
8429
93
2689
4598
6573
2568
3261
3094
1836
2992
6136
1367
6216
5288
3209
6102
7998
1397
6131
4047
5586
3194
556
2395
6010
3394
3892
6200
5237
64
5032
7547
2289
2575
2087
3667
4297
3578
993
5686
5554
7632
8197
4974
7680
6915
5789
3424
8098
7998
6885
2124
6721
4407
3449
2519
1883
3904
1589
6060
2171
7882
7264
7215
4233
7392
3494
3676
1177
4109
2955
3294
5395
6366
7256
1653
1122
4922
7223
2373
4912
1461
7210
1384
7611
4986
823
7017
4484
5943
8282
7389
5644
1700
8351
1688
1279
5748
1930
5398
3946
1819
3632
1240
298
4042
5847
818
3890
4889
6353
5313
7946
7259
506
6599
4218
3668
1524
8020
137
5769
8121
8328
8463
6403
5993
6780
7650
6307
3105
4440
4528
5244
7024
5571
6695
2081
4703
6946
289
3474
7039
3345
2096
7960
1518
1955
1166
1995
4439
7390
7923
300
1519
4242
4511
1152
4339
7294
514
6771
3956
2925
1873
835
2988
7505
3144
4753
29
3838
694
5852
8381
3527
3295
4052
7901
7596
910
2354
4126
3213
4281
8439
502
6019
8314
7197
7886
4081
2809
103
1844
5931
1060
6802
1138
729
5166
2747
1387
2531
1438
7027
315
6953
820
1901
3595
3192
5273
5277
4952
2779
560
2251
7443
2884
674
250
2901
3390
2636
7980
6620
5921
5486
5102
2696
247
6227
1120
4743
6120
1649
3731
7985
3599
4440
6200
6618
3203
1510
1701
6505
7929
6086
8348
1293
5560
499
5622
1395
3768
2209
6479
8177
3824
7030
850
6970
3338
2171
2722
953
8002
3745
4607
4522
6913
5778
4202
5037
2341
6779
8341
2422
5202
5810
637
8415
7946
6625
803
2376
2286
5952
7385
4161
7759
2987
6326
4913
7042
4863
5953
3322
6427
4594
212
6991
1738
6312
7617
4451
2823
2313
8114
5297
1948
7457
7043
6196
7523
1539
5290
3976
1536
5787
3659
2970
400
3353
8290
6238
3922
925
5843
175
5562
5184
8475
679
1326
3603
4464
7357
7917
6596
1273
6558
6173
7340
570
2458
5127
8291
2533
5133
1528
521
5253
6985
2397
3327
2127
3589
6167
2714
1113
8053
1045
5249
1114
5355
5858
3835
5718
1945
421
2063
6993
5771
6072
8451
6308
1564
1924
2001
941
1814
3927
8023
8045
3000
5232
4826
6513
4155
2378
1752
6679
1894
8317
3800
1421
3716
7552
2207
2059
4363
1465
2536
5803
2983
1559
5626
2504
779
3425
1084
7842
2265
5770
7102
4745
5492
2022
4505
1624
2587
8483
4810
3673
6567
5582
5261
6912
4035
7499
7877
1948
2014
7283
2346
6540
2344
2056
5812
6750
6997
3869
6908
6435
7567
44
7291
7448
3945
6557
5074
1711
3651
3482
6311
1693
3367
2
5825
5606
991
5788
1937
39
3329
1105
5972
4732
3403
4857
533
5304
6217
1910
319
8010
6586
4550
7335
7290
8376
2405
3089
7706
551
584
7023
1666
3861
4914
840
1907
1355
2203
7468
4327
3330
7446
8126
3584
8041
1650
46
7745
1071
6451
4662
225
7849
7589
8439
4612
527
336
7887
1882
836
7846
1222
4872
1367
3904
16
1522
253
4056
5582
6960
6396
8366
8086
8020
6190
3109
7224
2215
6525
3770
7402
1602
8336
5452
992
4950
139
5876
4344
2117
5753
7950
794
7947
6147
4505
5523
6874
8445
3926
5935
2234
7775
6524
1706
4455
2184
3062
1974
5805
6638
4940
2949
3794
4798
4889
2377
6064
7891
5840
6199
1866
2123
6420
7261
162
7864
484
2788
6050
827
548
6235
5493
3869
924
8177
2700
5506
6858
7380
6072
7211
6638
247
7737
2561
8223
3990
4471
1914
7513
2138
293
3872
5551
3689
5335
2006
1849
2443
1184
5457
2329
6057
6631
4786
4077
6539
5053
8174
6570
3557
5847
6899
948
272
3011
7953
291
4201
1641
1012
2492
5215
8453
5250
3207
3984
1830
7222
7543
507
8468
5066
4797
4873
2677
2549
4068
2875
4418
7797
5643
1026
7629
4657
8031
240
4526
1824
7252
7658
997
2070
8379
2725
5016
387
4695
314
5683
7732
1871
5248
1012
693
7074
390
7513
3037
6836
335
6426
3309
289
740
1711
8147
4123
5412
7602
6087
5384
119
7865
7674
2560
7613
5929
2890
7876
3624
3055
3655
7613
8433
3133
2232
514
1682
5272
493
8110
7194
2098
2646
1608
2840
5810
1166
6084
8300
5917
3984
7676
8468
8180
7630
5750
2629
8135
6346
1561
4754
3674
4125
1207
4942
2251
7782
1088
4620
3842
3290
7462
925
7012
1022
5957
1773
2019
1586
5525
3188
8114
7210
564
7611
2649
7329
6413
1548
7252
503
803
7642
801
6555
3497
2949
3917
5955
7795
469
782
8174
7256
7066
7109
8323
1654
2240
5472
5842
6204
602
775
5893
3268
8035
7911
7050
131
7969
288
7315
934
5172
4425
3886
6850
5876
7987
2626
4641
715
882
1283
1349
7188
5051
6902
477
3056
8073
7367
1298
76
664
7931
7384
1952
4128
4477
7761
926
802
2283
1023
7954
5569
2414
2762
2112
5968
1050
161
4774
7437
2724
3946
3884
3062
3935
4396
6704
5899
7720
5689
4563
889
3544
2759
426
2126
5306
3664
3914
4536
3444
6624
2281
3487
1267
1794
3022
6980
333
1414
7669
4849
6820
6431
1778
7372
6637
3091
1572
3646
5224
6951
2627
5599
2529
6796
5786
6694
56
1974
5471
6021
2074
4069
2236
5072
5367
3138
1064
3116
3650
4316
8136
5946
3357
2230
8390
1753
2095
3932
3924
7295
160
3717
3798
4318
7915
3365
3091
4713
998
7117
5776
1897
4199
3619
968
1786
1375
7050
8224
499
6775
2954
6101
3755
4839
4039
381
6508
3508
5012
841
4629
1795
4401
7041
3638
586
4128
6575
3314
952
6722
313
1653
2683
5136
5313
5926
1458
1481
7925
3136
5419
4998
2813
191
2210
8259
8086
7933
3343
5253
2465
4350
2917
4247
768
1983
1398
2746
3871
2234
5191
3615
869
6171
5174
2577
7467
7878
7451
4528
3740
6561
4958
8452
8446
2587
6259
1404
6087
5874
2415
5488
8179
3686
3395
2641
5849
1390
2462
3502
1194
5058
3999
671
1146
1646
1331
2132
2446
4494
4213
6011
8292
651
357
6991
1235
3485
398
1078
6710
585
2929
2934
6461
1326
4276
3105
5656
8394
1121
2181
2081
8174
1558
5610
3698
8206
5320
7196
6053
1928
7985
6539
2608
6198
2877
7114
6201
7640
4344
3514
5771
1564
55
3821
6323
8457
328
3506
2469
6422
3117
4363
2253
1275
2872
7578
3816
6317
4854
5885
3730
4973
264
6210
8308
3341
3009
5271
5228
8325
5350
474
8012
6820
3468
4801
263
5734
5688
4215
2620
2290
659
2833
7829
1660
7264
5345
453
4548
7125
8046
2221
6585
6438
6350
4568
2359
8312
2376
6410
6656
2147
7937
7650
1947
2457
5382
454
6800
5761
1110
5512
1435
1957
7822
4232
675
5754
7101
5481
7766
2966
5770
1500
7952
4879
47
1482
5808
1324
6021
930
4733
6142
1134
1560
5969
6947
2008
6222
4488
3833
18
1505
1586
3671
454
7312
8314
1418
5520
7899
7867
8428
6049
1532
4623
2538
303
74
2111
6687
5430
9
3847
5314
4789
1232
4305
5661
3303
7271
1845
2871
7330
6578
3506
2813
4656
3577
6548
5341
7808
2210
5863
4978
5020
4665
681
5646
4142
8086
641
1851
2643
3167
5607
4894
7987
6823
3763
7845
2168
5568
994
8372
1222
6383
6999
5049
3724
3765
6147
317
1345
8261
6503
7407
6465
5627
6088
6466
60
2624
3396
5382
1078
8006
3921
7105
1997
2115
3747
5886
7287
2977
7779
3144
7013
6110
1143
6444
8107
3448
2571
5353
5066
5226
2821
5297
7010
4016
8221
3056
229
2703
1499
3598
2563
1840
5369
3910
7675
5483
286
991
6702
173
5268
5105
5152
3793
1596
4110
2547
1730
310
4762
5765
6502
5754
8465
4567
636
7117
6741
4599
3827
3908
6973
921
421
4700
4975
2135
3661
5583
2137
6895
600
4382
7317
5506
1510
1051
5093
7349
1791
5308
8307
7594
3386
5560
8282
8247
3213
2969
2597
5670
4218
678
247
930
7076
3334
8080
5532
5030
6810
6164
4286
6683
481
6764
4316
7933
491
2082
4096
4062
412
4978
6325
8169
2990
2805
6083
7181
5699
1639
3534
3787
155
6830
361
2283
4962
6458
5617
2922
368
6683
6217
1302
6661
5551
2645
1380
377
6285
7742
3833
1757
6568
8341
2806
3442
4041
2746
2046
8437
4263
6571
8031
1575
1695
7968
5380
6707
3247
2738
5422
7488
529
5311
3294
3099
6868
53
7852
3872
8372
523
2985
5612
6184
874
5769
1698
5034
7863
18
6420
2295
3489
722
4224
6289
7426
1736
7254
7167
6433
5227
6826
260
2596
1276
6726
126
629
1218
8473
695
37
5620
1347
5937
709
5778
4736
1997
1973
4270
3346
3063
4976
4402
1684
3579
2022
6708
3844
814
7512
4307
137
4522
4127
2591
6880
3571
4689
4931
5470
2449
3701
329
661
5155
1941
4012
8317
4531
5534
2644
4759
2055
4255
10
6946
6174
5919
4889
7040
4651
727
4752
3523
5904
2045
6147
6812
3733
4084
4771
1372
5664
4117
452
4127
6172
3954
8298
2455
1936
6269
3731
1392
4887
6510
3126
495
5765
3021
143
2910
6615
6129
1411
1895
3104
6965
3808
4983
6274
3620
7296
2805
1221
1971
6968
2922
6444
5600
8000
2844
801
1408
2019
3210
3218
2143
1221
5114
7196
5744
6413
370
7105
396
2357
4513
6057
1851
6972
6169
4056
7320
4242
6990
6624
3988
1433
7917
5566
2821
5936
2330
1950
3958
5547
5875
5991
8205
6270
5761
1159
6490
5487
2988
7572
4521
5902
7623
3216
7280
3711
318
8135
5757
1805
7040
456
6236
3627
7581
1311
1027
7336
5871
6559
6129
4669
7609
7654
4007
3182
2623
2905
1238
7921
990
4478
1007
4510
3268
275
1112
8370
6694
8063
8308
3274
1502
442
6643
6096
8160
8256
8125
5694
3064
1311
2509
6516
1278
4946
1068
617
5487
5735
6505
1021
659
2214
5394
5842
1501
3116
5128
2143
8018
5556
3043
6904
5127
145
4770
6009
4618
6022
8071
1043
7633
88
7322
7975
2325
882
7716
2446
6065
2041
1592
4261
8033
6608
6295
7546
6600
5820
232
541
2634
6803
6297
6538
8448
1000
6146
7877
1096
3309
3788
7790
4451
2202
3807
7231
3059
8376
2602
6223
1297
8451
6684
6382
8003
1516
6336
2683
2091
4965
7756
3743
3069
5268
2100
790
8264
2415
2564
5935
879
2429
1446
5511
7343
3361
1529
1774
3642
8023
1219
8119
7831
5622
3656
4494
3463
1439
15
3683
2706
5028
7832
998
645
5875
1553
241
2579
8110
4843
7102
6693
703
713
8355
3274
2703
1705
2068
6570
930
196
6579
412
6501
4114
7633
4130
6216
3369
5541
4012
4399
3251
3967
4932
7240
6474
2882
2041
432
2334
4140
3717
8252
7308
4417
7078
8346
7388
1931
130
4056
8296
7779
389
6930
2389
3448
1388
1619
4606
4915
6393
7005
1620
6530
1806
1232
6437
2773
82
3028
389
1910
5735
1401
3690
713
5472
2287
827
1872
1685
3848
2558
1835
5462
4928
1433
5345
3975
7264
4665
5111
2619
7649
2040
1778
7244
2898
120
7218
4853
4992
7679
1216
3559
2725
226
8023
242
7656
1745
7651
2841
8185
1034
6564
3514
5551
511
8389
1427
5492
52
6619
6295
1127
6228
1493
3343
3665
8114
8275
859
5738
1411
997
5796
1318
1554
7719
6485
8270
1265
1010
2558
7490
3128
3992
8255
8065
6600
2827
5055
7254
1709
2005
2548
8357
1514
745
918
7537
1818
1003
7977
3872
4110
220
988
8118
8335
743
527
539
7154
687
5562
7089
8445
6940
6886
3465
67
1455
367
3201
3771
4026
4273
8170
6196
1897
7323
4754
3906
7395
8206
4256
4838
860
7648
6791
2703
214
6557
4181
3717
3691
3153
5361
535
5341
3158
325
902
3694
6978
1357
5286
6252
3025
3958
7141
5745
2719
3137
3833
8088
5824
3285
6160
1593
1084
4956
3785
7402
485
5607
5947
322
6626
6648
5363
1653
8434
1297
5783
6318
7276
5450
1495
6478
4677
5476
963
5459
861
1722
1774
5442
8218
7012
4480
5070
8133
4154
5471
8122
3926
2818
1896
5380
4814
4258
2662
7588
322
3713
5130
4140
7821
3000
2594
7614
3717
4819
1266
959
3313
7267
828
1923
7803
6446
4190
5012
991
4817
1460
1666
4521
7694
6056
1482
3953
4541
6572
1433
364
4621
2610
4203
1462
364
882
7895
2342
243
358
378
2535
7364
3173
7129
7901
1609
2009
8333
2557
2302
7107
4547
425
4359
1222
5852
5884
6054
5089
3781
8305
6566
1848
3112
5607
387
5801
7729
7017
2236
1328
3163
130
1721
2615
1941
1130
2454
7024
5384
1845
2093
243
6506
3441
1335
80
7421
5231
2981
7010
2810
4521
6879
1348
8499
6381
424
5815
4237
3538
356
7819
1250
3409
1238
2803
5232
6676
8402
8408
4389
4745
1236
5079
3184
7526
4258
7378
7280
1994
8117
8152
2026
672
7968
5846
6209
1467
2903
2962
592
1982
2653
3473
3076
5785
1217
7810
1019
4857
5700
4112
2174
5491
7118
1755
2403
7300
1138
7326
7102
351
1444
5429
3667
5759
6989
6303
6406
7876
4686
5484
1468
4359
1245
5887
6913
3891
4007
6906
4480
4459
3141
4922
4046
4628
6314
4257
2051
1954
111
1110
7226
100
3616
797
8025
3999
6474
2982
5756
6690
6337
5082
2131
5770
681
812
1325
2341
8427
831
3202
6048
3383
3074
3647
6051
3075
3730
2437
568
7748
2933
3022
4603
3463
4835
6659
1342
6858
8436
48
2766
5776
570
1162
4402
367
536
99
7408
4304
7444
3562
5229
4728
63
3047
42
4062
7203
2547
1427
5078
7773
836
5330
7053
4043
7345
2802
5613
2024
7474
867
1970
3725
643
2907
5329
4791
290
6520
7064
2404
5791
7743
457
4307
3962
2963
6317
1494
1480
5385
1437
4882
3733
3878
5058
1259
2846
3867
4673
4966
693
4006
4208
2034
8135
2140
205
5186
7879
266
8125
8488
4748
8117
1479
7214
4783
547
3570
3767
8013
1956
6489
4579
5093
3524
59
1791
2707
5826
1755
5371
5652
7666
4926
681
408
7775
595
4831
2684
3282
2542
5297
4914
7732
2317
562
2070
6037
5561
6619
3391
4023
5979
1031
5133
1703
4337
7372
1389
2402
8210
6723
3217
7757
6649
5098
5883
3096
1847
5557
4429
7242
2089
8048
314
8271
7684
6600
4077
1645
3473
6404
4579
7399
2162
2309
7402
7872
3245
3808
6813
1253
7953
743
2165
5779
8455
5011
2463
4752
799
590
5014
3820
4405
8040
1107
2868
7113
1683
5977
6427
7705
2694
4927
5370
7803
4517
1938
6051
6897
6904
8420
2872
249
8003
1349
1505
1170
3708
126
6886
3149
6509
4523
3341
6577
5143
2851
5733
3716
3091
7770
1640
6310
3693
6294
6852
4413
4875
8221
6340
3672
8067
6941
8060
4401
4411
1063
5254
3983
760
6307
4699
4910
2761
6141
4340
4668
809
7577
2990
5218
4752
1635
5129
5735
668
6041
67
3441
4468
5235
7062
394
1008
2800
3294
3703
3689
7240
5374
3990
2532
6653
6257
3089
7946
7984
1687
3676
6572
4628
2702
3525
1098
1043
2106
6639
1110
2380
5831
6058
2106
1839
6511
1163
6761
5266
5123
8189
7990
5544
6706
2924
6299
5469
6908
3628
7493
3219
5020
1499
8093
5804
6156
8283
1926
7528
1035
693
2461
58
4330
81
6650
8369
3590
5230
2523
3901
6993
1494
7870
4786
3282
6505
4304
6379
2058
8086
7111
4171
566
3660
6524
2568
5641
3942
887
4134
87
820
2255
1032
2525
763
4942
8297
5290
7868
8297
4885
2030
4031
6842
4205
2958
7065
5617
3922
2925
7513
3603
6701
1056
8430
6120
504
504
6123
4199
7673
7454
6498
5412
212
8067
7850
7097
3079
2186
3744
7887
6453
1732
5560
7222
1234
810
8001
5305
2083
2217
4732
2370
3785
3949
889
5131
2122
5671
6470
892
4249
1420
7730
5195
7305
1616
1128
293
544
1990
8003
1505
8392
7722
5105
248
5441
1819
1218
4106
6626
6311
4413
3112
6290
4929
4216
1401
1137
1725
3363
266
4270
6305
6273
4818
1751
796
13
6175
2530
7745
5287
4787
7293
5173
7973
2220
3972
7824
7066
5938
7737
5296
4688
3536
7805
628
5161
974
4978
1956
4950
3545
8002
7094
3920
3244
1038
2936
8443
3669
7945
5227
4707
869
5996
2855
1455
3326
4843
2644
5529
3325
1994
6811
6299
6336
8063
2103
2311
5525
4047
7902
3063
795
3257
4816
3950
4109
2830
1642
5824
4249
4198
6029
6041
7269
666
4955
7586
1941
295
2220
6183
2778
2931
3221
7428
4733
6193
2734
5465
3739
2594
8486
4771
332
4333
7906
770
7557
2565
6187
6307
4204
2496
213
3588
6820
7993
5865
2387
3519
4304
2788
3987
849
3610
9
5562
259
6140
1229
6541
1363
6205
1510
6537
1911
3906
3264
522
5366
1638
7463
779
3271
7110
1305
2745
6656
5458
4637
5641
4005
3293
5614
3343
2076
7533
8314
8038
1483
8159
5630
5400
1101
4781
5002
4179
5557
4645
7736
7357
3217
6186
6514
8183
6968
3566
6489
2440
8222
2413
5139
8350
7013
7298
7973
1416
1329
5127
1269
7346
7908
949
1217
2428
2387
5278
2763
6588
4266
4193
2603
1740
6536
290
544
7814
2611
5008
2371
813
1857
8184
5801
1173
2096
3617
3299
7881
2478
8432
2523
8121
374
5853
5488
5885
2314
1716
2700
1675
3316
2569
6402
5752
372
1161
2132
1535
8162
3530
3069
308
4374
4612
2260
5537
2894
281
7434
562
7571
4467
842
5982
6402
3606
7026
5097
6947
2082
8294
1658
6196
4594
7713
1217
2369
2664
4692
2035
3608
94
5937
5952
4732
6891
3619
5788
1775
2295
924
1483
6930
7355
6467
5778
6474
7631
2738
3294
7313
3590
5331
6471
