7006
513
528
622
2637
4687
5094
8059
123
8317
6767
3679
6894
7403
3033
1431
7848
1347
5699
3716
119
6029
3962
4097
2099
2131
8985
748
4323
8738
9373
5485
5287
5196
8711
542
1344
4307
7643
8622
8109
3690
2657
62
6753
8208
9189
2806
1103
8411
8377
1337
229
3884
3393
342
3839
6667
5636
8071
5135
2893
6275
1361
5863
7000
855
3061
2837
6649
5458
1006
1139
1847
6887
6204
8318
5752
7844
2097
6493
8314
6890
4751
3017
1985
3273
5171
2982
4690
975
3222
3196
3961
2063
5763
5701
9091
3273
8993
8517
6801
7667
1802
6414
9001
2682
7316
6182
1827
1601
917
7004
7389
2948
1177
9495
6098
5293
1064
9485
5677
7087
6135
2280
4776
8824
4892
1357
6788
4070
3909
2324
1577
8862
1381
8417
429
2521
2322
609
6077
6158
1532
4250
2048
7872
7657
2040
4737
5248
7032
1533
8368
3418
1675
358
6701
3184
320
1802
8361
2736
2912
3587
6543
3795
9382
5436
7759
1518
947
7713
6099
8789
8223
1914
7575
7419
8291
887
9368
4657
5326
172
3461
2909
6275
8163
1591
4459
6907
2724
8781
8291
5019
8716
5182
7347
2304
6772
2497
6721
3607
4747
4612
4546
3711
5838
6773
8767
3416
4212
3320
5562
861
317
5924
7129
7621
3586
7896
7641
9214
1426
4190
8747
2550
1287
4703
6452
260
7455
5737
3474
3247
4897
7305
8637
7874
7209
2987
6512
538
4720
5200
5625
5960
7436
8322
6815
8217
428
2060
6236
166
7248
7941
6116
1072
6953
7850
4793
4766
1787
4752
902
1731
2597
4854
5808
1319
4693
4287
2552
6427
5119
299
3087
2980
1527
7415
8838
2873
6970
8245
5124
6463
8426
7821
2052
3739
1430
412
4132
2348
9300
6472
1936
5944
8743
1570
6385
1261
2029
5103
2281
598
1398
5965
2836
6835
3904
7024
4552
2858
5487
447
1014
9427
3388
1968
7681
7244
2207
7464
598
4667
9091
5268
4743
6153
7056
8712
2240
4291
2269
5109
6999
2037
5936
2037
1249
600
5196
562
4568
880
8826
2122
374
1111
3713
7398
3968
502
911
5553
8305
5856
5337
1164
6623
7600
6482
7053
8412
6760
235
1065
8198
5256
6472
4453
5465
7297
3370
4656
8229
4968
5621
1245
3397
7564
8162
3284
8378
6879
9102
3151
1593
7524
6713
7872
5551
791
5129
1070
1840
6344
9366
8207
8491
5943
8750
1516
3854
8067
6719
8911
4467
315
7928
969
2347
2166
6522
3168
2287
9187
8164
2653
3068
9417
8784
8686
5185
7826
4500
8018
4404
30
4804
9265
53
7673
1767
3059
592
3691
3562
3092
1433
6120
3572
6086
1203
1756
5596
5850
1066
2490
1896
9086
8062
8049
3301
2436
5075
5325
7374
5724
8541
6917
6729
8817
1958
8606
7088
2979
997
8257
7907
8163
6941
735
529
5633
3252
2459
5197
9289
9031
2004
1675
3851
5834
4344
8023
7746
8857
6463
5671
8933
4155
8975
400
6320
5290
4914
5258
752
6730
8821
8047
987
3513
1555
1878
7195
3441
1828
1414
6519
3729
1052
3109
1837
2329
2218
2347
7117
4969
2608
305
4480
7703
7642
1616
5632
8164
2128
6837
6699
3683
5022
5979
4642
1737
8525
7104
5237
3850
7627
815
7807
1991
6211
3642
6597
2762
2513
3579
7337
8162
4023
618
7366
7483
5607
3987
4067
4295
4116
8082
6471
4952
4302
5326
9414
2466
6770
4787
6960
2195
6872
959
9411
6946
5206
1348
9464
8307
2475
4693
1199
7879
6369
4686
7530
6137
3505
4071
366
6771
8339
1488
1952
7617
8447
4256
3836
8083
9283
1581
4624
5661
8891
9220
7221
5197
2020
7737
8374
7027
4003
4237
9064
3940
3478
576
1621
8487
4963
4392
7332
8102
6924
5398
9234
5330
2176
3501
8005
7189
2307
7959
6304
9356
7736
4781
8806
2480
4561
6647
1804
5975
7903
2730
6369
1404
7559
1130
2020
2659
27
4621
8982
8662
4935
400
4661
6160
1916
105
2100
2554
1189
3647
4579
5099
5829
7548
1951
842
3358
2614
807
1274
5872
6730
800
4363
6203
877
3684
2199
5779
1501
2423
7814
7949
2002
5181
7549
7979
4296
5287
5311
7945
2841
6478
2604
3919
4636
226
2368
2194
1793
7048
5193
3326
3301
7374
6940
7344
2685
3796
6450
7240
6338
7250
2398
5100
5467
2632
8094
6380
5644
247
5304
5817
1777
5308
2518
381
7720
8772
2082
708
4892
1306
8367
7715
7648
8373
4136
6734
7196
427
4634
4418
726
8374
8589
6907
2444
4849
1536
789
6456
2952
5707
6784
5482
3317
7237
6829
4419
5750
2320
1164
7782
1364
2896
9038
2104
5232
7437
2538
1210
1753
1909
6567
2201
125
1879
7868
373
8609
1179
1919
3016
6515
9130
8064
9483
2096
9193
6153
969
7851
3164
1170
8855
1417
8015
3338
5332
2124
1428
4809
4319
4168
5142
6042
5980
4742
9331
8812
1098
7898
8506
2777
5706
3783
6639
2705
2587
6406
917
5229
5492
7700
4292
9087
5102
1867
5437
1475
5915
1312
3254
3281
618
7511
7431
7702
5187
5050
3375
1345
600
6449
7706
4680
5325
5673
1303
4041
3825
9250
3249
5001
7548
9115
5365
5750
1842
6430
1535
8460
6083
4453
7250
824
6006
4788
8646
3626
5255
5470
8805
4885
149
2372
1099
1587
8734
437
6729
3879
7871
94
6164
6065
2295
2762
6429
240
9062
4886
136
6784
3724
5091
5304
3050
2408
8329
1929
9070
350
2164
2322
4140
7407
4328
6393
276
2152
2673
4774
5707
8624
7912
1555
1847
4619
8648
7456
2206
3956
8487
7946
4832
1026
1486
6875
2851
714
7475
2021
7061
95
4753
6105
5887
8309
6023
3484
6719
5895
1653
4524
3418
797
7435
2610
8572
3571
6851
8650
3649
4789
5738
7066
4834
1533
6887
966
5351
951
1076
8040
720
472
6782
3510
2506
9301
5574
3266
4594
6047
5494
493
422
885
8188
5725
4627
4814
4540
7811
857
8830
517
4950
2174
6959
37
1208
4529
4881
2605
6484
4165
6628
4456
4415
7359
447
9378
4143
6185
5527
8440
3377
5972
1668
6825
7281
1776
737
1784
8954
1081
5555
7957
908
8641
7038
3395
1855
8401
8207
7089
7810
5404
8156
1213
6628
5915
2040
2936
6406
8931
6381
6817
5138
2451
8031
1843
4754
8054
1480
3802
7720
294
6167
4896
8822
8677
4542
3253
5984
2095
3768
8173
2529
2431
3455
5906
1822
6829
2595
1000
4432
705
7112
4590
2863
4439
5283
5034
7360
5527
4714
8420
1567
87
3142
5154
317
3951
1943
4319
5272
6096
5447
1318
1903
4621
986
528
207
5738
7658
673
6710
1317
7943
1259
8631
8089
1389
5472
5412
4626
2264
9354
8769
109
1043
4829
9464
6328
4957
4545
8673
4500
8759
3462
682
5496
267
3306
8675
6381
8565
4881
9260
2073
5571
2645
799
6738
5096
8225
8359
8621
3683
5654
3423
6493
4273
1416
9
2042
9214
3214
6180
5118
1225
1256
2192
2544
904
5309
7931
2622
3062
7009
5975
1739
2491
9349
5154
2955
119
7983
1308
1970
5654
187
159
4150
6452
6454
6406
6003
292
2738
7135
4810
3054
8266
7555
3478
7930
7009
4548
4629
349
3481
6002
5898
35
7557
8219
5813
398
7272
7697
6047
3171
7066
6166
584
3743
7988
5497
3206
223
2034
905
500
4746
2223
418
4922
5472
9083
4108
6620
7114
3655
7520
7727
7527
3396
7530
3405
6600
7562
1197
4622
5204
6816
8554
7246
1272
7629
8699
8887
3206
4362
5466
1059
5147
1773
6002
2579
4426
1496
8986
5116
6896
3810
8551
2537
354
9430
2666
3164
8993
9329
5728
6134
1298
7725
8731
8983
5651
749
7278
6709
7015
3577
3464
396
4819
1765
6658
8619
4869
7193
865
9032
5223
2650
9088
8299
6820
8092
6250
2895
9480
1604
6342
3332
6380
6392
87
7997
8364
4377
6481
752
3051
3683
2316
3533
661
1446
2839
7884
2400
3982
417
902
8862
3105
6798
4447
3552
4992
126
7780
8247
5374
8628
4385
73
7328
6208
110
8462
3165
5147
1037
913
8350
3271
2502
7224
2958
2370
4162
6593
1350
8309
4017
2646
7064
5289
7780
3738
5534
8121
4195
1974
4762
7989
7098
3838
5057
9092
8480
92
5490
7645
1049
3012
1092
6746
3873
7467
6255
2398
4750
1697
1542
451
6003
8202
5501
682
8777
2229
6506
9248
3699
7993
3361
6504
4307
7453
4574
780
3582
522
9294
2910
5000
8510
558
7053
422
7317
4521
901
6158
9181
8626
8509
1547
8558
4845
1115
6795
556
7029
3693
6591
6977
6615
2246
4502
790
7745
6503
6159
1176
7505
5728
7910
7813
2314
4904
6461
7276
3810
1189
3333
6670
7589
2296
1539
3884
653
6331
4414
877
1020
4306
4950
190
1550
266
1536
8520
5411
5834
5711
1291
4308
4752
3799
1246
125
2080
5385
937
4022
6652
5611
6142
7131
446
3776
2954
2495
8116
3026
5338
1789
5968
5727
6893
3938
7352
4901
6350
3341
4004
7427
5807
4889
5764
139
4435
2046
3057
2927
1832
3431
327
9089
6241
1070
186
6638
4906
9158
4402
7535
2264
6425
648
6427
1454
9471
9394
1413
5076
5619
4551
5299
6345
6806
2244
6748
1633
6112
7724
8539
7186
2811
339
4014
7135
227
4319
6868
2317
5841
7986
4084
3701
3852
3717
3182
6378
8429
5147
4347
649
8013
6736
7328
6780
5986
1572
4128
4436
4294
4402
3688
7061
7350
6282
496
8800
4840
2653
2122
450
9221
5759
5472
6494
2171
4305
5389
8957
7649
377
4233
7749
4997
6046
5923
1200
7198
7883
4797
8239
8420
8904
7218
7896
7435
3245
3105
4080
2002
8416
8860
7690
6140
3679
1193
7529
2393
9468
5206
4962
7806
6861
449
448
7354
1754
8306
475
4465
6283
5144
2357
7462
3958
4332
3697
166
3704
6808
4475
1719
7186
6569
4447
6263
5334
2396
7
4200
6620
6207
1589
5268
5736
5050
8877
173
3489
780
507
3527
3710
5582
4114
211
961
8813
4380
3940
5235
8091
783
4302
5357
8261
2690
1569
8386
7426
9384
9302
6497
6414
5823
6142
8308
8108
3443
2119
5163
7472
8654
2827
6721
9085
7810
8402
6609
1434
260
8812
9201
3652
7514
7032
5936
7389
996
5270
5203
8160
8495
7920
1427
6941
4482
476
6718
1161
3927
5286
1173
8814
6486
6577
8981
1429
5588
5847
2520
9022
2272
1865
6786
952
7802
5569
1600
153
2681
49
7052
7471
5034
1585
5345
8300
5856
6696
6290
3938
1210
1375
3745
3406
174
8083
6532
5834
7104
6562
1586
2671
3772
8146
2588
127
1735
3938
1323
2531
8446
387
1865
6712
376
5783
3868
4961
2955
6519
60
5664
89
8412
1006
1017
5484
5284
6314
1045
8331
7006
9228
4126
152
2289
7953
5604
7147
4216
2966
662
3012
397
3067
4800
3899
8245
9470
8881
7396
2682
5539
5901
3702
4927
9040
4959
8438
7100
546
6846
4349
5515
7602
2369
1459
2385
7517
7745
64
4159
7687
2948
8479
9011
2795
4805
4399
5795
2228
4285
7083
5464
3524
3938
2651
6607
1555
2617
3465
2433
2460
3240
1785
3648
3693
9094
7900
4064
1663
9150
11
8088
4100
597
4381
3322
3263
6927
5900
6887
849
7339
6364
2292
1310
7431
6214
4289
7707
7625
6497
7429
3749
4024
5927
4833
1456
2664
2780
3351
6709
6903
7089
488
3626
1794
2674
5973
6351
2528
3534
2236
385
5064
8421
4022
3610
9346
1530
5300
5929
2820
3743
7991
3820
3709
8958
1829
3301
5054
96
6223
2898
974
6374
1659
7218
6327
3
5273
4671
8108
2595
5105
7654
34
2147
3566
2505
7538
6741
2649
2016
6455
4466
7780
2756
629
3718
7945
3784
9385
3941
2688
8550
82
7896
7986
8540
5150
4742
7230
3186
9318
1257
5110
6455
5432
6898
9391
9023
33
2290
1959
3593
7674
6903
4326
7722
6011
4503
2786
5286
6685
2009
851
8764
6228
8672
4821
6754
5345
1921
5299
5255
8572
1053
20
6807
4876
919
7752
534
1806
3619
7195
5849
3032
7881
7564
2248
4169
6244
6300
1223
4216
3334
5149
8114
2874
2358
7168
900
8900
6136
5761
3021
3180
8465
6137
3971
3661
8575
8036
8715
940
459
4268
3840
6489
3508
9070
8286
2008
5162
2647
8272
7797
7959
6637
4728
2370
4815
5980
662
4018
1865
8658
3815
9422
5622
8164
2674
8656
6350
7957
4146
3962
7217
4722
358
5960
406
7602
390
7409
8334
2759
1068
6784
241
2189
1130
2442
8345
470
5294
4326
1294
5108
3001
333
7545
7104
4078
1013
3564
2343
9169
2648
1384
952
5128
2188
9195
5848
5551
7876
4853
7699
7648
5565
9237
7434
8299
758
6275
3733
5745
2118
6182
6989
5886
3278
4854
5938
4481
1004
4043
7380
2549
2181
6414
2868
6275
4024
753
5904
4469
1015
6198
2257
7760
3967
6218
764
8459
54
3685
6921
9248
1130
4657
6562
4747
8191
9128
7908
3212
5190
1343
2347
8416
2510
4064
2084
5911
8572
343
3335
4930
7251
9500
1858
5305
4145
8867
1682
4275
7689
5560
6486
622
1233
866
5446
1522
4173
3897
8341
4179
2161
366
6931
6609
8091
4753
5039
1367
6803
6535
4094
2247
2619
6502
3850
5433
2552
7499
2980
9432
66
2960
8665
7006
5803
3052
4299
5009
7608
1342
5667
1511
3044
7473
4558
4196
3802
9452
2751
3679
1065
4040
10
3711
222
4377
814
4279
3074
3256
2458
8403
942
4511
3380
213
2687
7610
2962
9037
942
9261
6415
8675
5967
1292
6924
6646
354
7886
6919
1935
9170
762
7630
5192
1829
5308
8670
5233
4688
5819
1763
6018
5360
9381
5380
6838
2760
5872
1823
1046
590
9033
3648
5970
8003
7360
9123
8839
5207
1574
735
568
2229
929
3261
7369
9363
4853
7733
9369
8083
8960
1892
5839
5109
4843
4070
6338
1551
2460
8082
2498
8087
7310
4756
8426
2636
534
2647
6385
3163
4435
7952
8657
3668
833
1969
566
613
8029
5441
6259
6218
819
9384
8025
7485
3854
690
3800
7931
4088
8127
4784
826
1686
2723
5608
5205
1134
4862
7670
7339
6712
4679
1213
3499
5455
5158
8895
4434
5213
2683
3249
718
4761
1979
6732
4821
5889
2738
5709
8967
2477
329
5533
42
6339
3971
6979
6765
2303
6686
259
9358
1090
2909
1358
7306
7772
2899
8981
5049
9013
5698
2865
3445
7313
6653
5220
5877
4183
6422
7264
622
6968
4240
7661
6238
7067
7644
333
2179
7165
7852
6197
4143
8475
8870
7984
5815
3681
262
7289
8676
874
2243
2797
115
6544
1591
8757
8686
2875
2101
1035
4169
9239
6338
9398
4930
4161
2387
7537
8621
7268
5819
7872
3254
3084
162
7592
3897
5472
3350
9042
129
7591
7278
8692
1324
9142
5511
1346
8083
6334
4932
1044
5867
516
4901
1746
2449
4611
2329
5741
4030
9395
1625
3370
5115
2717
8861
2542
2233
8837
1504
8171
9419
7202
4984
6628
798
4476
8357
4708
7141
980
1816
8908
2359
4100
1903
4828
7612
993
7890
2736
5633
625
2203
3036
9197
7878
101
7831
8812
1986
2054
7641
2026
6848
5578
9375
3967
4165
1117
1896
2698
6985
2629
2798
5727
4055
6238
5352
5113
6317
9448
4069
475
4143
3642
1916
6357
1000
8865
8214
7326
6108
654
8968
2578
597
5324
5382
8347
1678
3042
4824
2668
8824
6143
2878
329
2065
774
712
6676
8218
8931
6373
8275
3260
299
6138
5967
946
6522
7084
4923
4446
7501
4373
2432
333
2246
4179
4599
2940
608
3308
8952
5718
4868
9016
8875
3915
3627
9305
9204
8453
8679
4180
7433
8475
2045
9343
2632
8318
1113
872
5724
7624
5178
4407
5153
4102
3479
6142
8055
9317
1565
3273
5117
8982
1698
1441
1577
8482
1800
7385
916
2080
8303
4314
3363
6557
5117
3006
6855
5984
5844
1437
6377
5849
6842
7343
4306
8186
1945
7983
2814
1248
7361
2164
1345
7474
7291
5647
6418
5283
8903
6022
3115
8236
8613
808
1969
1790
1207
9102
6263
2344
5972
2102
1106
7621
7588
5497
1618
4060
6657
7679
6440
7432
6517
6850
6811
7792
6935
4770
598
8668
284
4805
7638
8600
5279
2673
906
3753
6833
1108
434
2687
7222
8641
6630
1373
5270
3316
3377
6107
8796
7795
164
6604
5309
7649
8190
2800
1756
66
7698
7605
1925
3931
5516
192
7765
6642
1168
5958
733
7250
5086
1656
2989
357
3518
1306
3708
6136
613
460
8700
4785
7261
1048
9093
4542
5095
6502
3039
4662
8806
7111
6674
4019
4051
8136
8478
8832
432
5443
1860
1621
1253
1455
4572
9201
6484
9324
1842
5718
8758
2675
897
4896
8437
3364
4890
299
4747
8178
3994
3961
4532
5720
4172
6667
868
7893
1241
6870
2995
4933
119
6925
1619
8502
3307
1894
7828
699
6147
6558
3760
3268
5784
6264
8519
8768
3183
8219
2405
4172
7900
8178
2028
5140
7492
442
3144
63
1841
1172
130
5194
2518
5713
6699
5364
8908
3797
3264
6403
2215
7462
4388
9057
1952
5845
4329
1578
7735
3019
702
5881
2759
7217
7464
2754
3493
4434
4618
6388
8489
5512
6093
5942
8765
8173
4761
1559
4021
4654
7016
839
1938
4472
2472
3348
2756
3892
5928
2368
6502
9030
3895
6088
4533
7458
1263
2932
7416
3611
397
4085
2997
9256
6892
5289
6867
4180
7608
7534
6148
5908
7197
1601
3895
1479
1266
6776
2944
6289
6330
4861
5699
2251
9468
7661
5808
3817
3302
801
3669
5939
1103
3455
1332
8288
3144
4957
5612
6999
2751
4097
7649
5676
8892
6698
8651
439
3284
4462
2557
7208
1873
5074
1341
4682
7138
6704
3540
9318
4199
777
9212
5006
8214
5154
4106
8255
7991
4082
1944
3827
6190
4097
7382
298
9047
7942
871
8112
5408
6868
4929
4930
7404
1001
2558
8831
3466
5451
7398
9132
3166
3310
7767
2129
8111
9126
3060
1127
5422
1835
4869
5981
7449
7778
9033
7354
1791
8290
6416
8802
9191
526
72
3673
4590
8827
3681
1880
9301
5723
2611
7952
2684
2673
6036
510
1001
7952
5383
3770
8155
9413
3037
3039
9231
8381
3154
3573
3987
3398
6225
2288
9338
6169
5942
6178
5539
5711
2102
901
4759
4756
1355
3006
3278
9484
867
9398
9084
5077
382
7015
1009
8550
7859
7700
3322
3498
9329
8609
6561
4416
2470
6377
5717
4683
5634
2202
6832
1332
6947
1422
9324
1481
1435
2722
6945
4486
8578
3404
2771
8258
3286
5452
1970
3730
6427
2427
342
6318
1472
5587
7508
5530
9335
4520
8129
9304
2456
1306
865
7278
2066
6967
818
1140
5844
6973
3799
1630
9316
6572
3854
344
5557
793
6785
6753
91
5838
1435
1491
8082
3910
2560
129
212
234
5463
4039
1652
3645
4392
3653
4774
9026
1563
4938
7651
5555
4722
2371
7416
5160
2836
7804
6298
5151
4614
3962
9317
4499
6975
2391
2786
4544
8178
7186
818
8306
1652
7296
8319
3361
8666
644
435
1024
2204
3268
2848
2969
5580
1870
7533
8150
4658
6705
39
681
411
8375
9349
8705
1119
3096
5886
5469
7043
9068
306
5657
2794
1911
2404
1409
8822
6189
7450
636
5580
4571
1275
5322
9161
2534
9050
7774
1513
4873
9433
1570
574
4734
7427
9233
2075
818
1755
3638
5792
4539
7927
3757
2300
8222
2605
9440
522
2422
6854
6283
1738
4783
6039
6962
6276
1735
448
8679
692
1728
4245
5210
3412
9273
9049
1168
4507
8153
2211
5793
3697
7111
5549
4960
3912
2574
5803
7558
3868
8193
8337
1237
6570
3040
7024
2278
260
1073
5215
1748
797
2349
3682
3759
7158
7457
6996
1585
1572
4249
3924
8779
4578
8360
1424
7044
4084
2432
5474
3185
5928
1381
3117
6880
7607
5758
7881
9198
6894
3866
7945
1376
7769
4865
1866
2456
8516
3175
5615
6038
5096
645
8749
1351
3336
3439
7398
1997
9336
6306
2772
8709
3399
9000
8098
7834
4133
6096
5704
7178
3270
8810
812
1300
6598
1739
5865
3858
7671
6069
9456
138
3912
1145
8166
3408
2594
4799
6091
3517
1140
5536
4744
7615
2192
8369
4984
8005
4652
3562
7038
7232
9320
6558
6704
3507
5471
7129
1043
830
9098
2750
6011
4034
3963
6781
5641
1342
6802
5000
7313
3398
524
343
1875
5024
4434
5700
5167
4142
3484
8079
3348
682
5885
1920
4601
184
7750
1617
8334
6857
9348
1699
6809
7965
8750
8328
4906
1924
8009
445
6636
8360
489
5626
7029
9381
5057
2470
707
868
3535
557
372
4
6256
5180
4695
1265
8041
8604
370
1881
1354
4979
7174
3737
1599
3265
12
7898
5747
8287
809
4673
5063
3234
6202
6878
5286
2586
2726
3978
3843
5605
3784
1884
7894
3958
2764
2740
9058
2051
6774
2327
1724
2444
2775
3953
7459
7761
1680
3684
1156
5752
7185
8309
1846
5816
2388
7473
4383
1797
2332
7001
7221
8971
8336
871
396
3189
5304
8557
7332
5349
1533
738
7716
2850
2217
2203
6058
6173
7437
3079
3072
6954
1191
8570
2171
8908
3434
6485
7454
7370
7800
9339
415
6911
2125
2003
3742
276
1882
8049
6193
4094
1337
3960
2469
5362
9126
7140
7139
8823
608
15
1538
176
2156
5581
6856
1159
4524
3117
5403
9439
5265
744
4201
2518
3248
5317
9204
3319
3967
2352
3265
3464
9389
7935
630
3002
4212
9411
5413
814
5071
8070
3433
7371
1162
6839
1947
2082
2681
7857
3388
2019
4393
9084
9124
3807
7111
2177
7587
4591
8394
8765
2411
4228
605
2423
6350
7168
2741
4533
2140
2041
4662
7007
9482
671
283
2938
2588
3285
9081
3438
420
1806
8493
0
2694
241
6830
4996
5359
182
1953
6199
686
574
5037
331
4098
3951
7760
9311
7818
7768
2445
3574
8895
489
3577
7188
6024
9002
1441
3865
217
7663
2351
6557
7749
7125
8329
6368
3635
500
4871
8615
499
7465
2587
3288
5573
68
6171
6542
9197
7399
2522
839
6341
8667
4770
7623
4541
1760
696
8819
1547
1640
1346
5372
2990
6067
2018
8709
3357
5964
3914
8733
6714
1189
7832
939
4651
6358
6739
3268
6101
7286
4859
706
7851
8879
3032
5802
5755
4835
6396
5837
3027
5699
7881
3676
3607
3582
1148
206
2516
6462
4192
1339
8444
4661
2083
6807
8353
3155
1533
7688
9150
8283
6541
4267
3111
7179
3760
6988
5504
7307
4414
595
1426
3611
5222
8255
5343
4742
5326
7312
4053
5165
7500
189
3702
2781
1933
3963
2380
5799
3595
7427
6130
9387
1033
3139
1664
7019
6530
2223
3474
5534
1013
7336
366
2515
7615
4609
900
2700
5364
9217
6731
6665
4272
6108
4478
3307
3430
5882
3335
191
4105
9340
1620
5254
7847
5404
3810
8832
7965
3947
1107
4389
8089
4273
6797
7250
7785
8943
5872
8777
4919
7636
4885
2361
5337
4655
8743
6470
9147
3844
3466
813
4566
8248
7446
1209
1142
4069
5564
3845
5022
2567
9077
9073
2169
625
4983
9116
550
8865
8340
2287
7281
6800
2227
5480
3572
8629
1929
7515
2424
6904
4209
26
3806
2759
4649
340
3883
35
2490
7631
4641
4818
5654
8291
6519
8780
6766
3585
7624
2546
1503
1271
2805
5512
4903
6684
2290
3208
2533
2879
7350
2274
7257
9270
5411
4759
5934
1587
2399
8040
6080
5796
4483
8070
6644
1746
1870
6949
6522
9111
6970
2614
435
7376
7096
6262
2418
6483
6330
9098
6881
4021
2608
6606
6958
9379
2299
5801
1119
8267
4137
686
1148
2714
6002
5079
6664
955
3776
4520
4081
1325
6714
2905
5901
6262
6397
8066
7185
8114
9036
4895
7555
1343
5819
589
4223
3720
6251
4696
6559
195
2032
826
8464
9356
6501
1893
570
2679
137
8930
4948
3706
3479
6934
6413
2590
6503
2571
1285
525
6166
1051
4042
1454
2742
999
252
5772
9078
3564
5677
577
1123
5231
5779
3878
3251
5203
3799
272
562
1891
3447
8305
7341
3349
3189
2888
8154
4343
9265
8635
6670
5195
5109
419
9411
3093
5731
4433
2817
5742
3386
4373
5823
3038
7090
598
9293
7050
2215
6389
1589
7662
6983
6475
3908
8922
3334
4565
1874
6436
1946
1711
8528
9486
8842
2158
385
8516
7047
7181
8766
7451
2582
1769
2102
2961
950
2272
1044
458
9063
6464
6466
9073
7964
735
1804
2294
3359
5084
1560
1314
2520
5278
6619
6863
2634
399
6271
69
5872
4130
8949
1246
6673
5137
442
3689
25
4244
5454
7488
6982
267
6847
207
5291
5483
1157
6779
2919
1423
5165
1551
631
4666
493
3963
2680
3672
2129
161
2370
5300
1781
6856
5480
7396
2039
260
3684
5951
3133
6956
453
94
1097
5022
3409
1376
5793
3508
170
3261
6
2055
3406
4125
5775
5923
13
3464
6005
4052
2792
4832
6030
6545
7036
6535
3660
7606
6859
5765
4559
1864
2472
2902
7003
3421
3453
382
9300
5657
7325
6592
2667
5342
5526
8026
6633
7154
649
7407
5286
8833
5440
8101
5268
4982
6267
3659
7805
4799
7209
3413
5303
8390
7903
2888
7140
9453
6068
1145
6512
2423
4025
5255
8442
5956
2798
2829
2750
3215
6723
1299
8168
5328
5138
6518
6340
4247
3831
1682
4453
3895
3919
3412
395
9366
555
5520
1533
8668
6934
6043
3165
5624
290
5932
8251
5782
3998
3603
9458
9390
681
3853
6158
4502
5614
8908
7939
4422
8051
6113
2197
7244
8088
5419
6431
5722
3844
2515
164
8059
811
7173
7964
4391
6800
3889
534
3864
2822
6490
6578
795
7249
7433
656
1873
8187
7630
8934
6753
3314
954
4282
2629
447
6053
1304
2664
1149
1133
175
997
1491
3846
3465
73
6294
2437
6780
5376
838
4406
2500
6855
9382
5250
8351
77
2613
8865
1004
2784
8463
7132
6288
651
652
4008
7146
5463
5241
6121
8288
1223
3247
3699
3032
1704
7271
632
1396
6963
1120
761
2342
8419
7060
4313
6954
1328
2639
855
708
6203
5709
1396
1277
6023
2185
7593
1500
5302
889
5527
337
2522
3189
4245
91
3777
5235
680
7003
6355
3514
770
4739
8583
3431
8123
1755
4625
298
6512
3987
3369
6151
854
4821
6079
2017
9135
5199
7294
4213
1665
8206
4987
4366
3626
8543
7159
7692
9197
4459
7595
376
2505
1745
7137
8833
8161
1829
2270
487
3292
237
8862
5444
8896
4915
6873
4625
8433
9238
7740
3447
4510
3118
1666
1167
1876
3298
5457
8244
3301
3149
2809
6347
6102
6612
792
7473
6083
7365
5245
1873
9200
1618
6439
5643
693
3341
7066
9055
4457
7204
1251
372
6719
1662
128
1421
9140
2128
4076
8583
9137
9199
6754
3107
654
8491
1748
4759
945
5898
4627
3226
1026
6686
8664
9401
8146
5201
4232
3842
6178
7437
1833
7489
7431
6054
1626
8704
1808
2847
5525
490
6530
3096
3399
6796
8079
7607
7655
310
2698
2341
4604
4573
9468
7211
5508
5036
1548
5724
5101
4758
407
6848
6568
8707
4993
4943
2179
9318
6323
2338
1361
3941
7464
8828
771
6444
7860
260
8721
3781
1708
3751
346
434
963
1262
1172
6526
4865
1487
3091
2725
8929
6375
757
5833
8367
3383
127
9402
3364
8556
5886
6907
529
3318
4521
2068
6717
3524
40
3101
6329
3632
3612
4854
8416
8986
8354
6153
9050
6150
5026
6617
7233
9359
2541
2479
2205
3728
1350
6404
5032
2702
6293
2898
7773
8578
5399
7606
9083
6135
8620
4968
2676
4038
7680
8031
2131
3822
12
5884
3675
8864
4364
5801
3461
5538
2115
2326
1939
382
6159
5807
1090
5306
339
3056
1374
1105
4838
6783
2350
4208
7964
9030
4332
4808
9399
5017
1968
1563
5487
3183
1607
9352
2560
2125
226
8958
8224
8265
5794
5550
41
8477
2876
5571
2675
2156
5730
6070
8895
7252
8347
3568
6095
6345
9149
3808
4766
9478
2830
4661
446
8646
1922
4578
7554
2075
6316
4667
762
5644
2065
2035
5137
6529
5313
4157
978
5234
2494
4338
1953
5767
1219
7481
3947
4242
5782
762
5748
5565
8932
4712
7616
324
638
2120
8025
8106
2139
6370
5257
1442
7858
2038
8422
9120
7467
983
2184
1386
772
1034
3764
4667
7898
3779
782
810
2589
7386
3680
728
5310
3793
2131
4003
1665
5934
1169
7611
9062
4790
6670
6197
6013
9427
349
3565
2617
1437
305
2139
8546
2471
2273
4643
8367
2527
3277
7697
9032
6640
9392
5282
1560
8191
4143
505
7006
2733
2569
6533
714
8464
3582
8116
2733
2953
1097
5205
8952
5761
1010
1728
3965
1427
4222
1485
8803
6138
5410
6780
6336
4640
6180
9478
6672
401
7683
4776
5554
2142
6163
6347
6071
7967
3307
5469
8691
6389
5709
6323
3771
4251
5512
1997
8692
4704
5503
4090
7503
7310
2694
5920
7109
1839
2574
6506
1865
5709
445
7003
1062
7603
6543
178
4176
3700
185
7972
9420
580
935
1167
1714
7973
360
9342
4318
8714
61
7054
4572
7920
7001
3240
4770
7076
2716
2926
3341
3904
3911
3643
605
3707
215
531
8991
2620
7831
5166
4752
1840
721
5854
68
4272
6821
5297
4205
4518
5224
9348
2418
4017
1061
319
5385
8440
8182
2054
1915
9291
9077
4055
8461
7091
7709
3876
4071
3393
6762
3368
4690
5687
127
8489
4189
2014
8783
6222
5315
2888
9352
1061
7335
6629
6115
6386
7446
4162
2368
4718
3882
7582
7278
5053
8718
8896
5647
1968
4042
6322
2352
6841
8928
2515
6831
2151
6567
1668
4019
2705
1985
4556
4698
186
7242
2317
1808
623
2413
9245
2734
7141
84
4539
3064
1230
5783
6378
3286
773
6289
0
4780
3188
4035
9060
2155
1637
6287
5360
5659
2524
4761
9485
3921
9166
1127
2211
824
1552
648
6924
3969
8553
7188
3942
3531
9084
3239
6514
1924
7150
6228
1507
6972
5452
6786
2013
7269
1907
7336
34
8144
491
4567
5348
8932
488
6554
4881
4750
3895
1201
2898
8484
3980
8643
7570
5475
8860
8757
8398
4711
7890
2018
9246
3260
9062
2902
9444
1174
5210
7952
2679
414
6499
8593
8808
5198
825
2186
1371
3624
4153
3937
2391
9454
3279
9033
577
6236
2833
6747
2297
2644
8401
3226
950
287
8011
9104
1891
6579
8454
8570
9213
4622
7892
8275
3039
4279
5716
1963
1189
8692
8749
2157
67
5734
4624
3579
4066
998
431
4266
4953
2214
7113
776
2070
8202
6142
7811
1655
5172
3437
7541
3743
7354
4596
3524
6404
8684
5484
4701
2340
3243
8045
6064
16
6294
3380
5810
1894
5680
8390
1725
3852
2752
1795
3545
8701
6986
7872
6302
301
7849
649
6581
5358
1611
8494
2594
5983
1281
1616
9046
303
9354
2310
4198
5345
8294
1209
1435
4696
1284
6239
8024
4438
6725
658
8533
5702
5601
8834
4465
2004
8515
1422
5896
3775
8079
4996
2571
716
1135
3120
7179
5616
5601
2707
2006
5703
9430
1046
1335
7963
5871
2412
8650
7890
4940
7844
4082
6482
6023
8773
6484
6882
2378
1820
2254
6543
3413
8719
4223
983
952
662
5197
2392
4777
624
7077
9084
5170
4496
7461
1607
7136
7510
5802
2494
5684
5354
556
2405
3559
8424
1622
3631
9070
6978
6074
235
8568
6858
4363
5891
4174
6198
7027
4345
5297
5729
7048
4550
3953
2643
688
7958
2239
6103
6961
3028
5666
6756
6055
8958
392
1207
7034
4051
493
4197
698
5820
6150
2304
7527
7283
1688
8854
6006
8117
1534
5167
3358
1674
5203
2831
5779
4944
4899
5680
7778
5733
7611
2945
9016
8273
7328
2387
483
8023
1628
5772
283
6432
7728
7913
3992
228
1042
794
1969
7925
6039
4137
1608
503
8985
5117
4331
3516
2286
6063
7945
557
6189
86
6339
5321
3828
214
1703
4673
4635
4624
6363
8231
3823
6562
2808
7324
53
3204
2533
7263
5242
3831
2858
8676
5685
3369
2928
5716
3346
3188
6148
686
3090
1966
1504
7188
7256
1443
6687
5096
5543
7491
8284
1500
5549
1964
1751
2494
7397
2644
4304
6144
354
4581
4706
3246
1650
6470
6775
2701
4412
7193
4017
3747
6066
5075
2473
48
664
5887
5530
7491
125
8811
6144
6429
7937
5750
2263
4942
8718
6004
2961
4345
5977
6284
5427
9262
9416
6699
465
3261
2984
9333
6924
4235
3216
5446
7273
3175
375
2814
253
5931
8812
9347
7030
8642
8392
5845
2377
8969
8845
6408
282
2101
5584
8643
140
1640
8229
6273
4419
7715
503
8656
3475
7880
4861
8776
1286
3217
3766
3931
7192
1545
8399
3660
978
6724
3264
2664
3884
1343
5071
952
1080
7637
5349
7912
7165
3533
5119
7586
6439
5044
1030
3745
1534
6183
6020
5991
4038
7879
8950
7634
2963
9356
9186
6971
8938
8722
1845
8730
5409
8962
5742
8763
1063
2326
2068
8882
5856
258
1632
4645
9292
3021
4321
2050
5177
3945
6400
2758
583
3355
388
1375
7360
1193
7339
7597
9202
6007
3268
1515
4467
7122
9232
659
4781
8296
8644
3044
6667
8843
8867
7190
263
5828
283
1133
6946
6774
4548
642
7922
429
3839
4664
3988
7926
8963
7157
648
6064
5392
1069
2198
9080
8771
6630
649
3377
4268
8524
3525
4288
8362
1613
4077
4770
5166
5633
7109
6276
1278
8207
5737
3360
7822
5455
1696
1320
8809
370
5268
1504
7696
845
3913
1788
7205
1838
7719
2538
1964
6203
1781
6168
1623
989
3991
6139
8411
6687
2006
4925
9015
4926
8822
624
948
5928
1656
135
5649
6141
6571
6127
5655
7631
6805
2398
857
4652
5108
1731
1591
6625
8727
5286
3870
2304
5231
3377
8137
4675
4160
4726
8333
5404
1747
7570
1409
5522
9169
9374
7990
6514
7930
5127
7784
5029
6663
2655
5739
3883
4282
5918
2064
6813
7608
5105
6928
7326
3540
5583
9044
1988
646
2605
1747
6902
1502
2795
1014
2356
4566
7038
3314
2437
2663
1013
772
4272
7681
7374
3054
8967
6587
3283
7045
6657
4250
5148
6806
3157
8733
2354
6312
5208
8949
6217
7691
6361
3883
4566
4162
187
5579
5649
7744
3609
560
6316
9019
6737
1766
7019
4461
1333
5253
6143
2519
292
2731
2195
1080
2469
530
205
2315
2475
5761
3104
5034
2011
2601
3396
6386
8968
7330
5460
6550
5104
1956
2734
3945
3452
6749
7191
6428
6923
814
6480
2062
8887
708
647
426
1688
2255
8679
417
3885
316
328
6637
5556
2687
5731
230
8096
4443
6093
6691
5623
614
1019
3801
1629
1810
6981
6087
8106
2630
8839
1925
2095
2547
6630
2450
6757
1854
4139
424
7961
2023
2447
6786
8034
7080
2874
241
9055
9114
4661
6096
1150
6801
5967
5170
9446
3477
3707
3693
4638
5236
5789
6793
8287
6059
8790
4951
5112
4560
8377
2545
571
6271
8096
211
5286
7079
4722
1356
6712
7139
6989
5586
3455
6190
6773
8787
7106
7871
7648
9155
4562
8557
2588
4722
1195
2739
572
125
27
6039
6872
2978
5406
1741
1555
3419
8366
8862
8775
1765
778
5763
7982
1449
6078
750
1203
3890
8140
6152
3293
4083
3917
7307
359
2234
1130
2792
6302
8436
6727
5951
2923
449
2297
888
6673
705
7094
5371
6792
7377
8555
4901
1272
1251
1675
3704
4596
6039
1107
4429
1271
8042
7067
692
6265
546
6751
9462
131
7253
5979
1248
7361
7244
647
6630
4844
39
8371
2712
5911
1129
7903
8542
2582
9226
1096
4793
6364
2758
1514
6990
5081
6010
4855
3905
4235
5494
6794
6665
3223
1151
1854
8753
395
6397
2681
8624
5786
6417
6499
8082
146
7818
3593
5412
107
9255
3759
591
5345
6765
4576
6225
234
6965
6110
1938
217
2666
6213
8294
3322
9209
4530
6025
5086
901
8927
7939
4561
3297
8073
6665
7708
1359
201
2453
5827
7048
2044
5860
2021
7231
7701
2986
3633
2721
7404
5280
6711
4673
306
3522
3697
6939
1455
5852
2832
2410
6339
5832
8022
3910
3096
2292
5658
7592
5489
5576
1964
5052
177
7116
321
336
8904
4025
2869
710
1942
8060
7862
2168
8098
7320
6256
680
1699
1158
63
1698
609
7914
70
8653
8907
6415
5667
4138
457
6671
6974
2545
2805
1177
9275
5249
8064
7422
6665
843
3309
6568
8599
1218
4536
1735
829
2019
6771
8016
3261
6977
5894
4814
3369
4783
5964
7582
7116
9198
5202
3339
1047
9211
2533
1334
299
3026
24
7452
1318
3353
3467
5495
7214
1242
6788
7462
236
133
509
172
5510
5558
8542
1861
7481
201
697
3976
6041
8859
5600
5211
7154
2017
3042
8362
4587
4509
5697
6693
7964
338
6236
7427
6271
2585
3195
6779
4560
4400
3040
1612
1549
5572
3700
9487
5957
6411
4581
8308
614
3606
7049
5320
7850
7051
1548
4195
6789
8821
7888
598
1536
86
3423
8131
3201
1110
8754
5655
2182
8243
5150
3347
7825
4647
5881
8350
5255
4511
5660
2359
4951
3692
7792
8872
1196
2972
3818
6704
2029
1469
838
2064
3385
5708
7745
691
3952
3543
678
68
7235
8219
5888
3851
8552
2165
3800
246
9465
1601
1095
5724
4177
3604
1761
3836
5649
948
1544
7811
7757
1219
4222
484
851
649
8614
5460
5757
1983
1418
4560
3601
3639
7319
9279
8236
6038
7333
1167
7017
8181
5989
4245
526
7408
3205
1385
7105
6092
4350
3521
939
1461
7904
1887
6600
209
6729
8933
2097
5239
6215
6255
6334
4578
3970
1753
1151
8224
361
767
95
3123
6438
9292
5983
7325
8369
1411
6819
3492
1469
2387
5206
7705
6532
5313
3948
3435
7555
7024
3262
8090
6304
6220
3316
594
1342
3316
6117
7498
4569
4711
4713
2273
4248
8695
3374
719
4082
5462
8146
4697
4016
1224
7173
5112
4308
4721
191
8078
8287
156
5749
1398
2299
8143
4204
6061
5243
8538
4703
3408
8626
6018
1963
1945
5600
4467
6364
9275
8209
6442
9398
1425
84
8968
4024
5077
2694
1161
789
5146
8945
8877
9397
1137
1602
3022
5073
3802
3213
8619
2977
7708
2911
2376
8944
5489
5790
8669
6512
6739
6895
4409
1429
3355
4731
967
3113
3042
4738
555
5436
9112
5292
933
8759
5057
9398
5364
7039
9272
2974
6056
5031
139
5409
440
5720
2474
4917
2332
3101
6476
3747
1396
98
3111
6705
4689
7400
4026
2333
3047
7725
7250
5107
2332
2553
8775
1155
2377
4521
515
877
473
8702
7699
763
808
4388
5149
7705
8687
1963
9482
7853
8451
6628
4678
2501
6801
3501
8572
4906
9131
6310
7048
1487
1953
9448
3508
153
2351
8673
848
510
860
8664
7109
6569
6903
3271
8811
1975
8863
7423
2333
9062
3012
154
754
6816
1506
2267
8883
6051
3880
1818
1941
8097
6422
3659
7727
4926
8894
8905
1943
2908
1317
1616
1167
8301
7239
8755
8665
9132
6980
3451
6505
1731
1408
6302
431
2063
6450
4039
8228
8706
8039
8611
6773
978
6112
2088
4962
193
673
4954
3805
5861
3095
8159
943
7155
90
6211
3207
6151
3466
3931
5872
8792
834
1262
5579
8388
1245
577
570
3090
6003
4484
9130
9073
3896
3195
6954
6237
3781
5139
538
6619
3702
6225
5720
3060
2404
6866
614
3134
4703
4950
6177
1640
4949
2639
2567
4046
8955
7308
48
8094
3656
7220
4641
8547
9442
994
4266
3196
9341
2973
3217
3718
480
87
1942
8888
2502
1931
4783
3048
7301
9236
4724
58
1123
5319
8762
4434
1152
2004
2211
5964
253
6217
4730
8938
3978
346
632
3718
480
1810
6492
6449
6103
8841
8115
8334
3895
2852
3727
7519
2830
9241
1104
767
8858
3386
5590
3500
5119
2388
9259
4686
653
4667
2175
5704
1858
4492
6046
1473
4802
8845
8169
899
4452
337
5862
4205
1923
9200
3209
3767
8985
9310
7149
7709
7570
675
1114
4925
2136
5057
9027
88
6731
9380
6021
6757
594
3565
4591
4785
2520
2519
772
5692
4940
1326
2878
0
7410
7569
1207
7234
3977
5596
5577
8417
7163
4616
4714
7125
6987
9427
8417
1847
8906
8365
7988
8204
8922
9012
2568
6296
3583
1728
2739
2415
7201
4518
5643
375
3253
4506
750
6607
2913
6523
4592
8130
279
3014
6775
6928
8608
1263
1640
5605
4755
4652
6410
9094
986
271
9280
8444
7472
4630
4943
4036
1229
6968
3602
2905
4528
2965
7513
3258
9049
8065
4820
3675
1802
7515
3089
2498
3741
563
3260
6783
4744
2243
2908
2187
3877
4281
8468
1655
5171
7874
8443
3682
5390
1872
8953
308
8529
8943
4109
3525
7154
3086
2552
869
2785
1143
7236
5913
132
6819
8726
5749
1680
1826
7963
8451
5139
8550
3047
4368
1200
9350
2580
8936
1501
4974
783
6011
1787
8855
4344
5075
2605
2863
3757
5567
1631
6471
6494
1309
1651
5814
7428
6679
1815
7396
7491
8198
2310
891
9064
1900
4940
1438
7446
5963
3036
5069
7688
2196
2178
3882
2718
2469
3978
9014
5523
9181
4039
1752
7141
1737
1173
2686
2267
3555
6314
7209
8970
7251
4847
981
295
3265
365
5863
7199
917
4045
7490
2923
3589
2203
6473
5850
5652
7286
5460
3778
856
73
2169
3866
9280
3721
6014
7856
6306
802
9216
6019
8848
5103
4957
362
8689
5261
2015
4113
4909
6898
1524
5492
863
7597
6357
3426
897
5732
7433
5621
4576
2659
3774
8627
4459
8211
6972
1283
4936
2213
3663
7634
2895
4720
431
5663
1671
359
6920
5969
419
4328
759
6735
3973
4348
8823
6642
6656
1040
2236
673
6522
4189
2881
7733
2164
3423
8032
9343
2952
6287
8100
5201
7120
7957
6860
3853
6918
4871
1467
788
1672
6985
2735
9127
6135
4629
4961
1302
5817
723
5768
5278
1815
2225
92
6552
2599
980
1735
9048
3400
7140
73
2221
5769
4649
168
9151
286
1223
5982
8007
4268
3695
4843
1572
633
2323
7940
3351
906
4940
5755
4328
4517
7317
5163
3085
7463
1100
8497
4850
7080
1943
13
1468
8072
9176
6307
4155
5365
2479
8507
8092
4545
4841
4604
6537
4768
7164
1060
5547
5796
1194
6010
8543
6376
6527
550
7788
7613
1182
529
5092
1852
6303
4688
4091
1674
1974
3601
140
568
6043
8602
3267
6561
3266
6034
721
8286
5350
6541
5449
7859
3361
8749
1332
1643
6910
7030
6354
6997
7952
7011
3801
5918
3719
6093
107
8197
3478
9145
3402
5591
8861
2484
4425
4790
6180
5513
9173
609
7947
5993
1139
1220
29
326
6921
2694
1139
7861
5833
3031
7466
9489
2757
2311
4061
2659
7227
9484
1830
7395
7128
3462
8521
5937
6127
9234
3014
2033
6957
700
7925
5082
4510
7927
8394
8528
3030
1381
935
6085
4851
5167
3197
8497
609
3452
695
945
6270
2053
428
9323
3427
1559
4392
1164
3615
3860
2560
5266
2782
4552
5118
3538
8968
3693
2956
2179
2082
1297
1600
4609
934
4219
3740
5471
4396
2344
2305
7825
1771
6464
4458
6639
7707
1790
2858
5407
1151
2523
853
4586
7821
2560
2683
5707
6056
8072
8295
8870
473
5146
2073
9498
4731
7130
8987
1574
1346
8567
6177
8687
739
181
2312
8752
6014
3793
8932
1439
4759
6023
2172
7229
8929
816
5483
7138
6430
1916
5362
9405
1608
3957
1394
1145
2266
1723
6984
8644
2689
1484
2385
7961
159
5442
4450
9376
2937
8146
2841
5753
4783
6785
9494
3014
1309
2730
5737
7662
6759
4363
8398
6332
4633
5424
349
8205
1589
4000
8926
258
6644
5279
4349
4526
1557
8041
6831
9254
4866
1090
1057
4471
9280
4712
3867
3257
2400
1223
6201
3976
6079
6456
1394
5140
5511
3583
623
1073
2360
7075
2318
8484
5571
3852
3461
2578
1045
4423
9454
6178
774
8392
3199
2396
2270
2911
1680
4429
6118
6263
1177
7240
8607
4228
8227
7667
2556
9025
6624
1401
498
943
9463
4596
1418
762
9264
4944
8121
5383
3238
2155
3016
7500
7543
1205
5703
6349
246
1533
4545
8932
3343
1109
8410
6974
6416
6704
6610
1163
2009
4125
3288
6890
6693
8121
2929
6930
3031
8041
9324
2355
9165
6967
5485
1229
5530
5949
3457
4544
276
7536
2341
1040
4258
7557
3343
1957
2082
8193
6346
915
4132
6618
8372
8738
7829
4662
8502
5503
176
7334
5973
3865
7156
1843
7319
718
7952
6699
4668
1446
7403
5538
3302
9459
1393
804
7602
3552
13
9375
5069
9475
2289
1295
4089
366
5616
1171
3335
857
3666
2275
2859
8112
138
1419
7666
5714
1531
5046
7522
7501
7397
202
7111
3750
5867
5122
8589
4998
5004
9114
8771
7151
8304
2929
1145
5975
4803
8160
1882
1932
9495
5673
1956
1427
3152
7745
7804
5889
3861
865
8190
1512
7109
8347
7159
4334
4027
9062
2274
7698
729
4190
7287
5841
2926
808
5083
1605
4658
4057
6831
2325
1288
3227
4578
3588
9421
772
155
3988
1244
7378
1462
4578
307
1610
1856
8699
7601
3058
6952
6189
1766
5065
2115
227
8204
3302
4203
619
8150
524
6664
8986
66
1717
1344
1393
3315
1447
5832
124
4404
7149
8750
8979
8879
7663
1044
5478
2222
3787
980
3500
4985
9055
4636
4100
1253
1416
2016
7006
452
474
7590
1534
734
21
5285
9443
397
5095
2823
2044
2893
8788
4929
6681
5994
9038
733
7392
3883
7998
5899
5814
2744
9047
9217
5131
6252
1479
6872
1208
1636
3011
6834
4011
6479
6258
7397
3903
1292
8038
5293
5292
4196
7868
1297
7183
6431
6693
7393
389
80
2075
7456
5398
6895
7576
8596
2343
3530
5782
9118
5289
9249
8170
7954
5392
7696
4498
3639
1775
1742
8289
1845
6622
168
3776
7717
2583
8701
4364
4824
8602
6651
6968
1580
2092
405
7280
8061
8436
7483
4875
6167
5829
5657
150
7545
7438
6177
875
1173
5580
8681
8708
7767
1247
9399
4280
5614
3153
6908
1307
4085
5139
5831
398
2675
7093
8796
3867
5733
821
2872
910
3834
2802
8157
5462
2762
8009
4968
8396
5452
3617
871
2645
5403
2138
3681
2097
6395
1544
7110
5424
5315
9303
7151
8274
2086
4713
7514
908
3093
2959
6673
2224
3804
763
5203
8711
5035
8712
16
7580
4370
965
2783
1184
9245
3508
2823
3333
3887
1766
4792
2674
9480
4257
9291
3489
3800
6430
8278
5661
5462
1022
228
7383
9022
6385
3300
5521
950
7052
6302
6655
8157
2061
9470
4505
6753
5550
1164
2831
6571
2395
1523
8289
8479
9436
7116
9427
2699
393
3111
6065
1324
8778
623
5258
2253
8842
5708
6737
5050
511
1606
7306
8826
938
242
7751
248
6589
1288
5412
5069
7125
974
9497
6181
1437
2726
5108
6220
9376
1873
6000
6870
9377
2546
8510
422
8618
7822
2267
8376
5097
8710
5044
2678
272
6949
4325
3954
6363
4433
8742
247
3684
9138
8958
9075
165
7531
4294
7113
1607
516
8381
6309
4396
4739
6076
8365
8122
1568
5794
6592
4397
8001
4096
9085
7993
671
623
1465
3482
8514
8463
1204
5175
7520
2144
50
3952
2236
3183
6733
630
5974
4828
4177
4423
204
3665
8788
6833
530
265
4415
2701
5829
4478
2120
6055
9066
340
367
7337
440
5291
7342
2778
4621
1930
4798
5291
7776
4584
4751
3471
2493
7131
1140
1366
5119
7934
8428
8874
4978
3410
1668
7907
2940
7969
1083
4778
2254
4966
8638
8903
6772
7238
839
1163
8293
8603
1156
6995
6712
7391
6268
3882
7986
7904
5240
2406
2310
4583
1577
374
1316
4667
7558
3878
4483
9282
1751
909
2095
5835
4993
3508
100
7160
7309
6816
4702
507
223
5795
542
1982
8536
1636
7062
8355
3232
9456
5021
3192
8743
5252
1367
4600
1959
4485
8024
7807
5906
7460
2195
8264
3649
5338
5537
734
9400
2148
854
5101
2351
7363
8801
3851
7533
4160
2670
2224
9338
5185
6582
8619
9142
9087
4338
7428
3620
71
3321
700
5695
4880
7191
6459
4230
956
7685
9456
4710
4209
6920
2160
7494
2903
7346
7992
5309
5123
4423
372
2245
6214
4695
184
7890
5662
2690
1705
2599
7945
7666
1090
877
5232
1320
6760
8766
1988
2605
1834
7999
2159
2210
7713
9081
1579
2448
2962
4325
1817
7138
5263
1850
8983
8563
1932
2272
8812
7348
4867
705
51
8849
872
7863
4052
4828
7750
1881
5689
6665
2463
5631
5521
1439
9491
2406
8424
3188
3068
6423
9456
8272
1420
4649
7432
8285
8802
4157
2363
9422
356
2728
8855
4202
6823
6959
5881
2294
5118
433
707
3339
1843
359
5236
7993
4427
127
715
5459
828
823
1117
6112
1859
8207
7040
6381
6400
7285
4775
6348
2124
5756
1100
767
2626
6994
2988
8126
4148
8930
5241
2598
1851
8847
3596
2369
8891
4700
8434
5253
4975
3633
2644
6828
3959
981
7452
2905
7331
4633
8044
7332
379
2334
4728
6971
2681
1456
611
2538
2432
6892
6065
3774
316
3338
1050
4374
8252
8579
722
1351
7832
6992
8823
5941
8629
6465
9059
4476
3667
3458
8695
8547
5963
7839
6260
3773
7801
200
2010
764
8712
3701
181
8861
1121
7381
4496
5280
2292
2374
2545
2101
522
6013
8112
2445
5852
7508
6415
7163
1472
8132
7473
1668
9495
8520
3477
5415
7817
8832
8328
3814
8592
17
3806
7941
6164
1675
7231
1341
3485
1248
5150
8639
6721
7529
5982
5766
9423
8679
2050
3307
1078
2200
6774
3846
364
5723
4011
448
476
1730
3700
3359
7955
6137
3585
2102
5630
2454
6591
4560
4438
2465
5783
4310
1483
6917
9387
7734
4477
2574
7701
5139
2962
2025
3296
7138
3602
7736
1970
1697
2121
1790
8310
1957
2480
6555
5853
4907
6028
5148
5493
7003
2870
699
5597
5257
9196
2527
5435
5719
1877
939
7763
5350
7611
1462
4693
9310
498
6508
606
5107
3380
3316
8584
1907
7646
418
5633
7299
5806
6805
755
9325
602
8802
2593
8541
3873
6180
5172
630
9280
4634
3325
1070
5055
1107
8222
3820
3360
302
7546
4833
6394
5468
7985
8632
4773
8091
756
5856
4921
8103
7112
3325
8836
1527
5596
7159
4149
4213
6705
8758
1237
1091
8725
5614
8247
2686
480
2082
3514
9210
1385
6940
4027
1755
277
3136
3849
2429
9124
3924
7461
7260
9500
1623
166
740
1135
4351
4319
7027
8065
78
536
4579
8225
7145
3681
7004
7409
1321
3769
7768
7902
528
4957
541
3888
1500
447
3849
8813
2572
6107
3166
3372
9500
8378
5972
8183
2424
1348
7536
8222
917
3430
2500
9171
8319
7864
1428
3225
1416
7413
6857
1958
6122
6671
4716
43
702
1575
6295
7221
6818
8998
4728
1181
1188
2768
2012
4179
983
7818
1041
8293
3719
4511
1134
2507
3833
2217
1887
4856
2050
8306
4189
3609
9097
8918
501
3591
4240
9045
1285
5755
312
538
6273
989
9198
5289
3638
8898
7831
7959
4712
6070
6986
2450
5350
6555
1158
2499
5281
5035
7062
9201
9260
8578
119
7281
3459
2401
823
3443
1993
6934
6025
5992
1915
8480
2293
1626
655
4691
3687
3412
8491
4008
4055
1443
9482
8964
2445
9211
8877
1112
8810
7227
3269
4876
6138
6376
6111
1872
807
7180
6486
1062
5475
2499
8937
1658
5226
8732
4140
8097
5514
6942
416
840
2189
4622
6176
4640
7989
7573
489
2171
459
4414
7285
8556
5097
3500
4956
6207
3736
2627
8742
112
1155
1039
8565
8419
3976
5458
6244
5926
7895
3016
4495
765
1308
6341
6069
5767
205
6011
1818
7794
7558
7902
7478
1230
3655
1087
5031
2635
4091
8628
4384
1311
2522
8573
8350
5830
5089
4968
5372
7638
3321
4408
8023
4858
4111
6830
9490
5066
8233
1438
155
7818
4033
6877
8156
8612
3583
706
661
3625
4325
6387
4046
6085
9455
2191
284
1361
755
5366
9143
1039
7867
8757
2892
742
627
6479
6014
2246
2523
5901
1013
3741
6922
1747
939
2044
3672
8877
5570
889
2930
8453
2689
1577
6530
7574
5980
5480
9044
6218
7896
4040
4278
4696
3742
7672
56
5211
1696
436
4491
846
1554
9354
5264
1152
8056
2232
6741
2837
3268
971
2135
3585
5060
8460
4457
4425
153
8082
5292
7068
3443
8829
3865
4242
6912
3023
3776
1152
5456
5530
6514
6726
4508
6762
3533
4920
739
5471
7279
5444
3995
532
5004
8359
6579
150
6920
5434
8416
4431
9082
4133
5435
6068
3679
698
4241
6564
2696
2250
3969
1732
7742
6957
2989
3418
9450
5019
1109
9491
6879
3486
8261
489
4407
771
136
9056
7475
2127
9082
7413
8543
1746
2891
5446
689
8534
2524
1360
310
2913
7644
8936
7666
5427
5793
9456
95
6700
8969
6261
7671
6561
5389
3254
7535
4433
5431
3356
6964
7607
3230
8044
7731
4607
7933
2042
3464
3159
8332
492
7073
4499
8214
8885
9229
8195
6304
1467
5823
997
4724
1956
5728
9027
6025
7376
6410
6877
7315
6912
8704
3454
1483
9156
6531
2373
2287
1524
4462
5037
2041
7763
6315
2396
3339
5901
1661
8017
410
3651
4692
9202
9239
8753
5771
3839
7941
8430
6873
9129
4408
5778
8185
6688
1047
3877
4386
6906
327
8156
3905
5819
8488
3692
4558
3388
1264
7747
1431
366
9385
709
5090
4822
8116
977
5980
1552
6668
5511
4419
6821
8641
6913
432
5413
8572
4538
9374
8934
4919
6228
6638
8410
3021
1696
3778
5507
6644
5664
1354
5163
8225
8318
6547
7073
7915
1382
6310
6232
7901
6071
7975
4001
9344
3129
4119
6210
8522
2694
1079
2094
7783
66
8066
2109
1221
8162
7974
673
4901
7499
118
6182
2034
930
856
2635
634
7007
353
9109
7713
3422
2460
1873
3862
4141
535
787
6449
4840
2111
4036
8659
3640
4898
4209
2664
9339
639
2817
7070
9493
2670
1980
5202
652
382
7017
8140
8834
6187
8849
7574
929
573
5242
3877
1395
1372
6188
8447
2432
2362
7675
1790
5296
5253
4705
8961
5324
2942
7394
5063
2686
3427
7037
4489
3174
2569
7060
2048
7039
1948
5831
2405
532
535
5606
544
6674
6441
7678
7203
2321
1501
7914
4342
9467
5155
928
467
7075
8569
4610
47
2464
4980
5031
9337
5605
689
1830
6564
7096
4680
7052
4641
5125
8604
345
8879
1829
4272
7719
686
685
9330
1938
9070
5857
8985
2971
999
3428
3061
4612
934
4524
6343
1712
7289
5678
8991
7721
9485
7788
1658
831
6118
2753
6675
7615
6718
7582
1438
7867
3863
6079
7213
394
6766
6493
5324
1435
2922
4579
6897
3751
2273
8151
6838
3785
8040
6950
5589
3091
7966
1936
5155
2211
7776
412
7887
8660
1035
421
4456
3495
3325
3509
4829
5417
2848
3841
4152
8373
1877
5549
8975
8628
3036
7590
1295
6675
4694
5404
1639
2184
8000
5797
2145
8475
9093
40
2744
156
4046
7808
2004
4421
1819
2787
4055
4102
2075
5356
2641
9277
375
2805
7981
285
291
5031
3664
5304
5574
91
5447
4092
6765
8845
7824
858
5311
5092
7048
2237
470
2572
8540
5139
5903
8624
8002
7422
3990
3035
2330
2456
2411
7747
5010
1763
5518
9316
313
4455
7155
8112
9144
4028
161
6649
9472
9452
2157
5429
3606
5317
7292
6602
7336
6568
3124
9112
160
3499
6814
982
2452
5064
7170
960
7897
7561
6783
3068
6398
6683
6687
3393
6127
470
8591
7115
7602
2330
8093
8177
5671
3692
7010
9022
4371
264
7271
5949
4529
2091
1401
8526
5597
8254
3836
3349
5051
9075
6161
8041
1905
1677
7614
2265
8421
5392
5273
6880
7510
8718
8782
7909
5625
480
4503
8005
7766
173
882
4557
4495
6123
1843
8090
2157
8795
4460
8634
3578
4383
8065
4018
2919
1985
3737
6914
5251
8451
3092
8535
1697
8993
7194
4353
8923
2719
2052
6546
4174
7086
4727
5250
4575
4212
1488
4270
3246
6327
5053
6824
7401
1130
921
8037
9492
6168
3804
8601
6620
6446
1106
8722
571
3496
9044
1366
531
8426
6126
2775
4229
6420
5121
523
2643
5344
9455
5824
656
4019
6618
4793
7472
4523
9042
8930
5291
7101
3596
9463
1466
8795
5400
6744
4162
1165
1725
8229
1327
2280
4180
9397
290
2046
4578
751
4969
393
9027
7028
8899
797
3316
3646
8581
1878
7705
6972
3190
5205
5120
859
7923
9072
7506
4425
2470
6629
1577
4784
6441
5300
502
6959
5903
3518
8160
4816
3367
5397
2741
1344
8655
4558
4315
3248
6561
6211
8832
4331
925
1921
1403
5678
6158
3656
6187
3341
2572
5810
4173
1504
9220
6493
8400
4408
5765
1579
4404
6658
4619
1620
4455
3406
1884
490
2564
5244
3687
5919
1727
1906
885
2401
5381
1432
1023
6424
3026
1053
3889
1272
6563
5274
1138
9357
3941
8886
6928
2573
7673
6439
