488
600
668
158
212
500
289
94
819
184
653
35
133
308
128
307
203
25
416
569
870
453
148
11
373
794
144
809
459
17
716
416
261
417
176
431
385
335
869
645
126
601
90
522
386
929
588
984
513
102
938
830
863
975
563
541
753
207
132
765
203
708
551
593
484
249
163
961
509
889
593
190
582
866
677
295
201
321
801
416
687
30
294
623
89
484
360
510
31
11
112
849
629
768
259
675
736
94
19
899
209
482
128
284
509
850
474
689
777
346
370
278
378
255
589
147
143
673
677
887
340
916
457
935
861
42
527
244
801
540
276
47
655
0
791
627
156
723
317
397
956
982
692
750
764
621
489
629
864
20
82
168
452
488
56
825
213
144
85
512
768
433
976
107
52
51
812
579
131
252
918
245
316
197
479
775
996
199
866
980
136
872
246
977
625
664
639
137
289
364
520
366
4
551
575
646
910
177
14
385
758
724
165
944
667
547
241
886
897
11
324
376
438
818
602
998
87
67
707
508
322
329
558
466
585
882
476
69
349
489
410
335
316
456
204
519
39
453
854
180
659
493
942
67
486
241
582
369
32
636
792
971
319
729
925
371
242
394
972
883
97
174
258
470
653
435
965
778
737
899
994
432
71
503
879
88
706
458
283
951
882
323
402
669
175
717
814
383
485
943
890
429
681
854
411
940
59
755
852
942
989
839
412
932
581
492
320
528
83
398
823
515
191
971
513
170
161
913
963
257
248
229
247
609
690
413
609
98
350
68
193
38
974
746
278
586
448
105
906
94
737
904
901
34
899
108
765
83
501
557
565
543
808
937
421
491
263
542
717
347
820
918
852
412
543
84
725
866
516
714
864
605
237
933
773
172
83
952
448
246
358
694
7
502
695
495
740
294
997
988
110
42
143
392
991
697
631
714
628
514
64
297
356
575
312
296
74
751
569
190
829
949
620
513
400
306
236
985
864
194
368
259
135
887
652
537
363
985
170
320
931
153
777
253
509
845
416
730
172
271
239
941
49
535
520
824
336
982
709
323
38
3
976
983
796
952
512
320
160
519
677
154
829
55
709
891
657
484
28
367
277
960
290
187
725
842
368
478
19
476
386
777
661
103
641
320
800
611
60
959
47
379
151
314
173
860
211
704
584
416
10
760
25
672
940
863
268
851
266
183
106
365
503
544
835
338
161
590
144
529
814
682
703
615
457
119
134
790
574
852
1
638
649
927
238
740
330
885
283
747
451
248
708
303
772
463
843
809
543
696
658
71
58
4
746
526
768
980
335
569
490
639
783
901
682
995
161
28
440
588
302
547
688
108
839
896
698
50
694
309
235
413
29
573
2
5
727
748
296
561
603
696
462
37
126
711
48
113
707
572
99
728
455
970
594
523
634
986
324
203
364
28
241
892
682
1000
276
210
881
112
986
320
816
207
495
32
690
938
432
752
544
568
52
660
245
363
526
567
848
315
203
534
15
112
869
304
332
341
384
5
849
283
701
580
577
425
428
156
783
993
583
470
520
654
395
33
923
392
506
398
35
779
140
591
668
463
315
286
109
519
574
572
311
996
758
948
691
395
915
171
441
834
397
878
852
62
10
110
701
190
358
564
458
672
410
447
229
948
481
370
71
241
335
710
310
331
263
893
398
701
666
577
299
871
60
170
815
927
114
991
378
953
152
797
166
313
16
308
572
300
250
962
298
795
243
823
398
305
864
733
464
183
935
317
615
363
660
916
512
329
51
154
681
558
647
347
679
817
938
856
573
934
419
998
559
770
54
463
396
749
368
939
397
575
475
252
10
61
285
338
387
26
188
917
152
296
471
853
746
427
693
551
240
782
882
161
251
773
404
83
329
914
487
634
539
59
734
734
68
821
255
134
199
978
54
493
233
182
201
661
883
824
638
297
699
72
783
693
279
874
138
440
572
34
444
431
53
271
370
443
594
468
485
351
674
888
575
948
507
765
949
660
0
131
880
501
285
592
396
730
656
735
481
527
771
649
741
554
845
613
618
541
997
710
591
418
790
5
712
811
637
681
285
234
466
607
569
446
407
558
421
923
837
857
5
545
983
530
609
524
234
159
987
953
697
853
256
956
96
629
159
495
944
421
12
230
918
120
665
973
945
161
881
679
114
693
996
720
190
938
255
375
835
788
986
974
256
875
125
300
365
72
685
698
162
83
958
358
714
107
654
413
15
252
513
366
245
375
218
465
814
421
586
515
851
406
167
794
731
969
302
294
645
994
345
101
58
676
761
416
482
932
259
460
27
942
680
829
157
794
