839
32
334
1137
40
794
969
1457
1190
1051
1146
328
498
667
933
15
1265
1375
297
119
1210
608
1381
848
276
922
881
663
1338
570
11
1476
1364
1313
890
1176
1470
917
398
233
1450
536
822
1291
826
1245
1406
830
1420
419
1164
749
958
724
182
421
26
407
1047
166
556
1052
934
700
1367
1248
275
1023
1187
796
510
258
595
884
617
752
614
993
636
74
225
707
349
1137
111
1019
909
153
1200
421
1303
1085
662
78
795
1163
700
181
521
362
212
253
487
391
75
250
462
519
1229
802
667
187
80
524
1236
1146
549
283
678
599
1094
374
895
749
880
1318
640
724
278
892
548
1104
1307
785
565
721
49
499
726
1255
1085
920
830
456
385
1406
344
1004
369
856
616
167
843
1208
170
375
665
332
458
978
366
447
1427
669
1166
1137
503
1228
1346
566
1493
573
248
346
750
701
953
442
1374
43
1082
295
494
131
1077
1484
1185
1144
1132
1115
748
1168
388
1331
705
1192
1092
401
933
926
139
553
635
955
1486
994
1394
337
1146
1137
188
784
984
436
79
1212
1253
810
446
1432
1216
1224
403
87
592
1074
359
1096
752
712
1053
232
434
927
360
1025
1395
102
1480
874
1379
1168
38
782
824
358
1500
1185
939
494
532
216
816
50
1321
1423
560
740
1208
194
443
748
1227
1430
1256
288
1168
526
1393
392
270
438
100
71
91
207
792
4
588
51
247
1345
1300
763
1327
622
1347
606
1481
263
477
1467
822
930
59
979
224
167
654
988
1010
883
569
18
90
250
1160
16
204
344
977
838
881
468
534
615
1398
556
12
1305
416
965
1469
21
655
840
781
558
802
147
1411
1233
949
87
1460
912
1323
1024
1013
352
1105
422
517
1319
512
691
124
1204
1280
755
378
1170
1311
77
403
906
392
40
1370
471
355
578
627
927
117
1023
845
1128
516
298
255
688
665
283
571
37
699
1281
959
255
1360
879
1038
492
1443
109
809
59
1238
677
293
974
1050
305
317
114
526
101
1492
294
983
1397
114
639
1173
698
159
1226
698
1146
1129
542
788
116
546
567
830
3
608
683
638
919
456
327
1033
1241
1228
1455
540
534
1338
249
748
19
1299
286
447
659
82
286
297
1121
1461
248
614
178
1276
1214
667
98
121
245
1024
313
1184
1397
1354
1025
30
225
62
358
185
76
101
443
158
1239
655
696
1237
865
1358
223
1338
182
695
404
632
250
939
1436
858
1351
1164
441
108
1025
178
658
13
415
249
1109
83
1331
1059
580
851
618
247
1185
1333
1188
592
1475
47
936
469
405
1100
851
58
447
174
495
749
225
607
951
1395
1329
1038
362
893
457
323
1408
752
398
268
961
6
61
101
914
0
1064
61
321
700
1224
1082
432
133
235
895
1220
383
855
1150
859
573
1327
1413
1242
1323
1255
855
1280
63
21
1450
449
68
1388
1151
770
951
1167
1051
1194
187
1024
71
1412
744
976
232
814
553
1401
52
1300
487
1397
695
1284
943
106
221
189
706
350
1209
297
875
1365
1428
772
1474
1311
47
1408
273
1264
392
610
1227
652
968
780
1260
769
17
760
851
957
64
422
830
1197
1211
603
184
23
221
136
402
1437
1333
238
268
978
449
20
1396
895
905
775
819
1467
883
548
171
591
209
491
45
204
548
1462
431
1116
1407
987
789
1142
431
192
527
322
563
1280
1013
1025
1393
1100
723
391
268
813
655
441
615
778
764
1150
909
1213
994
1224
831
456
451
1056
816
979
770
16
788
792
1445
767
1365
704
57
983
1151
1021
125
493
330
572
578
573
964
11
406
635
1035
1203
180
486
611
763
247
1295
771
973
724
977
1320
1249
582
45
561
706
830
507
1454
1408
806
820
1191
934
1326
1423
1409
788
1294
388
1383
1415
1209
1429
804
1166
312
408
1205
1158
820
378
289
367
437
781
1408
824
1207
573
1481
658
588
1250
470
242
959
767
103
178
1148
558
1204
1117
759
757
632
1287
624
132
492
476
1444
1235
171
513
99
84
1258
1406
328
1231
1231
146
1006
903
1020
499
1265
764
1002
569
307
971
458
871
1241
660
14
1199
381
751
247
619
160
1230
573
1400
608
581
1456
1035
760
117
114
1455
1033
1155
281
1343
1437
936
1433
1308
193
824
246
434
1090
543
404
944
973
993
539
221
639
839
245
598
684
619
40
353
570
1187
303
957
998
1016
923
1459
152
292
356
1254
1149
303
1275
1094
318
882
574
1227
1383
555
245
1142
601
911
425
441
1030
284
427
1157
527
194
487
1471
527
901
1038
1268
777
50
150
756
1349
455
1128
747
550
1403
56
71
1328
1230
1447
1081
626
631
761
1048
486
210
36
1312
433
1218
1064
652
733
6
1290
393
1289
178
976
225
845
255
534
151
1286
720
1102
1394
948
1111
1275
1128
1483
1426
319
1475
1177
45
1372
348
643
826
967
323
53
874
1434
1024
28
543
913
354
987
1474
900
782
18
807
1080
568
63
395
1001
8
49
1390
1490
99
831
1140
1178
1038
430
428
892
1211
18
217
105
1438
502
735
77
509
542
1304
88
698
1192
666
369
1294
1335
655
928
952
972
281
322
596
759
1431
736
177
1300
523
465
1239
320
312
993
311
833
40
843
627
655
1134
1010
1394
943
375
16
386
368
800
1095
1257
555
24
1207
911
1231
716
903
923
1440
1232
264
1448
245
856
1378
1048
1444
388
883
371
368
711
1004
1329
1274
744
892
495
1317
1478
60
1044
25
801
107
1293
12
143
1339
803
1076
704
1268
414
161
1483
524
773
739
54
59
1094
1038
1270
172
462
903
1482
791
147
1376
1494
359
258
718
96
805
194
1495
1048
794
165
1096
159
358
93
947
1272
1453
712
1409
1065
362
828
607
1370
919
1006
346
1145
284
184
3
850
1357
232
540
1345
597
419
268
662
1453
1353
44
984
903
1070
629
757
42
1084
1440
957
1492
465
502
104
846
745
1090
662
5
1344
339
1356
94
931
960
1174
575
1290
329
1196
1069
463
251
693
532
343
909
255
396
1292
1316
756
1270
952
724
89
1264
420
938
1032
936
833
830
333
226
1464
1093
1403
1297
306
1423
709
851
440
106
1041
608
360
525
1232
611
1469
1364
1392
1302
1097
948
406
129
1146
29
891
298
642
695
1320
617
39
1242
1221
586
1086
1275
553
28
1286
1299
228
1227
1206
1350
537
334
1146
1220
318
184
800
1145
1417
1470
525
964
103
660
706
603
227
434
684
1379
1294
986
24
1076
1325
89
1338
951
1280
609
1437
478
1236
1446
1488
1360
353
413
1014
1491
31
278
486
1033
98
416
400
1093
901
1011
580
954
1499
1181
140
567
501
784
722
382
212
471
769
1495
400
1411
784
55
1149
537
1496
1228
519
306
1316
307
706
1098
278
699
308
683
642
57
1281
743
592
570
634
296
1259
1059
1056
359
127
1280
402
648
1160
85
800
915
685
115
517
972
419
1068
440
85
797
690
776
367
760
1341
802
1027
530
395
155
797
1060
712
487
1367
147
1284
72
1319
827
97
1448
106
1036
332
1338
522
283
596
771
450
1465
900
19
781
569
1105
580
1347
51
946
296
515
601
174
271
864
940
9
876
913
1154
320
142
728
108
820
1353
504
1070
388
808
700
501
599
703
857
1077
832
1397
794
1214
566
296
336
830
458
670
450
1382
4
624
589
34
542
343
1445
1027
1442
465
290
277
104
194
80
997
1479
286
1428
1267
1381
689
841
742
1396
194
369
1402
427
514
522
302
108
484
776
1277
1369
1195
39
673
729
472
619
10
1403
909
1364
754
422
784
1318
137
750
1278
341
115
463
474
543
342
939
1122
909
261
