5196
5034
236
4462
6557
6157
4016
1436
6062
6474
1350
3136
5839
6583
2437
6219
6502
3042
3028
4460
2377
1619
2473
317
6970
2964
1837
6349
1496
5005
47
4411
5787
3231
85
2938
4563
3440
5368
745
4405
1012
6233
3902
3185
6575
3730
5294
2846
2671
211
4317
1205
1030
3632
3324
5924
3584
6032
3738
1449
384
6438
5475
2247
845
6058
3944
5046
2621
6132
3997
6798
4485
3511
3818
5423
609
4801
4604
3057
2105
544
1317
6713
1927
5406
4937
937
365
3868
2923
6110
1960
4410
5348
5054
2280
3565
2546
2931
5733
6607
499
6900
6923
2175
5812
1597
3272
3640
1140
4999
1128
4491
4203
1767
2035
6390
2177
6159
5996
4944
1286
2255
2563
1513
1031
3738
183
5733
70
4754
6274
1665
6920
1733
3895
980
2618
6721
5320
2976
676
3383
5597
705
1595
2762
2991
2286
5016
6404
2754
750
4389
6652
6584
2237
3608
2855
2291
6772
5038
936
1883
5835
6825
4553
5995
6829
2873
4368
2156
4339
4634
746
4680
4939
1579
3705
1601
5753
1351
3461
6235
4216
1611
4354
5855
153
357
6153
1977
2104
5479
2574
359
855
4028
5060
6947
2371
5991
1453
4375
562
4380
2756
1558
5965
6622
3247
4272
5156
3497
4118
4644
2715
2920
6461
3579
791
5535
6855
6164
6465
4165
2699
6268
1790
2503
6989
6093
3135
3599
1193
3752
1437
6048
2684
4960
4700
671
6616
3735
135
4280
5219
2339
529
5806
692
5697
3093
5782
1818
5864
786
5143
3090
5236
326
4610
4846
1081
3982
2837
1432
613
6761
6338
5411
4249
826
6170
251
4786
3758
636
1438
4609
4650
2532
2033
4485
6611
1656
6825
3980
179
4689
6293
6879
1490
2674
5612
405
4869
438
6405
811
2055
8
6853
865
5742
6511
3429
4527
2585
2976
4968
6926
406
4145
6496
6325
3691
4457
4367
84
4851
2640
5139
6449
4179
1593
3221
2516
1524
3648
4764
2560
3903
5683
6877
2835
1213
6350
417
914
983
1968
5019
2706
1268
4961
547
5311
573
3796
6227
1787
863
4374
4787
292
4790
4092
710
5385
4535
5865
5495
2073
914
5256
1489
781
5178
456
4274
526
680
161
4042
4329
2573
5869
3093
1648
3914
4515
5475
2213
3510
4784
6010
3208
1656
5767
6120
230
1437
3051
5394
1547
6008
3482
4964
5814
5734
4142
294
969
3501
3359
6512
3903
1033
6000
2667
2740
2847
785
1750
2972
5607
3638
5812
6171
4151
5521
5074
4543
3215
1986
3878
5422
2327
1572
4639
4774
4698
3963
1214
6239
988
4503
1863
1094
3166
6896
870
3518
6303
6439
2069
6030
813
2163
4826
1888
5897
6742
659
4298
1605
697
5392
4331
1039
3020
1775
3320
5767
6668
3702
2756
2708
6934
6647
488
5091
3576
6615
1058
4057
163
4660
1889
4069
6419
2444
5232
969
6601
443
1543
2656
1054
806
2811
4234
1418
1659
2955
5067
5213
1568
2407
5132
2727
5795
4287
3587
267
1489
2328
4851
4700
2363
6036
5619
379
5001
1662
312
5132
265
5620
5395
2844
6674
1512
4383
3986
2042
3460
821
6938
5364
1885
1614
6861
1266
3398
1189
591
1241
5046
1874
1263
979
4576
607
3104
4463
5530
6250
5374
6124
6868
1718
4812
3404
4627
193
5291
3462
4145
5413
2446
3383
1213
5578
6338
1728
5746
5471
307
563
5496
2790
2838
3904
4068
3208
864
2772
4892
1465
728
1911
2355
5263
4347
3581
2648
3556
2984
6199
2191
362
2041
4456
4419
2304
5326
5220
2255
3916
1782
1052
6458
2112
5423
1688
4467
5898
6801
5537
5128
2846
873
4431
358
1013
6182
1069
96
2420
4349
5587
5474
3423
5553
6556
2654
163
6627
4616
846
6562
4164
2403
2470
2860
5012
4033
6347
3843
6181
6928
3781
80
5542
1089
833
4789
96
1146
6169
1405
2271
105
6457
1592
5370
6220
4351
2606
1185
5831
1577
3411
2446
968
3674
6412
2061
2058
6840
5995
2013
2246
6572
202
1705
3551
5470
2053
40
1704
3167
388
899
2149
2577
6021
1444
1609
2068
6307
6662
4537
5133
6546
692
2506
5813
2769
1132
5323
3028
1685
5105
6796
4944
2298
984
962
984
2661
1585
4747
5564
5199
443
72
3179
5589
120
140
1791
807
5833
2016
3557
428
3382
6044
5480
3605
316
3183
309
3464
4731
5838
663
2446
2333
3729
33
1072
5767
570
2296
1727
3183
2963
4619
3567
2898
4758
5287
3151
1939
995
6527
5197
1756
2658
4519
4792
3141
2286
2079
518
4663
2936
2110
5949
5711
2707
5818
544
631
5221
6826
6707
4849
1696
3086
2341
6851
4264
5503
89
4732
3218
4858
6409
91
738
5701
1120
1401
489
6567
1483
452
3782
3666
2957
6439
6447
1954
5143
2926
973
6354
5206
5768
4987
2418
262
4788
5210
556
3312
3631
4005
3896
1829
887
28
480
4562
4226
2114
340
1536
2214
4059
5493
1139
5781
1731
4776
6327
777
3705
2244
2637
5030
1740
6481
3398
2172
6512
3951
4194
875
4190
2666
5798
6193
3842
3500
3102
6265
151
5108
1812
5386
3227
3352
4376
337
6497
1483
2251
677
4998
3756
1590
4525
2630
1565
5849
3148
3022
5834
6307
792
1553
4259
3611
6532
4335
2828
2525
1889
6146
6052
3416
5208
6174
5339
1172
726
2792
1372
284
3316
4249
3598
940
4620
5028
1403
4627
4766
6644
6699
6261
807
5571
5926
1881
5723
1349
267
6735
5920
6865
5509
576
4803
6844
2061
3464
890
2146
2178
5494
504
631
1429
1953
1202
4028
5010
2978
1439
4664
3655
2540
1761
1102
5063
5315
5840
3007
4925
5400
2430
2172
2810
3020
6814
6656
4550
5033
3697
5667
4381
6632
4041
4413
3587
311
5258
5215
5554
41
6073
3495
391
4055
4237
6561
1022
5016
1339
1377
3601
431
3750
3638
136
4295
4192
3249
3923
3444
737
1000
3917
3718
2574
4429
6404
4515
201
3727
5462
6869
242
1490
2607
4998
5406
2307
3819
1649
4773
2485
4216
793
622
2167
1407
4597
5947
4811
1101
6595
4361
5114
1296
3799
4637
6961
2923
2202
6889
1982
1010
875
2740
3834
1225
4072
4151
5527
4799
3728
6073
6031
4656
5725
3590
5687
2795
1424
941
6269
3149
4676
2421
3931
5392
4824
3271
2609
6790
5997
1073
2886
3039
1952
3160
1212
6744
713
4019
913
1910
6553
6483
2027
5717
5805
280
4590
1612
5680
5669
5789
5386
4910
2614
2902
101
6763
719
4404
5758
204
280
6650
1953
2953
4461
293
2834
3156
841
1091
787
2105
2670
6093
3144
3623
5702
5709
5091
6152
1612
890
3947
6603
2325
3132
21
3361
2240
1529
2993
2148
2568
4583
341
5525
6439
6155
1763
1598
876
6291
3987
386
4446
4053
6130
6083
3752
6740
3698
6697
4629
6308
6775
66
4191
113
1509
1286
3990
4212
5198
2135
707
2056
4818
5946
4949
3574
1012
6719
1530
3899
4158
1735
3190
435
4444
4304
436
6538
4396
200
4438
3057
3268
1443
6144
4002
5735
5582
5285
6921
6352
6614
6637
3662
2340
2423
3517
6810
6219
3497
5826
4563
3877
3328
1612
5719
316
2210
4550
4730
141
5456
6256
2221
3151
2539
3307
1591
6860
5466
6949
2771
2018
4023
765
1764
1900
4513
5818
5431
3539
3958
437
5546
331
6472
5250
1990
610
639
3054
1269
6953
4021
4013
6794
6507
3587
5801
751
4409
6106
321
6629
5153
3036
2647
948
1821
498
741
3423
3400
3692
4127
3239
5277
4596
3974
1079
1756
6070
3099
5116
6104
5421
5658
128
4790
1782
5651
2293
3581
4831
2022
3774
4210
6456
5046
4967
2574
1486
4028
225
3853
5688
4958
2130
49
195
2582
2602
2908
914
6030
6294
436
6123
1446
6629
4659
247
3117
1734
39
890
522
3237
1847
757
6631
5090
2028
4033
3618
4759
2262
526
2614
3726
2290
6520
5276
3472
3059
6447
1679
4353
6836
3717
2806
2413
658
3951
3366
6407
1801
6511
4573
431
1483
6891
858
6211
4117
5965
4731
4608
5998
5601
2276
4812
2068
5968
4576
2969
3058
5591
4514
5103
4188
715
1043
314
385
2842
4530
282
2923
5423
172
3562
4770
3219
824
6874
4222
6447
5808
4118
2135
3405
1541
1425
4746
3040
3681
3927
2942
5367
3440
4709
9
745
3107
5133
2332
5681
5488
1213
1860
2159
5731
5287
5564
2693
5935
5579
976
5060
966
6382
2131
59
280
4236
2469
6606
1880
5604
5035
852
1492
2516
1599
2479
1256
3649
1372
4875
6644
2684
2148
426
3539
3359
5839
3388
692
1719
6967
1792
3080
6863
5640
648
1961
5927
3021
5535
6193
3307
1102
830
2785
3591
1511
4695
5068
298
1617
5919
2076
3480
1975
5751
2186
5462
5662
6212
3340
6740
5955
4186
5721
6435
6585
1091
2275
782
4055
4717
4830
4024
4954
5007
5595
2379
1276
5975
6858
5309
135
3677
1491
5753
5249
5501
2395
1125
5398
3332
1739
4275
5911
4994
4661
4703
6806
1698
3860
3056
6763
6623
10
854
4136
75
94
3942
5870
6472
3214
5745
3939
4298
2238
2996
4564
5201
521
2793
6230
6956
441
1474
6181
5534
2230
6990
4195
1813
6973
4695
3038
5838
6280
5498
5463
2990
6682
3324
688
325
4477
4763
1672
4575
5866
6161
6097
2808
4489
5404
6857
4204
1816
1041
752
2514
434
3991
2376
3827
5664
5183
689
2428
2241
3572
1560
3814
2771
5741
375
3998
4717
5257
6345
6696
4722
129
3089
5440
3008
460
1535
277
270
4749
556
5796
2769
3336
4427
4480
1573
862
5879
3152
6491
6564
2937
5043
3071
4152
271
4307
5354
3175
4734
1574
6500
779
3742
6970
357
2323
2717
2532
6309
787
5714
28
6276
6729
6701
4571
3623
4234
4106
2400
3125
4070
1300
5099
5525
1234
2283
5566
5972
6202
5090
1978
1659
6320
6158
3350
723
4498
1580
2232
5530
84
1178
3194
6026
6975
2204
1303
6019
5995
3175
1607
6947
1799
2782
2610
6769
6232
6096
2106
1416
531
2459
6947
851
986
3221
819
491
5227
4973
6901
5841
5755
5109
2921
97
6650
6056
6070
1642
1492
6975
2042
6481
1021
4122
4850
5093
6357
2601
6760
4081
1864
6902
686
3254
2760
306
5387
1457
2239
2152
6592
4954
5406
1936
288
4210
2040
3042
5788
4984
2511
98
267
4914
1107
3473
2891
4018
6269
3875
5650
1549
1574
3567
3603
4376
6204
3863
3317
2664
6365
692
4789
2039
5718
985
1117
799
1655
5010
1266
1592
2244
5290
4984
1836
3175
1713
442
6817
466
633
5050
3374
5455
3077
6393
3644
6682
1246
2804
2444
522
1954
211
4918
3311
1840
6831
4361
855
6392
401
6385
1974
282
568
1032
1323
5510
4509
1173
600
2684
3648
1548
13
1520
3237
6115
2535
4300
396
6641
1587
1333
3401
5641
3806
1404
6301
1302
1862
1341
5585
4225
5866
2542
2262
3327
595
6973
4528
6403
792
3676
2070
4518
616
4961
3125
11
5341
3879
6361
2655
6147
4453
1007
546
1442
5451
6022
3111
1811
462
4287
5742
1805
5137
3848
1697
3547
5582
6277
971
2958
2897
1732
961
3460
4457
6230
2962
2519
2519
2904
2242
5077
1458
6448
6491
5387
4903
1058
1652
1865
5441
4149
91
6485
5038
4206
3049
5396
686
5154
6042
3469
5686
5426
648
159
4913
4121
4416
2321
2146
5424
1150
4654
6166
1225
6530
1317
685
6861
1312
6265
2734
3718
2439
1616
5792
5583
6718
5551
5319
5285
546
1501
702
956
5454
6771
6467
2224
1912
4977
5405
2350
997
3279
126
5551
5903
1757
2316
518
5400
4190
2749
4947
2305
4632
1460
2418
1905
2678
2162
3366
5525
1860
4297
5072
4622
2988
4877
1858
3733
159
3845
2150
4902
2459
925
3458
473
2119
779
1271
4795
2170
2325
4179
4002
1670
4805
15
4359
4980
1529
2462
210
2131
1477
4375
6653
2616
3472
3254
80
5776
3029
4624
6831
1970
918
3162
4175
568
3952
1625
2478
6489
5289
3568
4616
1917
5774
2943
1466
6990
6894
1705
3512
6375
3526
3225
2262
3674
6983
3475
5253
2237
2079
1442
4015
6845
5582
2101
3057
3249
668
2235
2002
1228
3574
4018
1884
952
3249
4768
3204
1367
4282
3905
2295
809
3573
4382
5839
3803
3225
4678
3143
6986
2390
6053
1141
4351
6417
3925
6173
5982
2525
2970
4971
3359
5142
5587
3222
5059
895
1083
1264
423
5022
5172
2629
3725
162
3355
5819
3618
6704
6409
4268
2992
5927
2005
1043
5169
6456
6798
1378
4371
4174
20
2046
6367
6745
2226
4848
248
490
4009
4798
2681
1508
418
3417
2728
3790
8
2609
1795
3919
1868
2415
6921
5139
5867
1535
4969
1772
252
3348
5908
4093
5417
6947
6894
3498
573
1945
1305
6736
2832
1133
1428
5246
1474
2422
6044
5495
3817
2328
350
5285
757
6404
5959
4119
4795
4867
6985
1383
5608
6498
3914
168
6189
6091
2958
458
3896
907
4035
1054
5157
6254
2550
789
5937
1842
4393
3608
4946
5423
6267
4579
557
6471
6476
2901
3214
3617
165
3981
5464
5926
708
6701
5597
2280
692
16
5536
2699
346
1779
4943
2201
6281
2127
4277
6399
5428
3428
1337
3665
6648
5889
1946
5221
6976
2340
3698
1594
5724
1058
1863
3673
2108
6763
3455
2273
1899
1557
4771
2208
1757
1067
5689
319
544
3640
3171
3240
5686
3158
6458
2955
6994
2414
6159
6697
4770
5563
3922
2187
298
6573
3149
3533
257
3638
3153
3959
4742
1448
310
1061
41
3169
631
5414
1126
5952
874
2981
1192
6297
6525
1070
1217
4770
684
5572
425
5552
6565
5478
6650
118
6224
3336
5992
3503
6780
2305
5391
4634
5579
1098
39
302
6244
1884
4919
368
4010
4169
5633
3761
5950
1835
2459
3552
6565
6415
5205
1592
79
5809
3663
6000
3997
3402
4490
6399
3680
4474
3893
4324
6724
1159
3269
4081
1015
1230
6010
21
6177
1114
384
3344
1801
4104
2864
3286
5039
4857
940
5032
6215
2866
6815
2583
2961
3387
181
745
5268
1122
3247
856
121
4766
6863
5416
5801
4598
4561
3784
5027
6913
6809
4878
4627
2076
581
6389
816
6942
6640
6062
5475
6468
2095
4628
6938
1017
6582
3245
6389
5976
3150
6372
1911
2675
4136
5535
6146
1212
4880
444
2870
5540
1913
4881
2446
116
722
3025
69
5268
4974
782
6567
1462
902
6910
6945
5205
4314
3843
6871
5549
6338
1503
1797
485
4288
708
3700
1521
3669
223
5827
4326
1425
2201
2078
5900
5572
5371
6390
2340
1429
6441
2958
5344
6396
6335
932
6019
6657
1302
3971
2712
2798
2696
4945
4915
26
4430
2555
6682
6377
4970
3661
4791
5276
28
587
937
148
963
1897
3188
2830
77
6740
5103
1549
3186
6094
4218
6795
5723
3615
6294
1618
4323
1504
2348
3693
3099
611
2054
4791
1525
1729
4847
4235
1699
1867
2956
5419
5200
502
3675
807
6429
5773
615
2502
2001
868
4504
1207
233
4810
4961
2738
2845
827
6852
4499
3646
1887
190
485
3791
6896
4656
1777
4166
1668
1459
2696
6597
2088
926
5865
6521
2522
5437
6679
2576
6620
2278
1119
6028
3256
4325
1367
4053
6939
4748
3430
4703
6890
4428
3971
3358
6422
5546
3386
4355
1196
5583
1438
3958
4843
3095
204
5404
5550
5797
4029
4758
3200
6621
3254
2041
6536
1107
4190
1495
2719
2874
3780
1500
3126
1100
6682
6403
3678
4134
934
3091
2461
4854
3189
6692
137
4464
6487
1609
5924
1577
119
2891
6830
4070
4263
4404
3384
6915
5072
4077
5505
3914
4981
231
3970
4733
4606
549
2036
2512
2466
4290
3986
5907
891
1375
1759
2871
5066
2416
5042
2957
5869
6726
4360
2360
6214
6136
2600
4878
3634
3768
4080
1138
1404
6139
2709
3761
6880
6252
4014
113
1421
6240
1813
4486
5105
3923
263
5115
5410
3069
6691
4831
1055
2769
4568
373
3354
418
3974
4780
3929
2052
5180
2761
1382
2559
1249
6511
6819
1177
1436
229
3887
2133
2353
972
4029
1096
2788
6329
4133
3622
3658
407
2194
3793
2422
3602
982
6863
1921
111
772
3425
1693
1274
761
3406
4704
3485
3747
3504
2337
5805
1743
2717
1783
3797
2063
2789
5909
3083
327
6109
5307
921
2592
123
2021
488
1734
662
3705
3569
36
91
4513
1692
2918
1708
6186
52
6982
6938
4734
493
4252
5516
645
1307
706
2476
1238
1051
3047
418
5034
3824
6104
5510
2366
1514
3313
5090
5609
1550
4633
2565
4998
5362
2105
1989
1285
2523
648
724
2787
3164
1312
1437
3903
4718
4916
1003
1897
3303
2144
2398
6712
1079
4223
325
5778
4175
4632
2907
6126
288
827
3218
2588
3822
1592
1235
6773
3952
1603
1177
5533
641
2636
3167
234
4007
178
4127
5070
6062
6117
5950
6864
1278
3665
4383
948
5185
3841
5211
6985
4781
5449
5173
466
525
3854
5361
628
3154
1879
3718
4931
3559
4546
2579
4893
574
3789
2017
6453
6979
2364
4860
893
4476
5104
2946
6093
4718
3470
3931
3734
2050
5578
2376
623
5973
6868
6564
4013
4179
1347
5855
3339
2638
4410
2469
4513
5896
1339
3364
4289
1661
2521
2042
5705
5259
1761
43
3075
3578
6802
5720
1871
3539
6219
1721
6920
6106
5494
6296
5699
4290
5231
5611
6284
3119
3534
2248
6220
5854
262
6179
5305
3844
2086
2874
6679
2906
6980
3947
5851
3028
6191
1199
3898
2084
4770
3412
2471
5253
120
5852
3982
5067
3741
1490
1439
751
130
3735
1737
1329
3298
2412
5718
601
3710
42
1616
1740
1227
1059
5803
6656
241
1319
1237
4169
1311
625
4215
1012
5937
5452
4671
5041
723
3159
6771
3556
2042
2821
5021
2062
4584
959
2140
5170
2407
5505
2893
4918
165
6663
3033
1106
4521
3280
4537
1289
1673
6586
1782
5074
2079
2696
1506
4279
2557
5928
5996
1369
6726
1380
3441
6610
5309
475
2483
1580
5288
6114
6515
6720
6236
5232
2160
5694
5357
5372
5643
6082
1644
989
6700
4049
1964
798
4756
4368
5799
1661
1650
2502
6638
3237
6447
1097
3916
3439
3203
3758
1271
4760
6542
1174
4639
4054
5160
5921
6881
3202
5234
4920
430
2134
2470
6179
407
2729
6258
47
2715
2838
6453
1536
4509
4325
204
5827
6685
2751
6983
6589
3436
1227
3182
1433
3252
1286
5930
239
1574
4603
4860
6008
1104
771
4130
2096
2757
4751
5482
1514
6626
1887
1605
2098
718
910
390
6852
1518
3903
3105
2754
3712
1002
4850
132
4887
592
1988
6157
165
4948
383
1638
2950
6154
6328
4285
6327
4254
6654
2691
73
1884
5960
6763
3043
1003
5453
1438
860
4959
2320
5849
1726
5661
2153
5269
2116
1535
4171
627
1192
678
2607
4655
4986
3676
6745
3327
2476
5503
5396
1994
5402
4483
4305
3178
452
2078
3908
3144
2570
6497
210
6491
749
915
1098
6048
4171
6086
4400
1835
1296
3209
626
6514
2010
5984
3351
5016
6000
2867
3459
5563
3525
3102
5518
5766
4300
2237
6398
4046
2275
6339
6083
6475
690
2487
568
5448
3948
171
2895
794
5019
4974
1326
203
1591
3872
844
6335
212
6158
1309
2177
5176
3469
4228
167
707
2053
1428
5506
426
4960
1981
3211
6509
6023
3274
721
6211
3163
5112
3935
5124
4767
506
4511
4812
1873
2537
2179
5842
4060
2544
6020
1625
909
1288
6368
5154
3154
870
1215
1395
1125
2455
656
3650
1993
4387
6878
1464
6493
3076
2771
3800
1829
798
6044
6662
1140
5021
2135
94
2059
4330
6679
984
1859
623
1126
2115
549
4995
756
197
1965
3499
3579
6912
3208
335
5686
1482
858
6469
6303
1383
1346
5895
940
195
4957
3727
4861
5806
3015
45
26
5285
4209
3409
3653
4161
4155
345
980
3977
2756
5283
811
6777
1965
1277
6760
3316
2346
5738
6122
2814
2949
1532
4832
1741
3245
1694
4433
664
751
5377
5626
216
871
5543
5016
1639
3148
1851
3161
6369
8
5710
3948
3171
3555
1573
2094
5373
5806
4575
1509
705
6090
2315
3409
133
6041
2112
3611
2137
4971
537
5137
4991
1473
1205
3621
2662
2606
44
5691
4257
6976
5269
697
42
3495
3293
6466
6269
2310
1990
903
6208
1520
1745
2867
5699
2756
4556
5433
1520
6183
2138
6084
1893
3756
6966
6550
3780
3498
5445
5222
6722
5282
430
1846
6841
3177
6541
4241
2645
1586
4296
5336
6581
2281
5835
613
3519
5692
1843
6431
6372
4071
5746
4831
4945
641
2709
210
6894
6501
2980
1920
4868
4075
4227
4067
814
358
1358
1384
719
3948
2912
6593
2371
5351
2794
4965
3740
2528
328
4442
4106
1334
3613
4139
799
4657
5227
1610
4964
1112
6023
6271
6149
5755
75
4818
3588
3805
6420
5825
4281
2218
1803
23
3861
6291
370
5165
5349
5462
1221
1805
3332
5842
2094
2451
4702
2383
5036
666
5713
5577
811
5980
3360
947
2967
720
4331
5017
4451
5564
4609
832
5484
5184
1595
4472
1566
5780
5427
919
5974
6758
4987
5106
1708
2604
5795
6370
2965
3735
6722
3446
3981
576
1597
2278
26
5937
207
3193
1940
6761
3689
4882
3840
3458
2560
3974
743
2001
3228
1770
2815
192
722
3223
301
4162
1345
5738
2209
4551
3591
5882
55
6860
1333
3023
5545
674
2882
3320
6341
3122
1652
2377
5933
3945
6537
1416
1620
3372
113
1633
3581
3537
1789
297
4732
3346
6666
6251
6039
860
4320
2143
5545
1722
4207
3065
4600
1692
771
3603
1225
3119
1959
463
2429
437
35
6685
4327
3055
762
3549
1942
2833
6579
5504
6352
3010
2301
3576
5029
6089
4130
1535
5924
5262
323
1578
3848
1308
1392
2378
5413
354
6909
5341
4988
1348
1038
5900
4370
4473
6722
3121
4909
6656
2443
5060
6919
3570
1151
3618
4093
2556
1547
1558
564
844
3595
1891
5641
5963
6079
3018
2449
3805
390
5781
20
4944
460
727
5394
2912
1944
2625
597
6813
5706
4307
866
3537
5651
5641
1667
3883
4759
772
4669
2626
761
1540
3303
4647
2109
6804
6737
164
3503
3192
3470
4867
3293
5749
4000
744
4503
1700
6661
2977
1602
929
4979
1255
5569
4267
462
3819
3840
2211
6861
1296
5072
2271
2812
6068
2659
3369
6504
4014
3811
4861
6749
1327
4515
4894
478
4524
6504
1038
3198
3930
3721
5073
2391
6402
3051
4112
1663
2628
2836
5184
3676
5616
5119
6993
1932
4082
125
4980
2706
2874
4484
4578
6341
4711
4577
6905
4052
2552
76
3675
1075
6316
499
146
5137
3213
57
6486
1166
4179
6808
687
1873
3278
6859
3159
6326
6190
6547
5662
1457
1911
2160
5429
2632
3173
966
5950
5374
2039
2871
177
4343
2971
4169
1272
6393
5003
6935
4052
5456
3941
6759
286
6045
790
4845
4906
5523
2570
6060
6345
2280
3345
4505
6102
1539
2693
4936
2536
1790
2863
6663
1535
6396
3959
2503
6915
4701
6421
6855
3956
4760
5914
695
4918
2128
4972
3648
5409
2530
1113
926
2075
4869
620
6831
1368
2987
1909
4961
6635
1743
4185
4960
4907
1889
6650
3730
5196
3473
3258
4357
4375
5321
3061
6475
945
6590
2762
6463
3379
4885
6101
5908
3133
4758
5410
983
5367
740
2902
2689
3929
6391
913
4785
5349
5615
626
3984
413
836
4044
6209
2854
3779
1762
3866
5599
2999
1033
515
5440
1164
1468
4164
2913
535
5398
1329
3541
4643
2026
2018
6553
2696
5829
2335
4735
1083
5644
678
5100
1188
6769
5184
3064
104
5148
4183
3843
1296
355
1772
1775
4542
3007
244
583
1045
249
1646
421
824
4865
2530
5881
6558
2329
4993
2089
3316
6528
6038
829
931
6789
725
4104
6138
1477
6299
5803
1169
2431
379
5887
1069
945
4264
4839
2522
4645
3548
2379
745
1497
4965
5979
3817
2854
3863
267
3578
6295
2463
2859
6747
1356
3673
3616
4956
639
2557
3896
6464
3723
5218
1890
3178
2125
1195
2500
5492
791
2883
1040
3263
4867
1099
2368
2462
2933
5219
6766
4675
25
5516
1989
1674
1993
4799
4036
1858
6461
6732
4635
2772
4870
2141
263
3236
5424
3107
2899
1831
965
5365
578
5346
4331
1677
6728
246
541
4984
5772
2156
1038
6757
805
3375
2749
3143
221
6984
2706
2321
6333
1826
4977
2160
18
6416
2246
1848
3278
2707
467
5553
528
3349
5413
202
5210
2761
952
922
1589
2384
6709
2906
4552
5228
3970
152
6376
6918
415
2752
5134
22
2990
4189
4295
1071
4
4589
5017
3793
991
3236
396
5372
230
4398
5634
1004
5809
5897
6965
5706
894
6561
1416
4495
4261
1042
2958
672
3701
557
664
4639
3467
5444
1479
5485
800
229
2260
6365
1925
3065
5811
3094
6505
6114
789
4162
3905
5744
3548
1493
6532
5211
4926
4666
574
5960
6781
1430
4591
2397
6082
2300
1492
2679
2330
1994
2537
2
3787
5461
6067
3240
3719
4456
4773
4681
3911
3050
5115
3857
4139
4595
34
4039
5992
5265
2975
5701
3145
3390
2978
889
1803
5574
5793
3921
4745
6875
2870
3513
99
670
1682
3128
2513
3978
195
6677
2132
1793
6253
141
6695
184
1675
663
4667
3168
5635
5655
4562
5113
2874
422
6551
4811
3022
4217
3973
5020
6017
5805
1546
1903
888
6261
5102
4237
2962
3804
948
5494
4934
2209
4263
4420
403
1377
5914
5529
430
1484
4678
5606
6459
4108
6356
5376
895
809
5732
1500
2446
582
6008
1909
5413
674
2589
3527
3799
1072
3757
3865
6615
6206
5357
1074
2622
2560
936
1691
1707
297
5252
4780
4598
1750
241
6680
2942
1773
6327
574
5150
5934
1660
1045
5501
1751
4446
4833
6812
4698
3634
3889
642
3601
687
5705
2113
1056
6939
692
4952
4235
4779
5152
1632
5394
521
4219
6035
2215
6367
2267
6809
645
3279
4903
617
4372
3570
6235
3231
4886
1889
3695
1735
3267
3253
4263
4468
6579
6411
3557
6038
6621
4969
3156
3471
5340
1790
2217
2270
2516
1735
6929
3649
6761
1602
5800
5131
343
5942
6696
5388
4469
906
6610
5988
4228
4698
5889
3722
90
5538
1953
5863
5191
1603
4272
4231
1357
1695
4024
6858
1662
2192
1156
1327
6708
3926
1307
6804
5043
506
286
1907
3473
3437
4643
2583
250
2728
5505
1450
3058
3738
2074
4286
1420
6447
3744
3228
2321
696
2096
4922
158
57
3446
5973
1980
1767
6107
2289
5154
607
5068
1828
2741
5014
4350
6677
3254
4833
1791
1455
4922
6511
1076
841
6895
2370
671
5313
4175
6617
4618
6614
1113
2121
3362
5831
1764
6309
3426
4507
5132
5710
2870
2355
4294
6421
6611
5761
1492
3459
2705
1478
5164
4963
920
1501
2028
6085
5213
3441
3095
1059
6936
6652
3521
6796
685
3176
5625
2780
644
1542
1651
32
2147
4982
265
3932
4595
4844
5285
5304
325
4275
4178
1773
2127
5316
6901
353
4563
575
2356
2065
1225
5700
6892
1031
6
4155
1362
5985
3846
4056
2547
5970
1213
2878
1123
885
2039
4021
5794
726
254
1323
6867
533
1387
5236
2964
2821
6966
6447
3133
5521
1804
3955
2015
1463
1109
1554
3697
2311
4605
1671
4265
2814
5015
3922
5741
1271
3778
5399
2791
6725
5818
5971
1827
2151
6648
5832
1293
6728
4165
334
1549
3701
2238
1973
3369
4423
333
4765
3350
1266
3357
3369
3521
5615
11
4091
3203
5885
3739
2646
754
5160
3544
6226
3706
1369
46
5779
878
6401
3227
324
6559
555
2719
572
10
4207
6724
3498
3528
1896
1558
3448
41
2443
3214
1074
2237
1930
2845
1867
278
5458
2316
4480
4054
5141
1523
4842
1502
2391
2381
911
644
280
4600
3640
1767
2246
6172
3019
909
3276
2900
6509
269
1680
4565
543
2363
1471
290
5210
4928
4104
4420
5690
2286
712
1609
6802
6434
289
1889
1247
747
956
2225
793
3634
2383
1232
5697
5846
5123
5603
4778
3825
4432
6848
6338
5735
5835
5101
2766
6495
4258
6216
96
42
6968
2574
3267
3666
5797
2981
5668
5623
1195
3346
1328
2849
3098
2822
4901
5714
2891
3370
4921
6975
2169
4090
669
3992
4904
2092
6666
6468
4514
6478
5631
308
1852
2186
4534
3436
2737
6403
718
3123
5198
1934
3089
6311
3362
1102
2457
3592
6204
2333
1901
5321
4450
2868
2734
2900
762
5
6274
4408
1318
4982
3147
4181
5653
1414
6114
3729
5437
1578
3777
1098
1544
2227
262
3252
679
466
4430
4112
1692
107
207
2437
2859
1502
2096
968
1281
681
815
4937
55
4619
5673
1110
2292
1181
4725
2074
3091
4678
989
316
4406
3414
5353
4578
4172
2847
6089
3855
2841
1682
2031
6487
762
5970
2632
793
1770
6577
1807
5771
5677
5190
4321
1223
1873
268
5364
1415
1521
3489
1056
1099
4317
1199
2940
488
4499
4993
4703
584
3914
5230
897
171
5262
4424
3072
3544
4978
2752
2994
5642
206
1088
2191
6259
4083
5947
478
434
2355
2135
3520
3823
1794
1377
5330
3038
4153
3476
5910
5004
3645
5672
2711
2563
1877
5754
5769
1640
5016
185
5521
1926
4825
2300
5955
3243
2131
1952
6505
1477
6886
2518
5594
2140
5722
4363
2895
24
6944
339
1345
5732
796
5756
4247
3041
1778
3157
3506
3480
488
1363
4213
3270
41
6260
5752
1217
4399
6157
4310
5437
6145
3608
5238
4440
5063
3817
1526
4752
5533
5897
2445
4002
5274
6791
1804
4701
1685
2745
2858
235
4357
2539
1734
462
3916
2000
4852
2014
6494
702
2607
2058
1393
6827
6995
1789
1044
782
5488
5526
4210
5603
929
2966
6866
4460
3966
5038
442
6589
4863
2197
321
788
2022
5605
6569
6985
4952
3597
740
3322
6862
6768
1942
6074
1572
4973
291
5618
3438
2716
5987
1711
2035
5006
4531
2256
924
3507
6953
2928
2382
2439
3656
4558
5030
4664
5037
3245
4
6777
1642
1374
403
4633
3150
5106
5404
4904
1622
1543
1525
1617
1045
627
2894
2070
4328
3981
5085
2877
1876
4125
920
204
1311
2946
6629
5925
6355
3051
6539
2027
1080
2173
1257
3458
2067
4578
5341
3972
3694
6759
2185
4019
4815
5587
6533
3679
1769
2610
5998
1568
4765
1933
5329
5892
5839
3442
4748
1419
6526
1637
6991
3862
4237
4426
1110
639
4710
4358
2014
983
971
4219
5405
5056
6160
5124
5227
4652
6162
3069
4387
3390
4667
4315
2489
6599
2355
4583
5028
1128
4668
2036
1233
2856
6894
846
2683
5000
1552
1811
3450
2937
5530
921
1100
5513
2091
2959
6713
6198
872
1608
2628
2608
3361
5878
5850
6466
1738
2559
4092
3874
6816
5508
3878
2731
1801
1708
4658
88
6019
2151
519
1174
2127
773
6703
4676
3843
6877
3602
258
5451
4797
6902
1783
1389
497
2253
5764
6195
5173
3267
3440
3874
4257
3088
3560
3316
519
335
5993
5102
3113
3573
4623
3496
5276
3690
819
17
6681
2041
5631
2477
3265
5311
4768
6014
4826
5775
2780
2366
5618
6681
2820
2266
4028
4795
4849
261
5722
6433
3276
332
3245
1517
470
1798
732
294
1378
5004
2767
371
896
371
4841
3007
1341
4920
4784
1887
2980
351
6166
3481
749
1142
2091
5889
2458
6684
6595
3291
4012
5370
4352
2408
6472
2981
1907
3060
3568
2251
6120
1765
5285
2085
25
377
6133
2107
3583
6834
5160
6635
4473
367
380
1740
942
2487
6742
340
1942
5669
5196
6830
2317
1248
4042
3021
5116
5528
320
5342
3977
777
4343
1728
681
2424
1970
1316
767
4706
5107
3940
659
1016
1912
3510
5465
2652
419
2618
4276
445
5415
3764
3174
5982
389
614
1244
2810
6189
3001
1533
478
1255
3175
4556
5218
6987
1828
3914
2597
2086
3130
3300
2293
4061
4256
1246
4983
1267
784
5720
3000
5741
6609
2249
3919
135
4190
2659
2160
3004
4150
5125
2414
1537
5328
2842
1867
227
2796
3647
4959
3104
6444
2397
1218
2501
1157
4551
4155
5919
1965
2764
5025
2185
3613
1528
6890
2230
1201
5936
1693
3523
3147
1585
4261
3630
5177
5921
2216
6297
2515
4460
5917
4161
4041
6158
850
4485
839
2108
6873
4157
1785
853
5050
2907
3665
4068
6268
1806
5356
3402
3151
4256
4023
3105
1059
230
3397
2026
4932
2256
1257
2222
5101
482
5448
876
2871
567
6509
1355
6625
4712
298
3987
631
3097
3936
1270
5448
3268
5636
1536
3085
2468
378
5702
6752
155
2297
2472
1051
3073
5249
617
6748
4404
1331
3607
4664
4490
1996
2770
2060
5039
359
4033
867
2455
2072
4677
5045
879
1408
3750
5597
5167
3187
6524
1682
1620
6978
442
90
4002
3395
2622
1099
1796
2753
4611
527
3651
2963
6228
5166
662
2608
386
1750
3882
5921
6595
3836
682
6149
2232
5920
3621
1626
5322
3671
79
2549
4380
6209
2264
4924
3268
2847
6134
4860
2348
1495
1471
1206
2721
2684
6830
4709
50
5028
4552
5778
1821
2815
1587
911
1593
449
2205
4517
4213
6987
5164
1453
4012
2519
3427
3526
3270
5411
109
4018
1417
3879
1842
933
31
2979
3416
4260
6485
4667
5888
310
2889
3756
737
6327
3269
417
6317
5436
2092
6023
4310
5180
431
1511
4401
1886
6585
2326
3646
2479
4024
1887
5121
1271
6106
3793
4490
69
598
2181
378
1447
5372
3060
4094
6439
1167
1168
6954
6275
3900
4308
6214
1059
4645
3077
2908
3351
1889
5179
4365
6138
5200
161
3291
2424
1627
800
4994
4457
4063
3612
557
823
4582
5151
2081
4860
234
1315
1010
3883
5605
6770
5351
6362
4930
5029
3900
1249
6634
1765
6337
1627
6366
5962
1343
1381
1256
6532
2793
6763
624
1020
1857
6798
2477
3770
1976
4983
1997
1318
3741
6375
2089
3311
4653
2284
243
3326
4556
3668
2043
4015
4965
19
5811
1282
5976
4886
2077
5224
567
3599
563
2137
2745
2836
4157
2674
6677
5932
4569
1225
468
3710
3429
3805
6644
3607
220
1719
4627
483
4358
2754
2700
6685
5130
4805
5990
4281
3692
5942
5372
1356
1006
587
2517
2507
6363
2308
6617
101
6466
4985
2139
5286
1652
5116
2920
4552
1538
5018
2552
4126
3327
4712
5395
2305
2777
5083
6205
4016
6896
6287
4484
4633
2063
6313
3085
4772
162
142
1103
2733
5011
4994
5703
4713
2381
5327
5925
5693
1512
4779
6072
4930
6807
448
6400
784
6249
1087
4485
5501
3767
676
2816
5581
907
6932
507
330
1886
6182
3908
3178
2548
222
4023
2899
6437
1097
409
4901
722
6277
3594
5585
80
878
6230
675
1056
4332
6563
924
2891
2463
5477
419
3296
3828
2286
4565
3009
3455
5496
4383
5119
2495
3060
216
5348
2167
6748
1724
1408
6967
3176
5404
5872
3391
1835
1308
3971
5873
289
3105
6273
4265
547
903
3833
3234
4564
2273
1230
2399
5571
1753
5925
2607
4359
5305
6034
5523
4846
3489
3712
135
651
6980
2836
3947
5441
3836
341
1123
738
2222
4693
4394
5150
3656
2268
1898
2394
371
5368
5842
657
1323
1867
1765
3285
1627
376
1517
2907
6853
330
1347
1374
4448
1700
392
3875
3346
258
4686
4898
1478
5926
2241
1273
1455
5009
170
2449
1859
4612
6972
3286
2834
4287
1071
3759
4022
6554
1958
6042
1575
6216
4898
802
4282
5084
298
4645
4872
4441
2847
4609
1042
2070
1748
5237
5968
6711
3195
4664
3748
5885
5101
812
6444
2808
5591
4332
5905
5934
1151
1374
6900
5606
2226
2000
2588
3966
2390
6356
1765
6575
6540
1498
2737
6986
5303
4603
5526
169
3815
601
6653
4309
4412
6752
1951
2126
5300
5833
1914
2313
6022
6100
1863
2874
5462
3218
2101
863
86
4323
3493
5316
6673
1327
44
5813
1064
863
1929
2402
3837
3222
1456
747
4318
6369
3786
6345
5190
2808
1468
5186
3872
432
6805
904
5951
5371
3557
6549
3446
6265
174
3938
2490
353
6762
823
5811
1690
1497
5424
218
2056
4378
6138
4657
4770
5976
4641
1205
3968
6551
3252
4541
3593
1184
853
4356
495
5495
3671
426
6139
950
3607
5474
4683
724
3524
3121
5706
4407
1117
814
6982
816
2044
2901
1452
2501
6549
801
5914
6369
980
6890
3389
6538
6049
3192
3764
729
6767
276
290
2828
6900
3390
5291
6246
5835
6874
2648
1216
1408
5495
2255
3924
593
3712
5611
5016
2561
1958
5783
3386
6159
3959
3269
6353
823
5646
2485
3374
2612
5776
5048
404
4300
1313
2601
2290
683
5632
571
1272
2725
792
2668
6594
65
5380
6356
5534
350
4089
2615
5298
6525
5604
6833
5485
3445
3033
6076
1649
1890
1427
1353
378
2979
97
6270
1098
1836
3465
2076
4603
429
5713
3340
322
316
155
2807
1506
102
2016
4449
5503
3595
3050
2099
3617
4975
3569
3211
445
827
2506
6899
5771
1809
3268
702
4202
4340
1306
2512
6920
1136
4024
2381
3014
4219
5780
2224
449
6118
3526
1644
6137
6540
3104
6888
466
7
2644
1811
3477
4781
3516
6292
6023
6104
4785
2912
1779
237
5810
6140
846
5264
6890
1295
5085
3231
6207
1348
3808
5582
2014
4755
3185
6566
2251
3560
5988
610
5071
5721
5496
3922
1673
2633
4497
1165
6032
103
5518
764
3475
3122
2451
4046
5761
2942
4750
3089
1601
6960
6271
1819
5134
6532
6164
1356
2323
3860
1094
6334
5746
1059
3817
6444
4779
6163
949
1931
6569
368
2752
2691
6964
1122
3921
6821
1735
710
1185
776
5380
4879
2346
5286
153
1570
2365
2192
4065
3974
3297
4515
5856
2556
5607
1168
1656
1233
1717
2112
2274
3352
3530
6737
3145
2834
5008
6677
1606
160
4072
2271
4100
5251
4805
4478
6077
1323
2417
2449
3194
6135
392
5240
6583
4832
2477
1692
215
6648
5384
6306
1014
1617
4106
1991
1352
503
5948
2349
985
128
28
1153
5617
1174
3225
3490
4136
5726
2537
2894
1776
4604
2988
2818
2058
3651
1687
1984
2920
3341
2358
3996
3648
6278
6882
87
6283
4271
2375
4691
5850
3272
2560
6602
2475
4872
6316
5782
410
1499
2432
333
5763
3111
3992
6982
5088
2225
1675
5394
4791
4514
2369
1283
1513
3684
5813
6968
6706
2948
3368
3889
4868
1824
5244
5357
5186
2909
3804
108
1360
5412
3708
5267
2629
5578
3323
1127
5375
2026
6298
5872
2855
1801
3815
6235
980
3186
5996
4181
5761
6962
5995
5219
5884
4303
2046
6885
1144
311
3326
3070
6403
3394
3563
805
4689
630
1957
5306
4397
4144
5794
4590
6326
900
6220
2376
5359
2723
750
2119
1853
6606
3070
5071
1806
575
6449
1916
6696
6469
6522
4243
2129
2124
3849
763
3060
5876
3720
5024
6337
4249
4860
3023
6280
818
1550
1204
3881
1141
3600
110
1676
5643
6205
978
3402
520
1002
6334
1839
6789
5585
4504
6238
2376
2937
2408
3530
6005
6662
3891
6251
3674
692
6900
1022
4386
97
3432
2689
1749
3442
3656
1504
3544
2263
572
4373
1029
3600
3561
6130
3197
3084
2863
6543
3050
736
3148
589
1114
5977
5678
1635
4961
5020
1865
1625
5319
3447
2123
46
2759
1909
5088
5766
4478
1246
6961
4732
6441
5780
2932
4458
5127
4816
912
6423
4452
4996
1096
4997
931
4762
812
2408
2002
4807
1671
5235
1324
2880
1127
590
641
2993
2630
753
5168
5351
1879
3143
2776
3718
1897
168
4438
3986
4407
288
6411
5951
1292
1536
1089
306
6780
1138
3174
6593
3592
6673
3353
625
3088
4000
5615
3858
6156
1712
3326
6031
1862
1304
2611
1636
4469
208
6214
6171
2052
196
935
5735
2876
4206
41
5036
1417
3765
3392
100
414
6161
6356
5185
5748
402
6446
2859
5414
3478
609
6590
6394
5997
2885
4253
2250
2116
5894
622
552
1392
5092
5127
6197
4399
4404
4183
2898
5194
1483
1942
4580
1242
4446
2290
2592
5338
4688
239
93
4209
1076
5943
6786
6524
4825
3594
2641
6524
3582
3653
647
1448
6429
1334
5290
4690
4029
6491
5400
2236
5813
6092
5038
522
3823
835
4599
4296
214
6665
2727
2103
6462
3285
6684
83
281
1474
5123
4605
81
5385
2683
5829
3307
6918
6497
5955
5752
2556
5140
6855
526
2793
5893
4590
6119
1881
3717
5806
394
2358
5134
3501
1053
5217
6634
2556
3807
7000
2014
5506
5514
5304
5074
2575
1352
5253
2023
5525
2938
2845
3283
3560
4606
2601
871
5922
700
3645
4211
2306
3294
6547
1419
3299
5751
2484
857
5024
3258
944
2285
2779
5857
3580
4748
1650
1245
2378
2153
6409
6440
4081
1460
2768
444
92
6119
5867
3390
5652
992
5982
5232
6853
6272
4231
5947
6042
2179
5553
4180
4349
2867
6709
2196
4619
2435
5027
5596
3562
4591
2954
6061
6328
6641
2085
1788
473
2259
3364
6555
1180
793
4519
5726
5528
6333
3578
3629
6437
6492
4260
3306
1869
912
3833
6606
4507
3710
1774
6172
5647
3343
5257
413
1168
2952
3690
5991
2391
4130
1409
3396
2711
2184
5228
85
2269
4948
6426
3139
4056
2582
5346
5297
6719
4361
1110
1472
6363
257
1682
3005
4937
6388
4740
4951
825
48
6107
2060
868
4684
3223
4999
2359
3275
6267
4276
2499
3498
2965
