12933
5222
8527
2187
8826
832
13494
590
6129
6561
4647
3669
5538
8319
5781
4605
10208
4295
5774
5056
2005
6305
9300
15203
8905
4912
14450
10039
1974
716
4883
12730
11971
914
4317
2279
3976
9032
448
14377
9427
2614
12867
15569
9123
15350
12874
11211
13010
1789
10674
15107
15191
4541
9161
1633
9638
6911
10957
1631
12721
12854
15093
15856
10426
11844
14830
10284
3665
792
5424
5560
7427
12593
6788
13452
14772
8719
11384
1659
2765
3522
4890
5661
9890
15455
6230
14083
10072
14244
7825
13446
14159
11101
1534
15281
11633
110
9041
14652
9993
14175
4557
6458
8918
13699
4079
7084
9248
7293
120
10104
404
2791
10594
11198
8118
9750
4607
1769
2604
14367
1838
3413
15560
4304
12964
6604
15938
13794
15375
9970
15182
4364
10325
2909
2384
14006
1812
644
6752
6487
1083
98
13186
3455
4045
12814
7512
2203
945
10682
6680
8672
13688
9485
5914
13160
10555
7710
12190
11257
6841
3732
13483
3339
7408
3264
10112
2802
9175
10496
5633
13116
13904
1313
1985
4601
7521
234
8763
6770
3433
4436
656
15232
616
4496
5210
8634
5040
13341
10238
11758
3590
14290
7992
13983
12089
2349
9436
15203
637
6482
833
8055
13693
10917
14970
654
7951
14505
14208
8722
13540
2768
12938
9720
15227
8040
2831
9002
10463
7089
12833
8552
6624
11006
1726
2096
13314
6692
14558
5176
3649
14695
5652
15565
14541
9010
15664
15911
13750
6974
359
4948
3323
13558
14224
843
10793
3734
7448
13531
10326
7591
15574
15817
5203
7660
12168
14884
11625
3508
2991
1767
9314
7111
11236
11241
6997
4665
15237
11693
13354
10170
1497
9427
12440
9000
5089
11278
6487
2221
6168
9723
9376
8068
13851
1873
2964
4650
530
6539
8811
14942
5352
11997
5378
4956
9691
13202
9305
5994
14748
12105
11202
15996
950
6966
3232
8980
4795
14280
9798
9601
14024
7180
10550
153
3132
4336
634
14363
1095
11355
13158
6446
6487
7909
12435
441
14025
6486
15733
8168
4282
3491
7129
10102
11845
11565
6811
9106
6611
13402
15317
1002
5285
11779
2322
1441
4991
2240
8822
14
93
8392
13933
13318
4733
2500
14855
453
14179
7206
3974
14463
5162
4691
11013
4440
12050
13867
12926
6767
364
14598
6404
15117
7282
6024
1201
6710
4968
10190
14116
3432
3101
8791
8031
6983
2605
2996
5914
385
4928
5638
12897
4659
6049
5238
687
13812
11218
7274
13081
14489
10433
5555
269
54
15762
6236
9679
3871
14445
11933
15612
14955
15598
10312
7566
1268
633
13570
6528
13574
15642
417
4291
12170
3804
13520
5428
1488
14086
10322
15994
11210
8506
14708
8132
15259
6372
9233
2994
6415
5310
12550
10965
8227
13723
8610
755
3637
10285
9522
14225
838
1649
6207
10126
15311
7270
15289
12047
13077
6038
14048
12202
10721
9101
7001
11808
9828
7952
8209
10526
13469
6309
4058
1325
720
12323
8029
10799
7651
2721
15172
1508
6304
12391
1136
6458
6705
14498
11118
903
6782
5430
3404
13107
5548
15142
2604
7532
13321
2455
1995
5895
15080
6318
15023
9775
12977
6018
5873
1447
11241
4073
8282
7767
14429
3429
15229
12653
5052
8431
6142
12246
8396
2420
1431
4372
6362
9208
5566
4903
15106
11521
11142
4761
12912
7617
11284
3767
10510
10086
3760
7911
11473
14009
5660
7792
13549
15085
4829
9602
12409
10618
3781
11047
6303
11766
7944
3615
8691
14021
14099
2549
13360
5904
4029
6548
10299
3918
5144
10602
11036
5311
7227
3624
8483
10289
10918
11158
12849
6366
727
2391
11149
15498
7133
7990
4667
2605
7640
5147
8874
10151
13653
13271
7955
6430
6133
3716
15190
14627
12189
11353
13277
6154
5726
7980
11379
13322
8935
15469
14806
11439
14762
3408
15997
12023
6989
6684
859
3198
758
3408
4983
9842
7323
11561
5941
1857
13700
1997
8329
4543
5108
10702
6734
5150
15373
12435
6265
5685
3854
5851
12296
4985
9382
6423
7179
3552
8742
1494
5685
2214
1743
9
4598
7850
87
15159
10616
118
1428
10501
60
15167
12898
15411
2454
15749
3160
2861
683
1196
7598
14894
12941
1575
15753
7363
1964
3701
12967
4887
7504
540
3706
13507
15411
9714
4697
5908
9316
3961
1161
5841
4142
1265
2425
15082
5243
14995
14993
3766
6004
11449
1265
15317
9410
676
5214
3879
5284
14215
8859
3737
9548
8398
7615
9055
8717
9922
4968
10182
12459
6646
12591
3136
12921
12559
12671
5191
1090
6884
11199
5105
7847
11515
5212
13063
5102
12612
11568
7856
9924
11731
6696
4523
5562
13370
5195
941
3175
4050
4675
12596
7108
4903
12186
13325
14305
3568
15973
206
13044
10507
12606
14261
2344
9915
3132
14315
7466
2394
6153
6390
3364
3318
5013
6217
11502
9906
4120
1200
13004
4477
2542
8129
4958
3121
7157
9863
11238
2400
3174
13009
953
6938
8112
2616
7585
12747
13993
342
15654
7946
12768
9001
5612
8086
6163
11983
11556
13241
11945
15344
6468
12630
9656
8565
8706
12375
4945
7210
7939
4568
14315
7396
4518
8792
73
15350
147
12180
9931
12086
14516
1225
12136
7859
1935
750
1551
11336
293
12279
5418
11096
12614
13272
7806
9534
10165
496
10519
13272
13331
8129
2911
7985
11139
3371
4468
2360
1776
916
2095
10878
8371
12742
7141
6771
1569
4122
2622
7726
13326
9784
402
3435
8167
10222
13427
7457
10446
4994
3866
7576
7214
11720
9063
14154
186
2730
11221
14434
4545
2317
4082
5876
3605
1234
1108
5033
505
2100
8617
8210
15186
230
9727
13938
9549
3583
13041
11293
9893
13549
14315
3711
5495
6521
1394
10232
5411
1576
6281
2317
15934
14764
12785
2635
1734
14988
9866
13775
1268
6480
6394
3075
8031
3868
7806
6821
3843
5269
12280
12973
8198
9236
7930
3801
15779
12504
3095
6880
11440
2089
5014
2731
15639
13379
3089
3197
5285
1327
8342
7237
15342
4519
6430
1414
14851
2001
2548
11940
13773
5671
6772
7511
4765
14586
5093
13195
2416
6833
6851
15132
3782
11241
1580
11461
7014
3743
9039
10670
12343
1797
5299
14453
6227
980
5015
9676
15529
581
5455
5501
8557
9001
12826
15915
6163
8130
13862
2169
2962
1588
6827
13147
514
6770
4697
12991
1026
11725
1379
11874
10425
568
8279
5733
15126
12558
13663
7995
649
15583
8689
14115
585
9932
9444
11735
970
11780
4551
4300
8258
1002
11139
15233
4348
11494
6891
12405
4660
14372
15672
15380
11249
7788
745
12308
6826
14856
11471
12392
12874
15720
4112
761
389
4597
6240
14869
1583
12349
1403
13011
501
13175
3322
9388
727
3974
4040
3424
13997
5012
6083
532
2277
926
218
2549
5962
5228
11218
6741
11345
11365
2193
13373
6836
15097
4346
2357
12204
9620
14711
3528
11200
6412
10312
6252
11849
1233
8991
7327
7965
14795
14106
4468
14448
14971
7420
5541
13481
4688
11929
6925
2863
2411
11444
12906
10651
9487
7185
10459
3439
8676
10325
7639
6497
2280
3184
4585
3821
2901
3779
776
7688
6986
4068
5506
10668
9747
11334
7004
1136
1084
11416
4260
1942
10581
779
712
10982
5825
59
11904
11159
11375
8927
11774
4047
7099
10320
9970
9343
5062
8182
10757
15550
8133
3816
4265
11651
4858
3288
10767
15840
7732
2627
9920
6881
9100
10845
8730
5631
12508
9614
11792
11379
12007
1918
591
5974
12948
15235
8488
4947
15283
4811
12327
12871
15448
3511
12326
4820
3183
9061
10386
4792
5835
6442
12822
12870
8832
9740
3824
7213
1241
7750
13479
10972
8611
141
3543
8568
4351
5127
4174
11209
10153
14987
15490
6083
3311
4851
5766
4094
4762
13691
1131
6645
12859
5644
6281
13895
2610
15320
7747
9199
6731
9310
6545
778
4789
8175
7109
4917
6543
7882
10372
2018
6803
320
11463
9730
4651
12538
4061
12808
9037
10622
8922
9768
4431
1973
11072
13748
1966
11019
7612
13268
7434
4971
4568
6313
582
892
14624
6601
14838
13735
3993
10933
10596
8328
4474
774
5143
9501
8402
10174
3129
89
1329
15826
8524
825
6036
893
10959
15066
2480
9033
10860
12168
11652
10948
3159
4028
12513
7845
750
7881
7179
13401
6817
1629
7168
11486
14464
15947
9494
386
12402
10244
15239
9408
9228
6861
1290
15496
13429
9752
8098
7776
15191
1690
6895
4987
4344
9364
3216
2112
11861
4657
10345
11783
11318
5188
7680
2267
13917
12172
9344
6700
1851
9989
14881
852
13400
8716
8326
10561
10768
1555
267
4812
61
13202
13028
11279
1633
14230
8858
994
8100
12595
1725
5995
7520
12275
2116
366
8234
4456
12915
7579
10715
2973
12528
9066
1090
101
3
6824
4741
10390
7548
5972
13579
11417
8607
9917
3251
4648
7493
4244
2004
13544
7864
13765
14328
7042
12930
8229
65
13323
13147
7734
5999
6733
2773
12549
5203
1228
5705
12733
10419
2368
11472
1851
4370
10410
3133
7626
5097
14692
1776
7270
10965
3859
4160
10111
9977
2269
13725
2787
7686
13037
3775
6543
2214
13967
7322
2061
3293
9719
5590
11681
3881
15946
4727
13238
9586
2958
7410
2052
9677
15228
15206
7776
2651
9113
779
13122
245
2099
12152
2831
14486
6678
45
646
7108
9049
573
11416
4327
2367
15657
6305
3616
9923
14486
3060
13634
2024
2030
9334
10498
1508
13739
673
1843
15220
9822
6701
7543
141
14378
2940
12950
13883
15725
15814
6010
3294
5579
10588
12439
5221
7176
1231
7993
14180
12626
8063
10704
10695
5803
7958
429
9389
2375
8131
3198
2933
3264
2469
7922
4599
5155
3952
6470
4495
11075
10707
11351
1162
13485
14111
2729
15133
13305
14506
5989
6035
15382
14544
14861
4540
11835
8564
4736
5382
12648
14846
13250
15673
14747
10733
360
11023
2676
8872
7903
12826
10797
12399
8572
2501
722
209
11034
9766
14635
10145
13675
4284
1723
8156
11789
14432
13849
4396
14109
8404
10152
11912
4849
12951
11678
13576
15320
12300
3979
692
9302
2953
11789
15809
2543
10428
10920
14174
11714
3317
6704
10563
12820
3770
7431
10914
14133
3668
8396
11158
574
3738
10845
8651
15439
3233
15252
13733
981
6370
2966
8273
12206
3885
2894
6210
13310
11635
7382
8712
14751
8887
10517
7435
8253
14540
2555
15337
6072
15393
99
8292
6927
7558
3976
3416
3957
10427
4950
7482
3542
7243
8586
5397
38
2131
994
6285
6294
11018
1742
11813
1193
8788
10932
10709
12384
4758
3742
7505
4718
13258
13808
14125
2560
854
12100
6212
14632
13823
5020
10460
2348
1687
7716
8942
9749
8474
4292
3507
14858
82
9376
1557
2371
14060
3534
13303
10941
4914
273
6248
8120
8737
13734
9127
3553
11100
1994
1613
8775
7818
1087
14634
4462
7516
15096
10479
8842
13194
1940
1060
14821
3091
7397
14937
6853
4267
10679
1572
3239
14381
14368
10482
4000
7691
7700
11659
2315
1213
14815
2589
13143
7248
12376
5204
12525
15021
525
11042
3864
140
14298
13294
4006
9266
7537
6307
9300
14089
5083
13435
6111
4246
13440
11459
11395
10804
1554
6124
7304
11670
15175
2357
9108
8340
11753
2204
1211
8627
15217
11596
1029
7279
10999
4681
7021
1337
11645
5477
14864
5491
10257
13214
8963
5823
11696
8093
13512
8919
11689
4143
15488
14232
6574
4433
8019
9521
2346
9720
4100
1692
8292
3635
12263
158
6368
12236
8276
15426
10303
15071
15269
6746
61
12410
9165
10683
11454
13506
2335
7983
1436
5224
7334
15841
736
7427
15487
6706
13854
8835
8657
6692
872
4520
4615
2468
12586
15142
10522
11271
14403
5756
12401
13963
2619
14605
2337
9487
9622
15378
13199
12484
6577
15271
3628
4592
15689
13906
15874
13792
9094
12518
7872
2886
14096
3111
10095
8994
12279
6428
916
2925
7789
4213
13238
467
627
7485
10077
12320
10942
11308
11267
15807
15663
1365
11246
4819
9469
7767
11908
10393
4066
13205
8295
2599
12474
1217
13352
5111
4640
3299
5183
5416
13769
9548
2027
12815
6668
5995
6000
1452
8165
967
2520
5923
11704
9018
6981
7551
3017
4433
10177
2727
9356
14800
2340
3333
11344
5403
6400
2835
1805
3065
5081
15662
13504
5296
7162
1585
13028
14101
1839
1961
9714
4973
11547
5530
7670
15893
2050
13456
218
3812
2887
11503
14648
2392
7613
7341
115
2260
13882
8221
9772
10691
7442
11088
1491
3211
4090
13995
10245
4046
9503
9327
3608
7842
2926
809
4126
2211
6993
10392
3154
836
11273
55
12360
15254
1934
6701
787
15213
3968
12261
454
13420
4238
15007
6062
11428
9727
13727
538
5438
2367
12077
7702
12048
9062
5596
13181
12363
14467
13214
14143
14944
13852
15355
13353
1678
5105
3780
9300
6466
5125
13284
6688
1443
13051
1406
14877
2095
1815
13175
12855
7600
14709
4627
11193
11087
10971
13636
12000
7554
6053
1215
8002
4747
449
5431
10988
3930
15954
15314
14002
3240
743
13808
9840
13884
5733
9356
14120
4571
14313
8713
14743
8922
13961
1150
8963
12329
12742
7401
5973
11626
3682
8476
5667
6094
564
11791
8975
14373
15902
7879
10793
742
5269
6665
5471
11179
15432
4231
13709
8907
15424
15248
9351
11852
15063
15738
14130
6309
9551
14056
11635
8244
15819
14915
1318
7403
12219
13366
9928
6497
15065
13775
216
8739
2743
6044
3702
14389
13683
5814
5211
10895
8419
11113
5558
4873
2788
13583
15698
15493
9284
9783
6371
12563
3099
10911
7791
11929
11974
12294
1549
3832
1823
12663
13380
1255
13619
8524
13961
4877
586
819
10696
5372
10888
3975
15542
12327
5361
360
15078
11886
5525
3394
6154
10025
93
5407
7159
5319
5937
6119
8014
3341
11971
8394
12694
2646
5417
7042
14604
7472
6664
3275
9169
11888
11704
4107
4525
1788
9109
11135
6700
9260
5582
10378
12030
6767
12510
15476
7475
9239
12061
8855
7578
1949
8076
7495
2294
6494
5601
10898
2841
6397
9618
8280
6453
612
9067
4738
4063
9157
5900
11192
14972
293
12696
942
10340
4681
14716
11702
9011
5927
9937
15041
4715
11542
599
6413
239
5378
3326
10082
9448
5507
9788
13431
8566
9875
30
13068
1130
10403
11922
11600
9760
12005
7604
7934
15453
1240
4176
3016
4704
12327
13083
9720
9625
380
7706
12886
9880
13996
2264
13612
9348
8690
4094
13727
6589
1848
2701
15197
7881
13762
1208
5389
1054
4849
810
15038
8269
8533
15975
11605
753
4091
5363
181
2147
13153
3920
10099
8526
12642
1660
6611
15550
12620
4194
10511
15687
1867
6121
1983
15426
12409
15492
5555
7226
12131
15598
162
8322
4504
6133
5391
11450
13938
11748
13202
4773
4801
5986
14541
13585
5352
10655
4841
5293
10958
5813
9269
324
2295
538
9505
10468
8343
5361
11374
2157
879
3825
1045
1141
6111
7603
14523
12463
13178
4501
634
3750
1929
5016
12549
564
15915
7658
10979
14248
9177
10974
7911
1188
3107
8483
86
14457
1612
12150
9721
9950
11041
14860
6103
13215
1307
864
3495
13211
3197
5041
14531
10384
4801
211
4784
14595
12277
11774
7325
7490
8138
2606
8437
4370
12397
15918
8099
8119
7960
13026
6723
11444
1652
13406
9936
4674
12152
8414
1573
15681
3718
2167
2114
2639
13326
1656
2832
12450
7214
13565
4196
10420
4655
11388
8187
2236
11902
9625
13162
12047
15604
13997
3412
10716
8614
4693
8574
1405
13646
6021
14840
3221
10712
4199
5020
12034
9038
7404
3473
15034
13911
8021
8007
4149
8167
10167
14099
14118
9578
9631
7890
1410
7059
10870
21
7141
3562
10400
14115
9957
3044
10200
14680
11669
5532
3740
15008
15863
13150
3981
11643
14928
6701
3789
3001
12476
2102
647
6791
8908
8517
1670
3739
6146
9590
2675
8861
5189
6546
5432
9993
11538
1444
1907
4363
8122
5526
3022
9613
13966
148
7692
3646
13500
210
3946
5014
9710
14209
11954
14414
8044
5815
4605
3157
2451
14170
9209
12485
4857
6412
3912
10395
15210
5041
8319
12476
10882
7743
6144
4527
9843
1622
5312
1549
5441
4211
11841
10036
2007
11056
4021
3382
9157
2703
3529
4078
13000
8633
11024
13931
1170
7649
8316
5578
1743
4989
191
11529
6518
532
4262
11845
14335
8007
5318
8477
12176
2939
14348
6394
1462
7512
3121
11608
9799
10951
11565
8549
7087
5778
2520
8326
6616
9365
11850
9729
3462
2740
8242
4841
15676
10072
15459
6655
8184
4397
809
8901
5766
1990
1503
6171
3143
10105
14369
2827
124
967
7414
3601
9325
8087
2053
14397
8222
2878
10734
10778
3492
14452
8120
12495
15013
11161
2600
1983
4297
9934
12991
14060
12021
11857
11847
11145
10679
11978
6467
15873
6891
2858
368
1801
12319
9176
6348
13954
14893
12704
10199
14330
13486
11617
2508
10033
14966
6445
15231
4116
2177
1181
6535
14103
8825
12442
15252
2420
9271
4722
8029
9068
1843
6885
8429
5885
9904
7164
12353
13159
4857
14780
9280
5648
5487
11268
12940
8429
10967
5022
15538
3335
8438
8060
6862
13031
3010
14612
8399
13232
5603
4707
14920
9422
816
9583
2016
6922
5918
12399
8815
5512
4686
5764
3589
12686
11087
100
5367
9530
10691
6608
7747
11736
903
10089
10029
15559
4796
8431
12550
935
9118
12726
6435
8198
12639
15186
473
6645
14534
804
15998
2407
10265
9332
11995
5850
1565
11740
15709
11235
3482
6379
10549
13873
5605
2283
5242
1402
10035
12827
10652
743
4479
8867
10991
4623
4555
6446
7107
7258
4552
5437
15136
13648
14331
2021
9348
7346
3035
10726
11029
7279
8820
5877
12494
6144
4010
8055
13436
10558
10147
9895
8039
7940
4449
725
9145
9030
14094
9398
7520
9392
3080
8652
7818
12387
8160
7014
10848
9313
14732
6226
3603
9345
10791
11197
12505
11325
2463
838
4741
8235
9223
1159
5585
342
7507
6139
4260
1896
47
12409
13144
11626
394
15362
571
2533
10102
5532
12968
748
9060
7762
7264
15529
1387
5441
5638
14010
10601
361
14091
8708
5013
838
10431
185
13310
6519
672
4373
15695
230
4348
6153
11285
5777
2858
14333
6319
8231
15873
13023
13364
12586
2270
5790
2457
1955
7693
13386
12176
12093
10846
1170
8540
4877
8195
12003
11249
13056
8539
1348
6280
1437
9877
3929
6369
8385
5978
2432
6338
15330
8220
13394
5009
6513
14451
7429
12738
11565
6923
12272
354
5376
14535
15334
6130
3979
4154
2047
10867
8212
14351
8567
10640
917
12227
14588
12361
15925
7996
15478
12063
3430
3865
6457
1393
8740
3811
12492
13083
31
4656
13357
2959
15336
1817
8240
2597
14448
6366
4343
9236
11311
3117
379
5599
13274
4636
7324
3442
1404
7664
8190
4879
15780
5463
11365
11323
4503
1862
6623
11649
7085
3172
11673
8803
9625
15480
2464
4042
4253
11892
10970
13664
8947
4
9015
3075
5753
6212
8393
13479
14104
24
6260
4251
1540
10171
7599
12666
10838
10157
9203
8717
10894
2734
5442
3103
1376
3235
1207
4221
9521
6878
5907
2442
12570
269
5211
12871
2377
9348
2273
10457
10724
3534
1962
14631
8799
12227
1047
13266
8018
1860
12888
7121
7255
12627
12230
9755
11108
11130
8093
4281
8838
5455
3807
1358
2259
5897
6002
12933
14882
13855
1764
11761
6978
6915
4655
15500
10278
359
8421
2671
12435
10225
6311
1251
11622
12123
1492
14335
5140
2409
12450
176
968
6079
6482
8423
5299
7608
6492
11090
6257
793
468
14762
7792
4123
6708
10304
8401
11775
11444
12994
11776
6832
2999
14595
13109
1591
6155
9799
15083
6698
2354
13915
4120
5859
13531
3519
3627
3416
667
8155
6374
5677
14295
11509
13980
11515
10792
10546
13658
1592
4608
14370
930
7451
14137
10012
7573
8459
12351
12560
3920
10878
6797
3341
12106
5681
14188
5488
15309
14545
9505
684
15971
6988
841
14592
7420
12810
5591
3134
5138
11375
8069
766
10682
12972
4184
7474
7255
9220
11431
8160
9635
11141
7180
2894
9821
11014
15952
5518
4306
10538
10638
248
3062
10256
6821
9252
12573
12048
2695
8420
7203
1157
1269
4214
4809
4755
3514
15461
8363
14739
11181
15205
512
15491
15150
10411
14631
12232
1269
5517
7087
1997
6640
3291
7209
1952
9477
13771
1984
1056
15094
5574
13680
8211
5769
9816
3510
14166
8376
9510
9141
8497
478
6836
9767
11052
3256
6380
2219
1537
3774
3732
2072
4631
15383
3254
558
11042
7702
13420
10375
6302
5716
14349
42
15582
13877
14042
2878
6763
6658
370
11273
5855
126
11890
7692
9317
11910
15792
10215
726
5835
6307
10219
12315
12187
14196
9979
3735
420
1275
13435
3443
10645
15556
15424
14040
13463
15053
8294
426
5903
3760
244
11003
10036
13869
5139
12919
951
14982
11994
15194
4650
4809
8889
5988
7596
3627
2425
2967
10815
9306
7293
14643
5275
7117
7355
9779
1691
543
10307
4448
8734
14432
11570
3981
9640
1444
9189
3385
1219
3471
6832
4808
2798
11426
2703
2235
5060
12918
9528
6295
5400
11366
14603
4628
1206
12893
226
1335
13245
13989
13809
688
4042
6284
14007
14074
13426
4981
15038
14757
11426
8711
14280
4899
2750
10620
4342
5878
13522
11561
6014
3465
13726
10485
13210
3667
15483
8566
6779
9449
3994
9095
4781
7383
3043
5593
7039
14762
10436
12287
14656
14432
7173
15721
1302
7314
12388
10592
6794
4959
4814
2505
5783
6380
2853
6472
4432
1141
12922
5130
3494
7750
14580
6693
13381
3721
11414
9361
11080
1839
7414
9232
10986
5118
11068
10505
2074
15652
1178
740
10454
10144
7852
7179
10042
9971
6644
2235
11392
3635
14941
3547
9622
10841
11328
4669
491
1030
9684
15112
6935
972
13027
3840
13696
286
2331
12075
13421
10063
15419
11750
14554
14489
14227
10623
15086
6552
1862
9423
13065
12389
15582
11439
14346
15026
12238
2954
9799
14905
3495
7999
15236
9065
10488
10483
10666
5637
478
8651
1066
11988
10345
7300
12077
2489
9443
9305
4472
1530
6736
2631
12810
11936
13859
532
9585
4701
11738
14945
14933
9675
426
13162
11562
11364
9690
1528
8742
9596
5374
9658
9760
14588
533
8822
13788
14933
2173
2593
2174
7188
15172
4380
232
7159
12523
5968
15655
6768
10274
11879
4975
11543
1765
6686
3688
12520
5930
7849
13298
5055
2288
11820
1925
4553
15495
2996
8628
1624
506
15316
8665
2245
14577
13743
5240
11471
8167
9963
7911
9939
7668
1816
13184
12877
13078
3637
2668
234
5640
1665
7057
11819
2026
2407
15279
4705
9523
3019
5265
3841
5916
4621
14542
2629
10949
4613
9691
9199
12727
12141
1308
6208
13204
8320
7533
10532
15086
514
9177
105
5052
9092
7570
13748
1964
1167
15076
6745
12624
10088
15227
10689
13202
8862
2597
13613
12471
13466
14946
12651
12456
12370
3154
169
4217
3802
1515
556
7564
3449
15320
4043
5696
8651
4671
15356
2101
13040
14554
9441
2469
11522
14635
2961
2529
3894
13062
15218
1003
11279
7662
9163
2198
4766
15339
12422
1970
10265
9194
11692
6771
15008
10034
1316
6090
6946
1170
2696
7605
1404
15976
2985
10320
5270
8916
9371
6023
2572
11734
6496
15675
7667
8543
6977
15273
8128
10770
5899
14981
15821
8513
6016
418
1231
12342
5744
12423
14804
1670
1809
9658
8135
12573
10607
8729
12930
7842
11688
3549
1833
1630
7395
6521
1070
15614
15516
12174
4376
4560
7946
2375
14943
422
12313
11724
5422
7562
12587
13628
9324
995
15090
2611
769
15885
15981
3085
14479
7077
12713
13199
75
8705
4354
6208
13995
6978
8241
3085
2659
12671
6104
12079
9773
13807
4232
5919
5029
12467
12697
15188
944
11096
12143
8772
315
11385
2132
1131
3287
3344
9690
13683
11096
7658
12835
1871
1440
15375
13873
1840
14439
15807
8451
13262
1690
14546
4652
14932
7622
13156
8262
10145
10647
2944
15716
4276
9457
4615
15269
14571
14548
1623
15013
2869
7774
8682
771
12696
5702
12556
7223
13062
6647
9149
13175
13842
13191
11403
3106
6252
2267
4372
14658
11874
11750
9550
11159
15618
15376
8430
5602
10630
5335
11079
7187
12054
8903
6854
13883
1509
9709
15343
8363
1397
6782
2016
10522
14992
7541
10939
13598
4972
15140
9466
12234
7445
4489
6761
15528
14883
10589
11689
11683
10343
7446
13397
1304
6299
13591
2906
3422
4763
14574
7034
560
2773
9952
8550
2053
11609
4314
9010
12673
7517
15978
8257
1553
12439
11590
3044
7142
11345
2848
14578
7876
4946
2128
3974
10255
4924
8463
12075
3541
1232
4605
14495
5009
4695
8296
4635
2002
4964
13297
5006
8610
3040
14728
15651
3469
2805
9900
4575
12315
6045
12806
14310
13338
10372
12392
1406
6842
2820
620
7125
12566
9115
1743
6976
9896
5183
1218
388
250
692
5957
7386
5899
13099
14460
11787
8200
8762
51
14946
906
10019
3102
2933
15020
387
3842
9115
12341
5240
9427
7267
13422
7130
11932
13241
1481
12547
15299
7166
5872
8495
15748
3122
940
2433
8844
6775
13413
3380
4183
7653
10260
14558
2414
12192
10178
13837
10524
5570
15970
15212
6217
10871
8851
8905
9707
7758
9730
6338
14227
7252
1907
2248
6956
14946
13611
14638
1304
12269
4805
6339
4024
13284
240
13032
7631
4372
7100
14279
2251
4984
12368
9857
14842
1272
11635
10370
13664
403
9628
3614
8451
10942
12235
7635
3451
10934
13670
5140
9159
1830
15114
7510
9529
1018
4333
5021
5929
10439
15767
10608
12766
140
12713
4987
15413
9741
13265
7671
6095
15285
9936
14425
3110
10152
12061
4500
129
15840
10069
7621
14450
5107
9545
12511
11414
14533
7861
603
14897
13382
15531
3363
5654
11194
14089
6450
6596
1689
12590
7858
1983
2453
7516
14320
9218
10338
3272
11572
8729
590
1570
15565
3989
1851
3831
8606
1525
14415
138
14708
13409
14324
14813
15364
11372
6792
4496
11778
5142
8723
10213
4479
15283
2219
14163
15524
14911
14379
14941
11368
8331
5679
7858
14506
7256
7816
9814
11293
276
1130
10856
15847
9715
4985
9045
15654
1045
3845
3391
4760
7356
12405
12464
13227
8167
4033
14997
8753
14267
4926
10034
13756
10654
13599
13552
9456
10777
3449
3706
9347
10115
13166
2777
4299
5346
515
12543
10349
4806
4995
14928
2374
12155
5984
14665
1659
13264
11591
14429
15235
11987
1041
12562
234
5289
14547
9547
13734
10086
1626
12526
153
13669
9814
13920
4862
11635
9033
4733
9970
12551
779
8707
13554
964
1
2087
9029
7882
9342
7395
8322
13925
4618
1454
12172
6737
9478
15020
3157
15739
3043
12048
11872
12616
13942
579
15635
1193
10357
14206
14453
9263
11094
13278
14528
6992
7456
6482
15546
6095
13447
13899
12315
12363
11126
12300
2607
8719
2711
8491
8189
11091
8964
9405
3930
14930
5233
3261
10813
7418
982
5059
2826
8428
14056
5345
9421
705
4155
11761
10130
13972
344
3795
12257
10122
7776
3425
3202
8698
4568
3870
14218
3108
2893
11067
5937
14222
3118
4351
13072
3304
2107
11989
11264
10468
6406
14906
11348
6672
14417
9076
12794
10444
4220
7808
3803
15643
15110
11716
5969
6234
11441
2342
10238
6362
4349
8263
15673
10492
4002
9206
6818
371
14633
14427
1629
566
15382
6263
8076
14298
13728
2351
11117
15949
3843
456
4179
10679
2829
12985
12591
2417
1185
7324
9353
3683
14127
14148
14199
2062
15379
4842
13663
3760
4044
49
11998
14129
2090
12497
6046
3252
7661
11835
2123
3067
13466
10861
8262
6238
3897
5450
8996
2257
8518
2525
5829
9925
8761
11028
6550
9015
13518
15272
13263
6403
13507
14479
2644
6846
11110
8427
13116
12852
2394
12630
8172
1509
10251
14189
14466
748
13985
6638
3890
8840
12309
13753
7922
6035
8019
6338
13832
4879
10822
2124
10382
14461
3929
7023
4745
3002
11639
4347
12432
13497
8291
10255
3333
11786
14700
2076
2798
4170
2213
6062
1554
15623
3297
12009
2684
14190
5795
6276
8371
9093
15989
10669
12710
263
3373
6750
7132
10352
1239
7102
15955
7596
1330
7772
12159
1615
8077
9910
1807
6100
8146
4643
15001
11686
14629
13735
9846
15085
14035
13664
14787
2087
15986
14362
2803
5735
15074
700
430
7877
8312
4680
12824
6955
8273
11
7018
11404
8365
10050
406
10700
303
5662
15768
10834
10874
10109
12892
13821
12196
11603
14115
15841
772
6276
2099
1998
13028
13806
2179
11357
8822
12157
2427
5054
3989
14770
15547
4088
12476
1969
6752
13906
6910
12422
5378
1501
9169
14510
5435
6450
15495
13836
4517
14873
11163
14650
4286
7313
13947
12916
1250
4221
1876
6166
14780
6271
3596
8032
6139
13023
10486
9805
8053
3331
5634
11965
11831
3948
8332
1691
15614
11358
4270
14648
8189
15704
13189
4945
8307
15956
13838
10498
7263
5567
4241
1386
320
2802
10254
6565
1502
10035
4647
9767
12496
10524
12943
14223
15820
11202
14934
2102
1679
9616
3410
11708
6006
4807
2994
12437
3524
15356
10889
1830
8934
11615
8641
15114
5912
6312
12572
11094
8197
2014
6811
13375
2928
6592
10574
15784
11412
10241
5763
13072
1605
12341
2964
8388
6155
9729
1108
13104
13441
6364
4232
14756
11906
3849
15506
8377
8395
5564
10380
3576
14025
10691
5250
5087
4739
10144
13603
3513
6644
685
6187
3885
5510
15031
4337
13790
10308
3854
5537
10736
13015
13009
14536
8757
5172
3211
14447
15168
5723
7628
5497
2356
13753
4038
2005
12609
5590
8974
7736
14078
14009
13279
3610
5721
13885
885
1669
5915
9891
8082
15205
3348
10032
7350
12501
3226
638
7308
4401
12381
11229
6888
1232
9569
1417
2145
5165
12180
15475
6564
11499
7955
4973
2439
7553
56
2607
8257
10588
11958
1381
13459
12086
3800
15629
7645
4884
11189
5050
1418
7308
5190
12684
1095
8655
916
14846
6155
2737
1773
2924
7908
13233
9002
13053
13987
12182
15928
14820
5896
4095
903
1337
7166
2650
9313
2988
5216
1272
6766
8453
12599
1672
3731
12997
5517
8255
6802
8289
9280
2527
9011
1424
3524
2500
9099
14297
10259
1486
2568
3120
8218
6429
3875
2212
11443
3205
11239
12850
1103
4818
2157
9879
15962
629
7465
3638
2078
9050
12409
787
9194
12728
2192
4474
13392
13110
14901
12502
1984
13095
4654
15265
15363
13474
8989
2735
13895
1660
11098
764
11186
355
5268
2835
12905
3577
2076
9440
4972
2527
8709
8074
12496
9936
3781
15700
14683
5993
15951
10584
6105
2129
817
40
10441
11610
14306
8678
4290
13251
12089
4799
8799
12008
9401
15553
14713
13097
15418
15361
8014
10649
10008
489
12370
5318
4098
1830
6869
13933
15979
11443
696
6889
6155
12736
13260
2142
15425
13097
222
8942
7697
13868
1177
9116
1707
488
10549
5505
5625
14051
13381
13006
1712
7140
5821
13193
9809
879
3700
4384
3474
12379
12634
9133
9043
6955
6030
7087
2446
5652
6813
5407
3690
15527
3263
4218
2162
12377
4317
12593
10216
13241
14067
10913
4700
11528
12915
5947
11917
14546
15640
12579
10831
9360
12633
2072
13017
5120
4655
13614
5807
316
3911
7104
11330
4750
7971
7072
1673
12312
11364
931
13819
519
12384
15833
14938
10840
4158
1888
11269
1556
567
831
3277
3353
8943
10950
13313
11417
3325
8329
10732
1017
12037
5905
1185
13843
8055
5225
1839
788
435
13175
10965
5688
12765
11948
1257
14464
6309
2034
14335
6540
5126
2938
15671
10492
8675
13684
7252
11242
9045
828
6647
11700
9528
2429
5988
14334
3563
10894
14971
7324
8094
2346
11219
6097
8546
14279
11365
7254
10092
76
15776
5045
6045
7237
8629
12317
15462
5546
10518
1368
15892
91
9057
14342
13071
5236
4000
11721
9948
3529
3234
4479
6534
6904
9428
1971
7270
11196
11704
344
234
7426
5025
10589
4394
7063
548
11169
5702
12007
6639
12644
7333
12678
8566
6210
4872
313
9578
12752
4374
12386
15447
8585
9650
9748
63
3723
10026
13198
6936
5521
10656
13107
2410
14151
6258
10931
1839
14063
2853
8895
6920
906
13120
15972
827
17
10536
1776
2653
4357
7657
4182
3326
2460
7724
10837
762
4894
901
15233
12809
15921
387
907
7201
188
8065
10697
8302
914
8974
114
11386
10255
2083
15235
272
7058
2461
4779
2645
6460
6455
15525
5328
14312
11531
12809
10982
485
152
8705
3435
1486
1201
10830
6612
6197
8156
1142
12676
6817
5551
6375
7467
5448
5629
4281
7205
4091
4958
681
9176
1610
14370
6255
9234
7923
1270
12262
554
15364
10983
397
5842
13482
2983
11444
8720
4817
961
49
1075
5898
6157
7251
8356
13353
6943
9535
1959
10132
9077
601
1960
9657
4543
1257
7717
8541
8890
12713
8025
14940
13432
12878
12353
2357
13455
13972
13703
5947
5354
2733
11778
594
3494
808
8227
6063
2557
2124
10734
11414
3118
7142
14103
5535
3899
8416
2592
11136
959
727
1634
10174
1906
13496
8276
386
566
15187
6567
6636
2419
9990
14020
14934
1647
9237
14922
14133
1139
14810
15940
3215
410
6838
12457
3292
5023
10136
13406
10751
14440
13236
2947
9348
4901
7259
7235
8672
14702
4878
6583
2567
10316
11604
2322
1817
6822
3361
10661
2835
9685
2883
9564
842
11119
4187
4424
3089
13120
4362
6875
15751
11746
2747
4431
10038
2943
9671
8540
5468
807
2214
12602
5446
2734
1168
14004
4062
3348
3272
11912
12378
2737
413
4648
14776
11201
1002
4626
3288
10883
9649
7353
14836
3062
1690
11779
14890
11737
3839
3289
194
2739
14701
5442
7924
2023
613
12927
7804
4971
10936
10006
2840
2175
3143
3772
14478
3247
14289
11091
5078
7973
2744
10988
4647
13671
5002
13409
3635
2793
2389
13286
2759
12586
11016
8145
4142
11780
11464
7689
11845
12518
11950
952
2991
5022
11409
13477
9939
1117
3638
6086
4317
916
11587
10047
5361
6255
4445
13099
10075
12347
877
6653
6208
13103
2491
8109
15406
15119
201
11774
12633
5772
5894
8582
14047
8431
1700
2967
14673
14736
11897
678
875
14253
7094
388
12155
6948
4058
13141
6640
14772
7169
7939
95
13994
590
7607
8603
12412
768
2531
13696
11436
2858
10943
10724
5344
2655
1246
6360
3373
11687
625
2577
15184
8914
5477
3804
11913
1037
6266
1777
1035
8628
14579
4072
2175
4488
2885
6408
10782
10518
1389
12045
11647
7313
3569
12022
3942
14726
8961
14063
14065
8561
11525
2352
11933
1441
8267
4377
555
4963
14517
6382
1736
12406
47
1412
13464
6091
3073
13250
5581
7046
14566
1433
8836
7403
11490
12784
10529
10423
154
6890
10424
917
4081
7411
11029
15110
8817
3833
5865
11654
1476
206
10277
3007
1800
937
2209
11080
13829
2980
2898
14053
7463
5206
5024
13299
7669
15513
2080
8884
9000
9214
4012
11371
7631
7772
10428
11198
6217
2141
4214
4393
13263
11660
13652
5394
9249
14686
6767
6326
13725
15376
15226
7507
15504
4072
1609
14172
6479
226
10263
12101
7197
2598
402
6418
7374
5510
7785
1231
11453
206
1184
12460
637
14854
14442
12985
15610
15639
15423
1342
14884
10471
13829
4635
11542
12953
14751
12009
2437
7890
2986
8113
9271
5917
3274
10568
13500
7263
6869
14832
8761
15795
6401
2934
12584
543
14563
10569
13781
11785
1983
10505
6263
9582
4283
11822
10766
11220
2780
14270
12307
9551
6357
13258
14404
9177
11756
11146
3757
1923
13174
15138
6037
7700
8301
11575
13939
8353
14119
112
1826
7832
9240
4825
4505
6650
7333
1071
6319
3321
2959
5255
1160
15213
12805
512
10252
4127
4193
13774
9070
14519
10789
14027
8949
1551
2821
9607
13503
11612
7125
13134
4814
11243
5359
5763
10637
8507
7313
15965
9480
11332
9240
15782
1046
244
15463
6836
14125
2335
5579
7068
4487
13054
9471
5515
12088
4991
7648
14799
14588
13536
10990
740
2796
5555
15122
7046
2615
8838
15193
2414
8449
8202
13767
2438
13534
10097
8143
5093
11186
11017
11611
15806
244
249
14594
9249
5571
5026
11847
10715
7826
1996
4183
14956
12866
7063
8681
887
12613
11110
11085
12455
14716
3992
863
2386
6607
12666
10514
7227
1729
2859
5917
6461
11313
7366
217
11346
5205
9877
14766
5384
3554
863
14383
1676
11542
10564
11141
7981
684
924
2077
1684
4593
8575
12688
1543
15234
14165
9309
10962
7958
15798
15394
8427
5464
12575
3784
10632
12067
6142
1229
12856
11211
11917
15630
7463
3894
11687
11377
3668
11878
12328
3635
12526
10047
10719
8235
12540
5802
12105
15786
4803
8535
5535
3341
10288
5418
4536
10884
7626
11223
1080
2897
2280
15260
14906
14725
37
14917
11142
14758
13383
10686
10534
14199
14580
6570
3353
10355
5978
12401
759
8272
3642
504
10541
7885
1167
826
1573
9519
12349
3390
3453
2728
456
5987
9805
14340
14918
14278
7534
3751
12538
10274
14464
8500
11700
15204
6340
3842
11018
7789
9892
9175
4695
2124
10303
12637
364
3955
2973
6750
6210
1850
5254
7146
12886
4305
9289
3586
12677
11148
1449
11100
14902
1290
14101
14412
3278
14371
15516
11586
2444
11285
3529
10740
13143
12332
5252
3787
15774
1515
9298
3156
11170
13299
12213
9317
15293
10763
14582
7640
1391
9986
4036
8549
1999
11078
11049
12488
11104
13766
11811
6039
14824
14837
9512
9261
410
10638
3235
14603
4692
9675
3025
3424
14913
11450
14485
15429
14339
8663
4250
6502
2152
10649
11413
5368
15947
2133
7283
14531
6898
1356
7225
1583
1441
13991
15543
13939
8770
10907
15333
8756
10356
12255
3705
13741
15052
12824
8545
24
15985
13492
6649
10860
13734
35
10129
2753
334
1449
5986
10601
1294
9340
15810
2020
1281
15395
314
14323
1481
13714
3140
4219
3205
436
4861
2364
4343
11606
15622
8548
1328
3973
15295
623
15864
3579
587
4886
3798
6999
14222
140
10542
637
12022
200
1301
2138
4280
1947
13431
8537
10394
15537
10696
6202
15814
7889
4322
1408
4801
2443
4195
1414
8806
14308
11919
12570
5090
11191
10773
3525
4068
280
2515
9005
10135
6633
1164
9480
2291
14067
11467
3226
8401
8857
1468
10696
15689
12682
5051
9553
350
9140
8202
4702
7286
12401
15203
8721
9632
14760
4484
10235
422
15321
3500
7306
13488
10326
15211
8506
12187
3185
12525
2073
5092
15850
15428
14794
7530
3018
10853
14377
11980
11419
5251
8977
6361
13604
4937
10613
15528
5292
8159
13082
3303
14395
12925
2249
13353
12605
6064
2966
7495
9390
12642
14206
9549
8355
15034
615
15417
6970
13756
10066
7004
10524
14141
15071
11343
1839
13374
12770
6432
292
8189
4120
10204
4950
9023
4786
8978
8503
15382
6078
3905
9952
4859
2671
8019
9394
10058
2853
1798
3113
9682
11582
5128
7312
2913
12268
8848
6617
3848
5675
5167
2972
6023
3462
5068
12857
9736
9090
14687
13123
13606
4849
8179
5084
1177
12327
10218
5143
15494
8163
8979
1234
9811
14575
7925
397
10272
11191
7011
13349
597
2073
15192
8105
13875
11277
15723
15414
618
8241
9861
2492
13553
6870
8690
6342
13220
4023
12415
6640
3636
12692
3265
5370
3333
7526
773
7683
341
6107
7318
8339
7127
812
14302
2826
5214
411
6427
10074
2941
1384
10585
261
15004
968
14702
348
1996
5074
15911
13244
7183
7518
2623
676
4632
3953
13519
1656
10738
6050
3746
15804
2137
1355
15889
6548
13254
446
1297
11028
11311
12466
312
8653
4596
5195
2218
15352
7682
686
968
35
14011
12638
13722
5943
40
281
3521
3169
2478
7625
11405
12098
1991
7999
11437
7376
4240
12697
6115
1872
13832
14552
4511
2995
9771
12455
15074
15
7440
5843
12364
6962
1955
2647
12278
11869
11793
5175
4266
12594
5212
2088
10271
10767
6580
29
14171
11998
5560
12932
7447
4483
14470
7384
7859
8181
15430
13232
5354
217
2747
1665
1465
6583
13676
13345
3146
2643
4739
13827
15611
5642
4765
10849
2412
5875
11109
6929
9195
6526
15396
12946
2680
12447
12849
13219
6551
3442
1311
15424
4745
10103
11000
5641
4234
15534
4699
10468
2169
8185
11639
13808
13766
1647
12669
916
10262
7027
11344
11284
4879
8309
66
530
10575
7770
7554
12603
7418
9558
13367
3522
2225
11387
4190
6474
10633
6444
1809
9687
15135
1390
8942
19
15856
6448
15418
1598
5273
209
9930
3671
300
2719
8929
13653
5146
11738
12296
5032
1538
5002
14642
6339
6669
14261
758
9123
14148
7991
2698
14496
13443
9028
12056
10930
11402
8199
9855
11078
12159
12277
4746
6076
3302
9267
1534
13547
324
15394
6785
5901
4104
11758
6203
8481
6329
8670
6207
14183
10481
14409
8089
13591
7869
10922
6533
3147
1954
10014
10722
6536
5324
13397
13394
6624
14870
7447
1443
155
6520
3234
11861
4982
15029
12029
15475
3215
7464
837
6050
1741
4484
14382
9142
12696
5627
5702
9658
1438
15727
3130
4008
5407
2511
9087
13023
6616
15508
7991
11328
3149
15666
9849
1534
11695
14720
7246
12099
13837
3040
11954
13788
13788
2005
514
1052
1094
9626
13343
11477
6010
5216
13385
8834
10556
361
5197
3594
10007
15276
11831
5494
2426
10517
8020
6734
8299
11737
15133
1429
2026
6674
3146
12649
5763
7318
1235
7314
6700
2533
3297
4801
10270
7657
1140
391
13768
7051
15290
10338
7708
1088
13402
2656
7692
2384
2140
91
1553
4687
13871
14540
12311
10536
9393
11728
14239
12069
4338
2183
9865
9822
2461
11138
12285
12977
9793
15155
11320
2110
10297
13343
13863
15207
6966
5731
13256
15839
9720
12653
3022
12746
9697
1555
4378
6297
11781
3853
105
2591
3359
10090
200
9550
11887
3515
1323
2299
2072
12972
8158
2833
10941
12062
13058
15250
6001
8035
5592
9419
1602
9737
3242
141
8935
975
10615
1897
13615
11672
5468
3380
13710
2446
162
3269
7523
6443
7497
14004
12207
1481
4320
6761
2790
15726
517
7827
6378
6170
2591
14542
14866
2025
14574
9665
10247
14557
9166
10832
13641
6106
13732
9747
6852
14729
11755
3161
11
5799
15101
1952
2782
5336
11509
6428
7205
6958
12516
130
8600
11698
10916
12007
935
14677
4554
8000
15429
3100
7435
14192
10530
9421
10041
3530
8166
2202
8333
10127
13209
5355
13190
13510
6220
8095
13538
6457
13777
1185
7416
5485
15576
7809
8416
13108
376
6920
5094
14054
910
11120
9903
351
6443
14514
4539
8695
1157
12446
8952
11774
3784
15695
11286
467
2561
878
1951
4934
1582
4843
5301
15742
12956
8588
8786
9314
11937
59
3842
11831
2354
14370
328
4566
954
10425
12253
2177
1353
9017
2292
11199
4069
3009
11398
7211
9489
6918
12915
3358
7201
11643
4698
8884
5552
11320
12581
12211
6668
12553
12657
11898
14236
13193
5651
4562
13576
14195
10978
10484
9916
9874
7003
7541
6205
10777
13326
8517
6285
4034
7712
7937
7805
7495
8559
6165
4384
8161
7277
3092
14865
12638
5281
5043
12327
11843
784
5151
1889
12076
8481
13151
1026
3040
14399
2446
978
3
529
1501
8381
14995
14751
11288
14209
4106
6421
5093
2055
9594
13977
3035
4573
5866
9199
6185
14044
10822
11099
9520
12359
3383
573
566
5455
4639
14854
6150
4562
14316
14182
14603
11517
8569
2505
12474
2363
3875
4228
7971
12104
9551
11970
9805
8753
11707
14817
14374
9976
12225
6752
2383
7860
11219
6911
2682
9940
3660
10737
9621
2475
3507
6112
5225
15145
8819
3072
3895
1595
807
8607
3854
7641
8711
1022
9003
12908
12965
8565
6025
2581
7786
42
5060
6976
15957
7287
13099
11052
15444
15754
8897
15786
9741
14691
3551
245
8687
4622
6964
10958
3344
7140
4792
6436
14829
334
2558
8939
7351
9026
6013
297
12162
9671
2802
9742
684
9395
11892
13559
6020
11187
3790
10851
9618
2520
326
1949
5158
11673
5422
7204
8574
6324
6375
13179
5956
15773
9937
5088
2336
3881
1125
15160
10495
15424
9184
12658
10861
14886
14215
11113
5742
13423
4545
4041
6818
5612
15288
8971
15940
14999
5622
322
1769
3672
14469
5518
11348
5661
9554
12232
15405
2097
8012
7307
4449
621
11279
14877
12082
4166
11225
15879
6845
2478
2962
15890
15223
4799
12167
6515
3938
11591
11195
9281
2919
14457
14807
13972
11948
5769
13693
6703
3190
3583
6139
3313
66
13627
3088
13012
13584
13899
3034
14782
12864
11542
14651
15325
111
14677
12585
2908
15136
861
11057
14971
127
576
11629
3037
5752
4142
3457
10384
14166
11309
12063
5744
1445
13375
14088
14714
9707
3905
315
7335
8558
9229
14660
8032
6950
3173
9443
10600
9846
12638
2550
2638
9835
14648
6707
3408
8469
9899
14001
14653
15695
12336
5800
11877
2123
11210
7581
9818
15866
8975
9482
6615
3816
14650
12515
13427
14764
6564
9964
6380
12414
12412
3608
13140
2410
8580
7719
12910
488
12563
5433
5462
2819
12242
9942
14318
14395
2486
6890
15373
960
3959
5143
14670
5637
11093
5352
14888
15164
8756
4109
4252
11386
12174
9001
2646
10701
8303
11941
5377
8600
9500
2771
9587
9201
12812
3213
11702
8011
7884
9795
15704
12638
10178
13524
5199
9834
11848
8475
796
13561
6004
12357
12630
7313
10763
14135
10788
11025
3261
7617
14838
9330
1135
230
5753
7131
12785
7017
3903
2012
7427
15056
4697
4820
14908
1104
9983
7411
8282
12225
15358
3528
6043
263
4647
15247
5950
9020
8176
9768
8180
14665
9494
12977
3118
13136
15577
5019
8860
11654
10828
10809
11382
834
12849
12262
15465
3947
11081
15025
1643
12508
5115
15435
6366
7987
9911
13034
4443
2280
10035
7913
6198
8798
14655
1056
6913
8188
15585
5246
11615
12107
10712
11898
2399
2096
15919
11023
15790
831
3400
3497
7379
312
10429
7804
1313
11581
12303
11782
2883
10279
8273
15383
14481
13479
2195
13273
9625
11453
7537
5443
449
782
8736
3620
15696
12180
12563
4864
6550
3424
3247
6801
4954
15491
9437
3459
5952
13582
12019
8620
12685
7694
14949
10413
10736
6648
10314
8058
2978
2300
12044
6950
13706
10488
10051
2881
7792
9028
13075
8557
8585
15069
10387
6318
11891
5487
9224
11975
14125
11405
13333
12060
918
756
11245
12444
11956
9261
3377
14104
14894
8342
12144
2732
14107
2860
15269
14265
10014
11858
5846
215
8358
15492
6011
6810
15136
7811
10132
10276
5157
12091
530
5348
9133
3330
2501
9822
1916
15516
15712
8567
11211
13101
6218
95
2187
397
9766
15359
7093
7459
165
1845
7499
4471
8859
3319
9635
11443
10246
2010
10658
4487
14151
7630
10990
8929
5831
7887
6365
2767
15743
6995
4736
4261
15014
14225
1823
563
12506
2790
2379
10863
14909
9435
7
10952
4214
8988
14348
7430
15727
10273
13876
5870
14454
12081
14032
13597
5641
950
5364
929
11411
1588
9123
8061
3546
572
631
5269
12350
7043
6079
49
13697
13754
6698
4171
2138
985
317
6074
3638
5715
714
9453
9323
2723
4653
324
11380
2848
6438
10055
539
15135
1089
4867
6309
758
1562
13709
13627
3235
4142
14378
15038
12623
4703
15045
7771
7975
7908
13818
4028
5611
7814
7455
14386
8256
7356
12868
303
12384
10230
10961
10837
1711
2685
14630
5616
7708
8675
15634
7647
9369
12141
7206
6217
480
8416
11002
7040
7579
3097
10571
11416
10265
4121
5714
14226
9252
1147
6213
5545
2471
4616
821
10390
8918
15507
2516
15081
10168
385
15919
8376
10898
15382
4290
6843
5026
5222
15433
13630
11703
716
8370
9348
4260
11794
8611
13731
6200
9621
10146
9397
13574
14892
6128
11821
10875
367
1067
15511
10296
10623
8961
10993
9923
4028
7510
9655
14667
9011
15811
3105
10289
12236
13533
14211
7083
12342
13877
7038
499
9296
13690
4567
10240
15869
14246
13255
15084
775
8772
3278
8443
14160
5169
15270
8703
2617
13032
5126
6623
6822
2356
14334
5350
14771
1718
5871
14786
6754
12135
3372
14713
14031
10124
15628
14296
15129
14496
9520
7428
8660
13412
148
3975
8544
13026
11559
7161
15316
10138
1290
10260
15288
8720
10518
11685
2556
8861
6259
15283
10361
13258
12493
10891
6034
4248
11672
13781
4579
10005
2210
11421
7782
9569
3589
11734
5871
14585
7145
13220
12445
776
9130
10116
1252
8130
14814
3186
6850
15222
9761
11535
4912
7418
2340
8197
64
6674
8361
13404
7243
4868
5621
8996
14727
4295
13107
3080
1857
12714
2546
3208
14392
8233
3859
5739
13770
8578
28
5091
15891
13348
3699
223
15598
3220
12156
11205
8719
12388
9838
9130
1775
6277
15859
1287
9009
11324
8287
2072
12875
4249
10910
7687
11957
3756
14815
11439
10947
5031
4043
9984
14557
7360
12122
6205
4362
5085
13795
7721
2344
186
6185
3555
1337
838
12752
6147
6185
14735
15162
15306
15068
64
9694
909
3220
9268
15728
10533
1277
3269
13524
198
4319
10843
8548
8413
2134
15116
13406
14550
6409
2765
7215
8922
944
13614
6721
5021
4468
6549
14982
8784
13231
15866
9023
10831
12192
8125
7626
14541
10996
4824
9133
15036
12168
6578
10179
4941
8670
12600
8840
2704
3372
4213
9195
13419
6432
14079
134
59
15794
11015
12729
11371
5089
9833
6227
12486
14330
13801
889
2391
13149
1920
8344
14020
13596
6011
6599
14515
11099
10097
15076
12390
9807
9158
11477
504
6483
3265
1911
9836
9496
4608
14760
11711
3096
11595
12400
10842
8275
12417
167
14983
8296
8199
9068
12227
6103
1179
14848
12948
8903
7453
9719
6865
4472
2011
4347
2198
13606
13655
8886
8546
6196
11656
8991
20
7452
13022
15453
15972
9542
10223
8207
4073
10024
6395
3582
8291
692
9698
15456
12006
3978
1719
7825
14047
10803
6990
15062
12878
12426
11834
667
2239
8008
10331
9221
4811
3757
7524
2583
5772
14482
864
8759
11815
1722
5165
9050
436
8668
6025
394
15708
8591
10648
13181
2823
5908
15729
1522
15320
12758
14188
12850
10953
1097
5342
15165
4510
15490
577
8963
6192
1749
7996
8464
523
6864
3800
4292
4823
6830
10597
2236
15612
5869
6869
8046
7138
2451
1485
11954
10998
3273
8191
11586
8630
3229
7976
2605
2470
10535
14669
9537
13401
6575
10630
15381
7841
8138
13683
8095
4445
11379
12976
9064
13528
15205
2394
2400
4083
2071
15861
729
7576
501
2949
12460
2114
2569
1849
14953
9959
12496
12687
4276
10420
14377
3194
6375
6343
11061
15266
8816
1988
15587
11165
14584
12848
197
13376
9272
7333
6261
4047
12495
14892
11156
4861
9060
13694
14972
15992
10266
10006
10600
4624
7841
3114
7407
12634
1674
12615
13733
12377
8459
12621
14025
5687
11512
7016
419
4903
2838
5723
12850
8003
13432
13864
7344
8090
4313
5105
4893
8218
14500
12375
3622
5945
10674
2887
12426
13031
9954
6027
9368
14585
8519
10041
2205
6803
969
4516
11883
5789
15810
9080
346
1259
314
9765
6244
3038
6686
7930
6025
9465
5564
14238
418
6843
10231
10574
15334
3611
3360
11868
1954
15516
10554
3950
5595
10907
3357
10130
5347
11422
13871
2276
7132
14173
14314
12016
719
15224
1715
1658
9893
4571
10896
9069
5096
4008
1926
3646
4553
6256
5746
5372
1240
10627
6275
4802
7982
7576
5101
4863
11673
10427
3868
9183
15769
8336
8783
8154
7110
12970
995
6175
11188
13417
11487
14849
13821
807
6404
822
14784
11320
14311
12695
7768
15360
15850
12459
480
11218
2177
1089
11105
14697
15448
3240
6655
4953
8291
8693
3959
665
2879
10804
2944
8196
13667
5836
3390
11823
13525
3153
1833
13071
13980
14336
6281
15949
14269
3748
8244
15414
12838
418
5565
10661
11652
32
15351
8498
11125
12031
10030
12415
8563
11013
11137
5952
11119
2052
7340
9068
11742
2689
6806
14864
15575
6612
2944
6931
6095
9525
13202
5460
13364
1972
12958
4330
7220
7088
13936
8216
2071
12905
9358
2666
14959
9788
5093
5060
3401
5408
12148
2573
5793
7131
5537
4568
5536
4034
2626
13830
8327
8500
9502
11641
10770
13934
1802
1073
1949
9012
12321
10808
9486
9076
12469
15565
5447
15017
742
5739
15075
13596
13085
10205
2145
13120
14060
10540
1447
14179
4794
12994
8554
4666
83
13104
4273
7299
13935
5909
10719
10920
10407
14031
12328
11857
8967
2013
13297
6285
10109
5309
6221
8486
7085
7962
8531
822
10373
6794
2162
3451
8916
613
1767
6265
7324
8812
15799
11070
12892
12266
13343
11466
10735
4682
5596
5379
8286
9908
8114
11656
6442
4979
13914
3595
2763
14785
11275
6100
8213
9185
13407
5235
12256
688
1493
2462
8188
1653
7828
1309
11103
5385
5806
14285
2143
5736
8170
2121
5856
10306
8359
5452
8299
3698
1631
12948
11326
1979
15194
348
3304
6339
3264
7008
10510
5364
6110
865
2797
11793
8813
13364
4771
15762
12954
7893
13754
1180
13870
10687
4006
5024
4063
13325
2222
1100
9468
7377
6612
15499
6212
9052
7481
3242
1375
12083
15757
907
10530
12469
11690
2454
2066
13956
11583
14195
5401
6246
11286
14858
523
5620
68
2581
3561
5702
7294
13982
5388
14517
7656
2316
5023
5750
3461
14470
974
4593
8349
11616
6966
10291
2324
12923
14518
11767
5216
12106
10682
1596
10807
10537
12658
3834
11194
1163
3739
13640
677
5990
9251
13061
3798
9727
4912
11410
3567
1567
11561
10539
2646
7902
282
8218
6742
6858
12186
5581
5549
7291
14671
15526
13325
10537
1805
4495
12452
5250
15725
5060
6009
14365
12830
11844
13484
3868
6097
7505
13129
9609
6684
14487
5904
121
1097
11099
13691
10617
8678
8593
3623
15312
9209
6254
13844
11972
3704
4288
8298
1933
3403
1351
801
13354
1775
14483
14236
9567
5030
4702
72
4883
7754
1058
955
9421
1175
230
9488
4424
7989
13592
9757
9117
5272
8353
8475
9047
13050
13602
563
8077
5880
3584
11778
12575
12986
8985
3519
6956
12868
2603
2179
14101
15522
6101
174
10400
6531
9682
14196
9950
7866
2790
3572
12541
12516
15188
15535
11744
8224
11672
8278
7967
11269
2744
3667
734
5451
4600
7419
3373
310
9774
5829
1940
1406
1297
8153
7770
4633
2566
14716
11210
10894
9589
1539
15372
8405
1990
15831
4168
4571
2271
4236
15255
2863
3575
9437
12856
13526
13303
5593
11129
14456
8249
3066
5822
9233
1909
11629
13005
15033
2382
4964
7145
6350
15721
10446
13642
13870
11257
9538
11207
3647
14580
15306
1773
13686
12060
9761
6687
15905
7498
12839
8614
10674
112
10850
9857
13669
4067
15796
15422
5662
2015
14001
757
8928
553
8830
13934
850
7574
11961
10044
1990
15433
337
8145
7233
1363
2272
10554
3110
7865
13695
15269
2851
5868
6091
3551
13972
12179
14549
3427
12823
14380
1076
8110
3168
1931
6463
6024
1438
7885
11337
11760
12976
1001
6300
5284
14447
4253
4910
15283
8846
14099
168
7105
281
462
10388
10836
12335
3814
3314
11982
5113
6773
2859
15448
14467
2469
7079
8568
9440
213
14158
5906
4172
2110
5089
398
715
8011
8837
1847
7917
10888
2489
963
3045
5495
11590
11412
11819
13183
12464
6147
9133
3913
11530
12610
1388
11258
3545
360
1337
6036
5755
6752
6943
15883
8915
4505
12170
15930
7599
4461
10707
9445
6091
3802
11556
3451
4982
14503
3261
5344
15408
12029
14596
10047
9976
8040
11776
1115
7691
15190
359
1139
9363
7795
987
3037
1916
14545
5407
15727
7322
10788
15674
523
8855
2662
8902
8886
3688
13027
793
2227
4954
11289
15213
4226
3063
4991
1357
1502
12827
13195
5530
1028
8000
171
14768
12724
4238
2854
5718
2712
846
2129
11874
9097
10491
3307
2790
6358
8934
15264
10287
5796
1365
13750
8190
8693
11710
2786
8554
1058
8409
8924
6613
8639
10634
7682
8563
5376
14304
2457
6315
1803
7978
14222
14372
3794
4205
3799
2609
15050
5515
14853
14515
11789
5932
10541
6731
4859
8483
8004
15650
1128
3746
11765
4536
2339
10474
9365
5364
15331
9433
1638
6399
15531
10319
11181
2430
12459
8482
12926
1485
13204
8825
6563
2621
5833
14576
5570
186
8820
9663
5014
10841
6111
3742
7645
14919
717
7897
4737
903
285
12244
8236
4523
12287
11171
13136
11569
3535
14575
1220
5410
15950
6428
9800
11051
10336
13023
15285
11544
15171
7812
10503
12744
1259
11275
3004
8377
10496
14360
3374
6446
14915
2426
12501
6139
14702
5474
2826
5347
9231
14300
7146
7370
14341
2840
11873
7055
7427
14158
6196
12391
2745
12970
5648
11545
12829
9033
13130
8762
8938
6330
7436
5296
568
9925
6031
9380
4452
6018
4677
7999
11672
15939
5469
9573
7797
11548
8705
11617
1374
4709
2693
3529
961
15606
3271
9064
4947
8259
6495
14183
10936
15322
2863
6370
13521
15210
5088
12187
6739
5761
8603
5784
14287
12733
15949
15899
13664
736
1792
9879
12555
1725
9055
8932
15968
3145
11733
11352
2068
11518
4153
8126
11378
1417
8530
1545
443
10200
8514
2698
2076
1415
9420
6568
12065
8549
1353
13442
4706
367
1856
14616
3632
7130
2962
1599
13727
12616
7199
9416
1825
9192
9306
8077
553
15523
14855
1962
13189
4174
11274
15108
7312
153
3548
6096
5856
6781
1182
11630
12038
7419
9537
7541
14652
15920
8177
5297
14943
1393
7439
10165
6390
7099
12791
15548
1385
13174
10603
9903
14890
8020
13535
1280
1908
13398
9242
559
4184
4464
9771
13791
2682
1383
4319
14487
15004
13417
14605
11877
8776
12048
11315
11947
8350
14684
6985
5154
5787
14940
4838
11030
13869
7084
11903
4716
9881
637
14548
2893
997
14946
12014
4719
2921
14543
7642
1236
14423
9418
1985
8204
13935
3522
6680
7859
6875
3586
9889
14476
11593
13273
14436
5874
2733
10151
10334
11309
12620
14110
10361
8392
11118
15033
8901
8732
4442
4011
15456
3242
10634
15270
13191
6328
8014
6439
13428
4285
10390
1605
7644
1200
2685
1201
13711
9463
1431
7333
5644
3424
5582
10458
10470
7322
13974
4646
7217
8197
4473
1413
13501
14346
2352
15100
10571
10489
7627
4636
14281
7924
8155
9782
15370
6089
14694
2583
14773
1730
4429
13709
11340
4005
4669
3338
855
5975
4461
2593
5377
1436
10414
4888
9755
126
5291
9951
8067
4025
1735
9791
6712
2544
7173
6955
4156
13962
11898
14880
3368
2808
6879
15766
13334
12583
8727
3731
15415
15021
370
2052
15817
10832
6935
9097
10411
12200
3784
8972
10354
10485
5676
468
11374
13502
9737
12483
9174
1021
10285
521
9621
2350
5809
13731
8778
15921
4184
5729
7317
12717
15555
9546
5442
356
598
1210
7758
4896
5789
2897
956
4534
3899
2128
12693
6224
12575
5768
10840
2263
1241
12974
1946
2322
14526
1951
4116
14791
6043
3572
13713
6784
873
14686
12523
12752
12719
13409
4137
2279
10384
2701
4287
6607
15487
519
3490
5419
2423
4891
1969
7744
1198
2645
10998
217
8721
1858
1718
10265
13949
14391
7721
4472
5678
7654
10737
1885
94
5139
1240
2570
9548
412
10768
11703
14506
860
9153
12944
10727
6234
6736
9540
15127
14439
13852
12406
4820
6988
2121
7037
6571
10014
14906
9787
4102
14214
5789
14499
12399
15391
6280
15389
14688
6403
12425
12604
8136
2582
13795
716
10771
8522
15953
1629
6564
6450
11830
14735
4917
10601
4677
12231
13114
7204
10334
5282
293
746
2904
11886
5608
8496
5415
13527
531
9092
9200
13358
15860
5785
6289
5017
8527
9520
7706
9761
11750
10035
2151
2611
6182
1296
12770
7981
12405
9234
4467
11707
8962
12489
1907
12386
14943
4895
14403
2419
674
6469
11985
15744
1612
15377
14584
67
10090
1072
4006
14055
3891
14721
32
8544
13544
15083
1106
1590
8258
3681
10206
5548
15900
3966
2062
1693
13692
6976
2491
5814
3850
4829
9901
15451
10499
3326
247
4920
37
8928
13506
636
7899
2701
214
15479
593
30
9317
4645
10917
10412
143
1913
14678
11773
5332
7871
12094
2548
9122
12724
85
6119
11816
12508
936
9893
9110
12747
10202
11796
4980
13689
4790
10836
5537
11922
295
11988
8639
10880
5996
5297
3625
4609
3675
1445
10086
6714
10834
3117
5765
5031
5029
8232
3370
11738
15477
4625
12395
5925
8548
1842
7585
15246
8708
7667
3038
12213
2580
15368
4072
1930
1255
13799
15576
4934
13322
2707
15883
4453
12641
12346
7163
14275
14098
7416
5365
14925
11411
8677
11386
4853
1385
7378
1402
782
577
412
748
13944
11292
7640
7562
12143
10575
657
11743
11531
12282
5244
2891
6927
6093
1164
9950
1461
4566
1109
6032
4096
6309
4189
14731
4773
13854
10107
1783
1311
7424
2064
8946
13820
10011
11706
1987
9580
4093
9294
10140
6091
859
14303
4304
14226
9246
13174
281
2196
14884
11471
15285
380
3088
9444
8523
9237
2164
11876
3201
14527
8095
6407
7227
15199
3768
8404
12703
8573
6011
8014
13431
3345
11370
5019
8873
1894
5719
927
3465
7236
94
10035
2018
1305
11693
12624
3287
13649
11071
5535
12501
14603
14775
2985
7331
12213
14362
3790
11936
8083
15218
9940
11445
12852
7219
6399
8393
12488
6824
14916
14543
5100
3890
12033
234
4661
13767
12597
8493
1851
8497
3923
2804
1366
5614
4836
3252
10081
8947
5982
1927
1642
15750
9543
9526
6201
294
8868
10773
70
6945
8846
11114
12445
9397
14662
1500
9749
9626
14808
3531
5757
3561
2771
12386
12763
1143
8101
13697
4045
8459
12934
14160
12878
771
10717
10306
2617
3598
8073
11206
485
7997
7130
15877
7132
3147
458
8594
15957
12326
1759
1629
14540
5865
11402
6502
13331
15086
9554
7787
6167
1140
8890
7719
3456
9763
5872
271
11794
8210
1102
2212
6479
3949
5448
9316
446
9849
12438
5405
2709
1454
9058
84
1837
2689
11147
1226
13721
9229
5250
5392
12752
12810
10419
250
1782
9692
13525
3069
1728
8029
12172
12647
12169
12787
10823
10076
13677
12644
12743
12667
13388
3562
8956
9875
5200
6143
13443
14328
13362
5739
3254
9171
7161
9688
7531
13813
10734
15483
2456
13946
2276
6433
4682
9526
3312
3799
11487
13385
4614
4927
8371
9146
1839
3591
15605
8401
12937
10513
9874
1881
15499
14539
1853
5532
7411
3498
2558
2206
14933
13369
6723
14736
8
7049
4722
5392
11679
1470
3122
5573
5944
684
4203
4050
14654
8911
6605
15487
1009
11077
2656
7158
4545
6243
3619
13623
9754
11070
1718
9213
9577
4343
218
12431
9888
2609
5699
14902
6383
7261
1249
7995
7098
10229
6793
12867
2704
2819
226
700
6385
11566
14986
2293
9498
9340
1338
8586
8761
5548
249
14076
351
6962
12383
4062
2294
143
3736
13552
5969
7396
3066
7179
11829
2481
801
3579
1368
9596
14011
326
11278
281
151
730
5247
14289
14051
7410
3732
13518
4853
5794
10694
3607
12312
2868
4120
15289
14473
1978
13903
6765
1291
2979
6625
14479
10515
4421
13147
10920
14747
3439
4299
15972
1901
3757
12971
1157
271
10451
1749
7509
12868
10194
10894
8222
4583
1765
1965
2497
2584
141
2169
6228
9421
8390
12782
6897
11975
5418
2823
9147
11382
1250
7924
15100
10253
8200
8202
667
2416
8101
7770
12764
15494
4927
6103
4482
4510
11674
2668
11129
3565
3474
7513
11458
8418
14877
12199
2593
13901
11292
5007
4306
8906
2301
9857
11776
4289
11514
7106
14493
12337
389
6512
10385
1795
10552
7758
12346
15742
12348
12895
11572
14538
2384
7287
15616
866
13645
2449
2943
10547
11264
12317
9154
2767
10387
748
2813
8765
11795
7866
6098
13370
5183
10436
12080
4890
10091
15867
15249
9207
9583
848
10075
4665
3892
6430
7141
4571
569
8333
1814
8038
13828
15804
9278
8530
2694
15340
8826
7022
11808
14488
1602
14064
2975
12593
11092
13849
12969
3232
14406
9017
8915
6338
12524
5282
5257
2287
10376
5320
7891
7824
6998
13993
4717
10452
5518
12202
2677
14269
9208
14996
7468
319
8437
6334
13535
6096
11453
10454
2653
8976
1630
9504
5387
7094
6969
167
11559
14966
9885
14391
6533
9331
14834
149
12708
12522
8742
8849
628
13113
15499
3009
6735
2532
10508
716
881
3316
5789
951
15625
5229
10873
10772
10502
10807
12177
4845
14367
13315
2410
13395
11998
15530
6827
7093
10102
6092
3679
6414
13975
4157
10136
1449
12505
6927
4268
14620
3949
6860
4116
12627
5338
6916
5199
11346
13901
208
2830
13440
2116
5615
6231
11964
14852
15140
13194
2897
7
12396
2674
8509
11756
5305
3227
4775
7483
2691
10105
14670
15166
4451
4229
6456
908
14313
6810
10880
10251
7157
1797
6683
11219
11279
9739
8484
659
2432
621
2793
15976
4524
10624
12563
26
1132
15397
1817
2063
4255
2447
12164
9168
7057
12968
3945
10035
6878
2288
15596
14468
1687
15847
1173
5694
13526
8162
1425
11233
2502
9860
5668
1640
5209
240
8010
7393
11275
1846
15207
1647
5813
14604
801
4676
2707
186
6920
10860
7472
3098
12620
1123
3136
3716
3804
13792
3459
5396
14386
6261
14798
980
11724
3420
11789
11289
2257
13863
10486
9691
11423
7201
8319
7496
10803
6161
1209
11420
7773
10246
10990
13029
6937
7949
10574
14973
2318
5417
8527
988
2985
2419
8107
8102
1750
15473
15710
12588
11438
3971
6850
14184
3798
3695
14514
6611
1356
1635
1437
13522
3368
106
8930
1948
14843
330
13784
9296
377
10547
3326
2985
13376
14246
8707
798
13335
7850
3052
10640
1224
5890
8949
8109
14628
497
15687
9324
10929
4315
15109
15564
10098
4327
13805
5371
70
12614
17
2744
2550
13475
15877
8902
8798
1920
5071
13790
10463
9181
7840
7881
3256
3300
3009
10753
6235
8055
3808
14300
2659
12529
5390
5513
8083
7879
11701
10014
14513
12090
8076
11830
13378
9514
6641
2678
8877
9752
10422
15265
1356
2690
9529
3373
13229
1661
14974
15175
8339
3415
3385
12946
10153
10128
9868
10272
10007
11852
11160
4560
4698
1372
14379
1225
9459
2130
192
12817
4026
5410
8384
517
10643
2323
4999
7946
12666
548
6743
862
15173
2218
6762
9800
11761
3489
10268
14730
9568
4919
7848
9533
13565
5303
1804
6060
530
1044
2901
11554
14266
9923
15649
3270
14493
7292
426
10621
1062
8917
15852
12704
4352
15256
7369
15119
7955
13125
5221
11972
14785
14004
3224
2160
808
1594
955
3066
5198
10323
1973
12621
357
4342
1019
12639
9421
14494
12853
11851
835
11855
13093
6693
8856
5040
14462
2683
14150
13271
10943
14318
10284
1840
9139
8902
1550
15434
8354
5929
12975
8039
13239
7318
12786
12212
6618
9893
7433
2626
12412
11351
1652
9930
8164
9986
9078
12861
2855
9236
13227
4502
7241
3647
13276
11855
214
3692
12844
1403
8020
1854
4233
14567
13764
5474
12544
4697
5695
13141
15916
1059
13939
10487
8810
8788
8750
13788
14152
1146
14423
15997
2080
8523
1801
7525
11170
3104
2243
7742
9404
2655
9514
7011
9041
8886
12891
13089
10517
6326
5972
7223
12785
10979
9181
2127
7377
9198
3130
204
6713
3094
9659
4060
11295
8627
15981
15833
8893
6995
14614
1207
14766
5104
3858
5937
5759
12568
6228
12269
102
15529
2706
6476
8168
1689
8080
5080
9683
192
642
14431
1262
11390
7790
3375
6176
7529
1169
14441
6901
11219
3317
3562
11624
14387
15436
8441
8044
10612
646
6562
4593
14560
8003
14320
11414
8686
5612
360
12626
13151
7366
7204
6493
11601
10489
14655
13850
11958
10957
5265
13262
1322
6452
14068
10759
11360
1228
8021
15200
338
10785
14578
7292
14926
5028
396
8939
5524
4355
13850
2502
1151
6643
14125
7252
14953
12280
6247
5602
5486
7083
7187
9361
2958
2190
9041
1280
5579
13816
6520
7670
2642
11241
1328
9943
2907
12501
2239
10206
12753
13570
3400
1634
1815
4428
1457
2826
15922
8200
3100
15573
3604
4761
8624
13469
1258
10639
3648
1866
3765
12373
15867
12693
4321
6696
9969
4643
7851
2483
3154
3280
14413
2883
13504
5540
4639
5901
10713
301
1525
44
7074
12489
8006
1638
655
1268
10998
11284
1007
5423
6603
7024
2873
5711
2059
8410
14444
15608
13493
4261
14670
12687
2107
2335
5652
12087
6578
11712
113
13895
10008
7094
8078
4040
8632
79
7092
13354
10426
1587
2245
13201
7513
6489
6526
470
9232
6298
6055
5736
6186
11805
13333
5873
13112
8446
7245
15447
14074
8576
457
3230
14423
6734
6614
12469
6158
8867
4477
7541
7700
14673
6383
11746
13340
7799
13328
14661
6222
6086
11501
7638
9338
6074
1421
2851
2478
8023
11606
4519
7480
2321
2365
12295
7559
4302
14295
821
248
4406
11489
10554
11245
3134
13704
986
8101
5158
5871
4381
7359
14547
13066
9698
7701
4740
14653
15326
2461
13050
414
8122
10781
2615
6639
3873
4114
12749
707
9281
115
2030
9529
9828
3493
8105
10846
7344
3282
12046
10626
821
1170
13881
4695
15397
15214
3838
14917
6189
4572
8710
10241
15880
4204
8253
10902
5092
12234
4092
7321
8813
387
13733
8620
10155
6495
14079
6255
7100
14584
9160
1847
11814
11378
3583
12791
14951
1750
7752
5777
11581
1327
5816
14882
11158
15426
953
6487
15541
3322
11762
11881
11951
12979
1195
12141
9010
7535
12614
2173
1624
10704
10138
13071
1716
12380
15234
7300
9754
15547
4905
11489
5667
11190
3463
5923
2557
4861
15668
11427
8087
12517
1714
12851
12168
4669
1150
5980
11293
8868
3395
15490
7738
13530
9320
9578
9778
3247
924
9525
13209
14133
3264
10880
4549
9279
1408
5845
12179
9542
9566
9196
6138
6916
506
2248
9770
4351
148
13818
6125
12578
13353
15940
12817
4078
1218
6767
15530
14584
10578
11820
10445
4256
14295
15337
273
4206
1687
12195
14798
1270
1288
10519
10649
15462
4040
8524
6534
5916
4979
8720
7415
14312
14983
11498
9883
2102
3041
2650
10990
15132
6882
13870
15101
6623
15187
15247
8346
3224
1445
5067
14740
6584
10977
13129
7273
948
8200
2197
15438
10744
2434
2836
12749
4317
1684
13488
278
996
4770
7608
8331
9179
2155
15522
5645
8035
10543
9505
9188
15604
12962
1041
11188
10823
5396
2709
12475
8697
15246
7093
4578
8333
10672
10238
15500
6763
14045
12696
15715
1895
9772
8019
12401
5848
1194
12936
8685
11975
13853
4530
3988
6838
2401
13927
13207
2079
14142
13673
3636
10260
9764
2911
12501
1445
10483
8092
4821
1399
14053
13849
1001
8115
6398
11623
2166
10167
13142
13172
14143
1916
4484
13100
13620
5558
4027
650
9391
1114
6302
8135
3890
15273
3364
14384
4520
10035
498
10209
6449
4442
11801
11076
10243
2283
11297
15180
7757
14110
6397
4667
5184
4021
15126
14342
8198
15672
6401
9375
9250
13129
8173
6101
9628
2231
14554
15084
15540
3116
15303
10377
10135
8184
1643
13311
11441
5657
6949
2492
186
4686
12443
7231
11804
4373
14617
1518
7135
6488
6356
14844
8337
14325
2314
13350
7868
1121
6835
9775
11438
1674
5573
14607
8339
15549
5499
11605
8866
9691
36
11195
12973
5456
13776
3979
15872
8443
10454
11576
10994
10864
1946
3348
4755
7789
770
13673
11194
9842
3546
14042
5409
12991
14658
9878
15749
6450
13922
15727
1820
15298
5817
10428
50
5752
5292
14577
2979
4059
9389
6561
9673
10354
41
7932
6676
10062
15592
15321
13075
14606
11830
9518
6318
4460
7971
13200
7851
10191
12938
13626
15030
9244
11846
84
2752
3960
7781
14722
24
6231
11123
12153
15729
3387
14868
13839
12283
1981
7965
7323
7505
8661
8805
11862
4822
2062
11819
9914
7041
1309
15256
13482
2923
12810
285
3891
7548
2292
4118
1952
6622
897
8349
4872
6423
3268
10611
10079
7039
4098
5372
76
6470
5373
12908
4133
8389
2019
13569
2539
14007
10258
1939
14433
12649
6400
5065
471
5939
10972
3173
3109
6100
3406
10643
981
2753
9461
2080
8201
14456
3979
5989
15325
1858
9170
13869
6462
14825
10616
216
8344
10894
8546
12677
9858
9468
3818
12732
10102
9061
9386
7786
268
12035
6817
7511
5113
231
2625
15027
6633
13792
2083
10422
14681
5909
14989
10701
1198
12833
454
4840
12055
4282
1576
12087
5300
9628
3859
14622
7086
6769
1467
2608
13874
4143
6124
14807
9308
114
2311
4077
11689
4575
4509
2074
14321
10200
7320
3803
977
8286
11333
531
7965
2617
2063
6334
7817
5837
13687
6347
13823
9844
5993
4652
6595
4840
15721
10178
1588
9575
15562
13545
11347
1237
14845
15369
9345
11086
1988
2458
9250
4095
15696
8822
6056
9707
652
4652
9828
7219
10538
10208
7534
357
2965
2852
3127
8262
2076
11384
10038
12764
13848
15834
1076
13759
14542
15944
5025
6029
2029
13588
13558
11186
9362
4051
8875
15872
4810
4980
5015
9345
3610
6271
14239
6415
8311
13262
8675
8659
10576
2455
6424
7361
9708
7026
7293
13591
5330
9349
3790
2735
7674
13668
14386
9710
2038
11409
12950
3272
5345
10864
7938
10188
3727
1208
6811
9765
1709
4507
11720
5763
3202
6905
3398
7177
7907
9295
512
12689
7819
11558
434
5240
5799
12158
4241
3413
5467
13163
1514
9847
5609
3081
6154
2224
7896
5011
13314
8960
2906
3570
11716
1051
4691
6579
3377
11081
2034
2529
4714
8547
8668
2739
3575
7208
8614
12215
10872
11056
8849
14503
898
14116
5813
8682
260
12770
11332
5424
6158
15792
4924
57
5222
2470
14230
5273
6208
10665
12829
13287
652
8914
4843
13524
4217
2648
12147
2696
9817
11903
15820
1948
1730
3251
5477
8418
6904
14346
8802
3192
14621
10572
14863
14108
3285
827
8737
14723
5895
10691
9548
3255
241
11168
15709
9766
12394
534
7789
12061
3090
11177
1248
9001
4060
2857
10849
3053
4428
8521
14360
69
15415
7584
11320
143
4621
8738
6255
15597
1055
144
4393
599
10491
4352
1142
10692
15407
6134
11660
11278
308
5508
6326
11322
3684
11802
15890
14446
10694
11525
12593
15616
6589
12474
9812
4041
6645
3891
12289
15123
9835
3394
9314
174
7342
9380
10210
9324
11614
7304
15781
14993
9070
13344
14056
479
4518
2272
8194
4169
9365
15599
14309
15156
4432
4158
9237
191
10247
149
15166
200
5782
2100
7439
3972
12465
1329
12415
10863
3104
9324
7711
15148
10286
10811
3440
12853
15195
6005
15368
461
5200
15890
1775
10507
3399
7145
13333
3839
6029
14441
10341
5462
9441
3118
4203
3355
1932
3042
5195
14029
1903
2049
705
4959
15268
10809
10047
1150
5968
11695
6976
9260
8600
6071
11874
14416
34
95
1117
12365
15761
10513
3100
450
3560
2803
12578
10733
2397
10619
9522
6558
6402
837
12442
8556
11954
13122
3238
5060
4009
9879
11513
4184
1162
7901
8484
5183
9180
1371
11150
13510
15933
11301
9815
3967
14828
9488
8012
11973
6426
1173
395
45
12904
3512
3957
7608
4584
10676
1537
15654
5558
14680
14420
13712
3231
3038
6460
12800
6659
9052
13583
1072
3987
6385
9265
7102
8671
6117
6047
8875
5978
7430
12677
6916
2080
9164
2638
3013
1614
9465
5774
14985
1491
1797
13217
13082
7958
4797
14115
66
46
11931
14112
12395
8452
3558
2637
1567
10401
13382
11651
10809
3704
11415
9897
10798
996
13554
14318
14881
784
11
427
13495
1961
4942
6544
8013
3416
3959
3049
5581
3012
15120
14867
1963
5184
3268
2418
3625
10601
12248
353
9901
2846
6782
1638
321
7591
6402
6445
15369
7306
9510
6363
12812
15636
4577
9881
8000
8246
10741
7630
10201
9438
74
9773
12821
12952
14688
4148
4690
9893
3770
4309
11986
5292
5796
15544
2928
12545
9876
15060
5256
2953
5174
13159
7698
8521
12452
4004
13190
1705
5996
1722
9087
5549
8798
5268
15554
14238
9827
2332
5173
7185
8185
15855
7376
6916
4880
12993
5425
5246
8490
3804
585
15775
8534
8529
9754
13111
14452
14308
2880
2097
4796
10438
13836
15044
2531
7205
1726
3076
4938
1362
5789
12194
2757
11479
404
1756
14694
12347
4255
424
5718
9681
9594
3084
3644
632
14142
4575
9006
2059
4080
10421
7699
11325
12710
12668
15378
12268
6970
12423
972
8384
14041
5095
8373
12052
4082
3002
11568
10162
5710
9645
12490
7227
4412
14434
12348
11457
1899
2233
5907
9250
11034
9261
1403
3663
14005
12476
10331
4551
5137
5525
14327
11242
13159
1559
4229
3567
5243
4045
4001
2993
12604
10036
6959
1772
4312
5288
13089
13070
8203
7953
15162
8463
14745
6678
12669
11181
15633
673
11257
1500
5622
15201
5440
1906
14064
2242
15499
1565
6006
5255
15651
14205
10236
2128
6155
11477
8505
2622
751
10682
15948
14139
11688
7035
8261
11661
11594
15507
7985
9403
9157
1348
1253
8489
5024
13363
13769
8679
1091
4446
1087
1392
15607
1675
5668
10862
2536
6504
1894
4185
9224
14667
6438
14268
3281
9144
5445
7796
15635
2059
10024
15594
6925
1046
4310
5683
670
2384
2978
3073
15792
4209
11668
4028
11906
14779
10946
6135
2193
4359
3126
11916
9743
15371
7032
5045
8895
327
9279
4834
14386
14410
7992
9562
15975
13877
15725
14579
15558
8351
5224
15986
10163
3871
5483
10951
12539
7495
8140
5025
14107
11901
5609
14278
9647
7177
13456
10611
2349
11647
10345
15408
9932
1680
15154
11895
15663
109
10012
8863
13246
10533
8382
2076
3518
3599
9182
14714
10258
6111
2159
13944
10310
1330
2042
5373
8057
11833
9698
15120
10180
12569
2457
5
3807
5928
1503
7442
610
13573
3557
1941
11259
8232
15174
2165
7402
9031
11814
8589
2778
12431
11449
12365
12992
1817
3256
14245
15136
2150
2947
12070
475
10790
11120
4016
13267
12376
1602
2306
8776
7632
3966
8356
14825
968
2157
10431
3549
5261
13270
14287
11414
4886
10394
9667
4080
9433
6368
1287
7701
3624
6459
12284
4509
8907
12454
11254
10892
9483
6946
11309
5138
14430
11213
15939
802
2633
7866
7256
10092
1303
1543
9695
13259
9776
8976
8529
1764
9549
5769
10611
2951
1306
12336
8836
3351
1421
12792
7164
6257
8463
1106
3351
6200
5677
2685
15956
8
23
11637
13238
4962
6119
9572
237
12371
11099
9604
5199
14958
11081
5209
10107
7232
15727
2409
11236
8889
4974
12075
8779
4027
5629
1163
3546
7833
2873
15773
13531
7164
5836
12628
1606
9830
1786
5831
7677
15065
5708
7377
11272
13476
770
6151
2519
7613
13026
14175
4104
81
3788
5449
2736
7301
15607
10447
5798
1136
273
12209
1516
1989
5242
4139
1417
3731
14117
14887
6479
825
11161
393
535
7524
8629
2540
6551
15931
5093
13914
3293
2652
11966
4540
1488
11342
12522
14860
5807
6847
13758
1203
4894
5021
14154
2363
11582
7372
12604
4127
4960
8075
988
2292
8999
11260
1305
9605
12452
7688
14746
10739
3309
7416
12801
4389
4183
13481
5134
2941
13117
6253
111
8080
15120
8917
13532
2173
15019
9336
9060
8287
8972
9856
3560
11918
13
3784
15177
10199
15347
15846
8546
15489
10006
6481
15426
328
5810
14682
210
15190
11924
12656
9896
10351
7471
8378
5495
14795
7679
14165
1246
11880
9999
5182
13460
7836
7995
798
1809
11471
3033
7870
8819
15844
10404
1669
6262
6640
628
4675
12282
1662
12130
8167
1502
8059
9388
2180
11771
4141
1795
9598
14582
12178
6139
12514
11310
4170
14862
10375
15171
724
9809
6882
14156
14582
11395
11199
10343
13584
15613
3880
2686
2540
11858
13093
10616
15368
13359
8807
1477
11881
14963
12261
2656
8642
13824
3469
350
9636
4871
13823
11437
2712
8809
2610
13749
10383
8197
9895
10298
7698
1946
9241
12178
14372
5158
15792
2528
4117
10719
10776
929
9707
15578
5657
529
1098
1113
15511
9834
4396
7946
6268
2765
6798
12634
14914
2580
3317
630
9051
739
6748
2842
3984
12068
13430
15002
7476
199
5060
12302
7625
12321
1069
5772
5130
9716
7040
12780
7643
1733
4294
962
4907
8802
5378
4779
2787
5990
14517
7815
13457
15075
4492
4919
13196
6482
7353
1680
12792
13033
10900
9427
4948
3164
4843
3731
4378
10213
15520
3717
7075
2198
11461
3450
4721
8840
225
2085
2358
4892
3252
4034
1744
8287
8794
14853
5494
10617
3710
12617
12361
14793
1685
15838
4180
8114
9141
9225
1675
2019
2791
11962
6081
3788
3094
7210
6108
8002
8770
202
3442
12714
2809
5195
13370
9538
11606
9832
14323
1347
14386
6417
2196
13324
12918
15065
1671
11493
3101
320
3864
9393
541
9787
3215
10992
1289
3791
512
12255
10645
3101
6903
3287
757
11990
216
1461
15483
2366
6530
7683
4026
6189
4190
11506
5318
12011
6137
5733
9838
4854
15313
12694
5725
71
4527
15503
9599
11566
1041
14589
3724
15359
15268
3285
2855
2494
10392
15413
4235
378
9730
4711
12614
4418
10122
8189
1423
6533
1693
14778
15305
1079
9251
6987
1560
3272
3866
9546
13105
4192
10584
1366
4127
6167
8229
8949
6906
8645
5361
15827
5194
13787
7387
2771
7090
1271
8170
6241
15318
15890
10971
3177
2980
13604
8343
8776
4950
2887
13621
12451
12221
9072
4640
4847
9630
5167
11422
5809
14511
2578
14464
3473
13178
14289
12387
6784
2224
7477
13203
907
12034
4854
410
14149
13215
11277
758
7828
6308
3750
15620
12596
6338
12522
788
11576
12601
14591
9927
2008
11986
1227
12381
4428
10732
1961
15801
10059
10048
8569
10982
5680
8858
3244
3972
6560
8991
5407
3876
9641
6014
7916
15976
14083
8548
13147
9930
9330
2632
10938
78
4359
4523
8971
8535
2427
11842
11784
6663
10311
2912
4247
2469
11318
10274
3326
4723
13921
14121
6517
3871
15433
11204
15885
14451
10161
1555
262
5213
7483
9719
12970
1230
14172
9065
9690
10200
14875
4089
4970
10760
3077
10897
12877
10224
10781
12738
10239
9882
15620
4337
9430
2636
3171
6233
3975
10762
7983
6219
12848
6485
2831
11558
7026
11011
15790
9825
844
2975
327
11381
4543
12576
7041
414
859
8864
5197
879
13705
2541
6647
14389
6261
2036
8227
8529
1544
9089
4900
6318
978
2823
13197
12291
11894
7267
4994
1428
14195
13505
644
5239
7302
12831
5826
7899
248
10306
10135
14138
11444
14265
1259
8373
2895
10637
14199
2600
9081
5056
14574
7759
573
11410
14965
9849
8137
15982
9401
10031
5831
15453
1278
11787
15228
13131
7877
9574
11449
7863
5243
15054
15904
12524
91
9471
2135
10557
5099
10747
9698
7976
14470
5367
12152
15078
13917
13381
9870
1305
2341
11644
5678
13816
9115
9623
5542
11305
432
12110
14562
5633
858
3509
12169
6910
15799
13822
14251
14729
14942
2987
15982
3990
8278
1632
2891
11669
203
10909
1316
2689
11188
8719
6848
12567
6389
14570
6183
276
372
6
13631
9209
8895
2866
13120
5356
9162
7778
12726
10411
14590
8719
15406
12420
9270
10092
1671
7317
11297
8966
4968
2572
262
11971
13484
6095
7929
5817
1456
6987
5907
7784
1480
10891
4897
10586
13270
1839
6920
6004
10495
2427
2129
15071
2331
13601
5910
9853
13838
7635
8155
15759
15258
15350
2355
9910
462
7721
9970
1864
4623
8169
15487
3950
10059
581
15373
2986
3738
5223
3122
8904
2094
3750
12761
215
5388
297
11387
9382
5091
2346
4056
1776
8418
1037
14663
1703
8460
3233
11215
10664
5449
13642
15087
11137
5298
5808
7715
3095
11289
8467
3165
5996
11202
13927
3472
5029
8801
5355
10739
7765
2884
2361
183
6004
12251
944
8783
8275
2360
2888
10483
8202
10186
2710
7834
10488
2244
2471
10045
5568
1168
7663
11162
6905
5620
9773
3150
3974
11335
8885
3227
2653
8671
5679
5865
15685
4081
7095
13954
2582
2859
4650
7403
5856
13711
5985
4257
13478
7209
8562
893
3605
4190
6659
9499
2283
7417
8108
3934
8422
12592
1862
1629
9045
11116
13342
414
15755
6807
3885
7761
3304
726
2533
443
15375
8916
3548
7363
14853
6400
2027
2042
7693
13497
13467
15948
10402
3694
196
9685
213
14969
13941
3607
1249
1521
6766
2675
7491
10510
13206
14351
11221
6213
11676
2441
9509
4125
842
9503
1894
3193
14032
11114
14201
14627
9315
12207
14345
6363
15277
10922
13340
7406
7430
7098
7132
6377
11897
1351
12769
15428
12581
1232
7234
388
15336
15935
6025
9452
2154
6984
14536
12765
15360
3480
13290
13962
12635
12499
2772
8073
11577
11363
5596
12032
440
3312
7869
1857
7739
1444
13524
12327
2942
11703
14199
11313
15960
9223
15149
5261
652
11460
4778
960
4650
12613
14772
8881
15128
18
11500
6095
9133
9208
11628
13060
8464
13465
15152
10404
3275
8726
3726
15814
13158
5712
283
13928
3579
1433
843
13150
11863
4470
6610
1927
3809
4428
3474
9277
14908
417
13096
9557
11488
4863
6473
13797
11059
14196
11357
4665
6814
277
13959
3895
4515
1619
13904
324
12783
10413
7126
13240
11075
5588
748
4163
7842
12026
13842
7615
6753
14403
12878
3449
9886
14422
1472
5715
3487
10094
3385
11052
5677
9937
5850
12150
15998
6181
869
13063
11488
9144
12364
15825
7465
2952
10610
9749
265
10745
7638
3456
10852
13446
10649
15283
11772
8836
9575
9661
1050
2756
4486
8155
11871
15158
8685
6649
7877
14584
8717
14840
14617
8215
11135
4191
11086
775
4113
4169
11246
741
10877
11470
4070
6511
11475
10226
2723
6485
10985
6297
17
13250
15202
7177
1628
15316
1434
8366
14688
4776
6958
5436
11739
7505
9064
2145
717
11553
11994
12625
4104
3487
3464
13314
4839
5720
8032
14268
1312
8045
5423
2477
10523
6380
9325
2081
1388
8550
2182
15007
4932
10840
14612
619
10650
3217
9689
9001
136
9279
3510
4045
11495
8206
12502
1387
11246
9039
9094
13940
13387
8026
2923
9238
12480
8932
4757
6400
4066
4243
9085
15558
15798
4249
7455
11132
8424
12633
1921
7208
369
2944
7051
8432
836
11565
12347
9831
10232
3051
10711
887
934
4155
6759
11114
6178
1385
6714
11374
474
3543
12301
14719
9616
76
10161
13629
6129
12563
11196
15622
15972
612
13407
3478
5901
9709
11814
6068
10091
5123
9653
14513
11937
4884
4838
1845
9256
5153
5598
3444
2575
1241
9340
13842
8604
8797
14034
1006
775
6452
1681
11839
15308
1236
760
11704
4004
13941
14498
2001
2738
1791
2449
10007
11246
10639
9031
5411
4355
13805
366
8274
1709
3571
5710
15651
9457
9630
15849
1070
1912
1218
10867
15132
7040
7780
11492
9361
13915
15647
8867
4219
3292
13796
221
14900
5537
8382
2543
478
2564
493
4992
5747
1115
8128
9713
664
189
873
8226
4861
12374
1199
12283
12851
5284
9579
3624
6348
2491
1173
13781
13980
8586
14684
6432
10227
8792
15851
14080
9484
9753
15711
9322
10494
14102
1643
2424
1306
3025
14333
868
4993
8089
9662
11768
15137
7077
10833
6931
12480
12931
4083
3014
8671
10358
4450
14159
15270
4486
7789
3333
8783
13112
14365
2605
6123
910
13548
10178
82
14087
4656
11037
6416
10176
5197
3306
12406
59
883
5519
15345
7013
4887
2747
9142
7395
5354
5148
9728
6791
14521
13805
5661
15366
510
11386
14845
5812
10277
12595
661
12998
896
1444
14464
12973
15621
11954
13069
9853
11384
12242
3472
323
10983
15636
4436
6518
14997
12412
15144
15723
1355
3841
3119
9570
2546
15816
5869
12613
7323
3527
3249
14870
1353
15240
15574
6136
4541
15018
5182
10196
9093
1599
12737
10996
10001
120
2728
1389
8073
13660
14852
11751
6581
6872
2645
5408
10517
11797
4073
13303
2369
3578
8001
11385
11886
5549
1232
3792
10405
14607
8660
3262
15650
9435
519
8185
13849
14610
6677
10525
3206
12617
4741
3799
101
4364
15761
15366
149
1346
15164
385
151
10911
8267
72
8697
63
10865
8781
2291
7884
15232
4228
10806
6748
7168
115
10332
640
12282
3853
5583
4633
11291
4626
13365
13459
8853
10745
4197
9903
10623
5456
2360
2336
4075
14558
7032
13815
9792
1261
14799
1164
12755
12501
14807
5970
15773
12607
9841
15912
12575
5730
6461
6628
1430
8269
2522
13504
9160
14281
333
14861
4054
3989
6529
9489
7345
13291
2783
483
10599
3463
1442
7075
14590
11861
2463
12529
15156
7920
3876
11039
4172
6294
7346
12263
11311
11985
4383
11580
14372
8952
1251
11495
6730
1930
7677
13967
1164
5538
14815
10801
14253
3524
13177
2060
3356
46
1529
6155
405
12203
12827
8915
6059
8939
3622
5
4032
10157
5594
7535
3791
4089
7920
564
3819
15081
1225
8508
6301
13728
2431
6507
2761
4204
15147
14799
1267
12219
12643
1223
118
10310
15240
2716
2782
6241
2416
14482
6690
6222
7423
12612
14625
9823
12892
409
10944
9677
4032
13250
4788
11137
1244
8163
3368
12265
6186
2332
1094
10337
5990
13179
8666
2592
4310
1226
5544
2276
3598
11688
3062
3826
11990
5211
2021
12339
5422
11544
10887
1318
5453
13141
3626
14484
4849
13161
12454
13475
3949
398
1307
15575
14435
7897
5056
46
7833
13172
14160
8646
14367
11238
1124
12352
10089
2747
3588
10700
13841
11063
10418
6917
8806
5299
5940
15772
6704
11988
592
14658
6509
8496
1873
2070
12805
4894
8136
9032
10716
3394
15425
12600
15167
390
4216
2038
12134
3957
12661
14602
15051
13786
9254
8611
5349
5954
8553
9116
6179
4022
15323
10464
9671
6096
3541
10813
9612
13913
5442
5321
15380
11843
8587
11650
419
10214
3045
8132
5794
14894
7469
2847
10965
14656
6699
8487
10319
678
1603
4423
9441
5268
4468
5386
5038
13757
7493
15766
14839
3034
14793
11122
14944
1718
10157
7541
12718
2543
6530
8903
6899
7160
14774
13899
13176
10804
6004
13266
66
12642
748
9427
7923
10432
7506
5825
10773
14454
131
9894
15537
13216
14275
2349
12086
3000
2331
2167
11618
13752
774
7828
8600
7499
14446
10371
11300
4934
11962
8215
613
1046
2175
6138
8596
5661
4699
6344
13722
6942
3330
7993
402
2215
13525
12003
6244
8833
7179
15229
12109
15667
12201
10048
2504
9209
12442
1007
1853
3389
8797
13517
3555
11709
11665
5402
9892
1445
5120
6215
5793
2323
8192
13147
4980
3164
12003
13085
7128
8780
14130
7882
8957
1031
1857
15588
3974
14664
1068
14220
1454
1982
9618
385
9801
10025
9038
10763
13846
12902
7402
13470
246
5088
11928
3965
4837
4633
5398
7749
9308
15051
3064
12179
8671
12116
699
15880
15391
12855
1323
274
5911
6185
2878
1388
6245
15890
352
13701
14827
5739
10530
908
13203
7368
11297
8412
8762
14660
10785
13352
5137
6330
8003
7703
8071
1650
7445
10515
13808
13199
3967
12430
1276
3363
5030
6723
11703
11202
7008
2247
11320
11632
3828
7077
6904
2533
15982
15093
14217
14280
2416
5768
3263
4019
6458
819
6746
2564
11280
14127
15859
1048
15993
14334
15875
5518
6628
13735
15995
13281
15853
9634
12387
2776
14661
8043
6384
13961
4514
3997
4278
15364
6517
8099
2577
11472
2639
4087
5239
6936
9802
11483
4757
1506
2645
11116
9744
4402
13718
15992
9664
8791
372
7218
12900
9190
5252
1028
5166
8896
4343
1398
14998
5255
13339
15802
13137
7872
15973
5330
1037
8417
416
15108
11049
11083
708
4611
12252
15645
10113
9345
15539
1781
15576
534
1004
15800
2474
4865
8498
8135
3095
11678
13238
1089
8009
3182
13524
12158
4179
12251
2741
9102
274
7974
2557
4187
9737
5619
4868
12839
5432
15645
8652
9074
11512
5198
1769
6811
12999
12580
12227
7233
12412
9986
7596
8615
203
10432
11102
3428
2358
6346
13439
4176
14361
2544
5540
6765
4004
6368
5777
14676
14000
2872
12631
6692
417
9623
3364
11721
3982
358
5668
6060
3623
12432
15983
2889
8694
10015
541
7095
15294
3413
8795
11841
2466
10171
4820
7831
2566
10592
15833
15916
5318
834
15502
4170
3809
11042
6564
4452
10297
1601
2582
11685
7862
14213
6750
3558
2596
8002
823
3431
3585
415
15859
3840
474
14093
11249
1432
200
3835
7423
693
9435
325
4725
1792
11795
13667
1433
11673
3765
3578
14957
11035
13989
9102
922
6434
13922
2256
651
14257
14741
14008
12958
5155
2608
7789
3073
11548
3029
3152
14457
994
15636
14644
10415
11123
6803
6657
6189
3616
14606
167
8358
11577
4090
13538
1564
11558
1828
3539
6780
2196
4531
9190
10604
6272
6850
14349
8291
5787
2832
3702
8268
7059
12719
4241
6546
410
2715
13229
6505
12175
10201
696
1975
6715
2507
439
23
10481
8169
4609
6682
2665
10966
10944
2328
1116
13521
661
13179
10573
8775
15172
15307
10521
11761
6583
10210
11184
5286
6589
2467
13491
12032
7637
2249
12375
8339
12882
11769
14761
2664
12847
7618
1015
10890
3785
3242
2183
4587
11686
4547
6820
11027
1263
15431
2015
13354
3534
828
7044
8316
3028
12037
9641
1845
10440
8773
11989
10101
10466
6259
5779
8232
11563
8173
5601
7287
13614
12686
3789
6487
3097
7167
6433
7344
6442
13175
13197
12475
833
498
10905
11721
9799
4830
11155
2426
2540
4005
13257
10971
7814
6288
5472
10369
1141
4191
1596
1050
3170
9908
3217
11153
11533
5603
5754
3800
14748
6629
7578
5766
6025
810
14446
1030
6309
7439
261
7351
3722
5355
4377
11801
603
10311
11911
14866
8802
6462
14643
11138
2540
3694
1591
6540
2337
13751
2821
11408
14823
5028
1330
9638
10195
6289
13335
12276
5316
10335
145
1821
129
2441
5486
14733
8300
11622
1078
11225
1296
13030
8336
742
11570
14233
15888
12906
11399
6955
15764
15331
13481
2188
6488
13026
6551
5968
6975
4769
10729
15770
1090
8525
8829
13156
165
11688
9503
13381
7208
6003
671
15688
9090
7216
6883
2647
10031
13344
11625
4674
4651
11876
13745
9716
15546
6303
12815
1089
13756
8205
1291
2881
8316
10916
629
8835
493
8110
8545
1023
9045
1918
9610
14055
2737
13913
10106
13251
12011
12039
12500
4712
4266
1195
9869
1805
14111
1651
9741
1122
8611
12083
10393
424
10527
5897
11774
2711
5842
11581
12837
10113
319
3332
3123
12721
7757
8344
14104
404
9402
7120
12771
7459
3970
13246
12623
13258
4344
7056
5251
4303
4151
11011
6026
9966
12069
5049
8251
15134
6035
1593
3188
1992
11405
1416
4088
10460
13719
8927
12547
4078
14771
6542
13775
4640
3024
11119
13278
1954
3009
6013
9566
11277
12630
3482
9231
195
10292
13178
7093
6820
6784
14200
6269
9210
3211
11075
4019
2496
13019
1336
12015
10380
14158
8186
10025
2750
14876
1487
13638
6975
1855
13974
700
12841
2327
14364
2036
10872
4874
6623
11226
1971
3544
6704
13567
2983
3167
5769
14763
1940
5587
10960
10838
9036
3287
9903
11570
8146
1066
4954
4659
6938
5135
7996
15600
9274
14446
11772
3481
1380
14734
10092
3261
6866
7044
1142
1402
1592
8259
5020
3992
9115
3007
10275
11359
8728
7541
11472
14185
14331
6556
8945
4652
9704
9920
13794
12909
13133
13760
1232
13242
3196
8455
4250
11706
6383
11212
7996
14156
13500
833
3675
800
3036
6220
7190
10936
9652
7811
7260
12038
12193
11301
3253
4595
13077
12903
13076
14682
1911
13881
15459
682
15870
8718
7487
15366
11696
11235
14238
9768
2427
2945
1856
4395
5618
7316
10905
10697
10002
3221
900
13977
1477
6403
8447
12718
7475
1464
11117
5345
6271
11283
11216
4025
206
14098
542
9952
5278
1218
8563
4450
9757
12351
12960
7241
7846
14291
5629
5587
14094
12870
8030
8670
1695
4116
15041
6182
791
10450
7556
15740
12226
7265
4461
5699
6742
52
10678
3324
12551
12362
10941
13526
2436
13107
4218
967
14720
13449
12750
8012
8320
5167
5936
5219
1498
6771
8407
9004
498
1173
3142
2216
14611
11114
14747
10985
14035
255
3938
11230
3093
5789
8370
8461
1888
12609
4630
10301
5780
10973
2361
15546
10486
1372
1738
13185
3530
15858
1755
13864
3042
4232
4424
3040
2619
5555
6485
2047
3256
13131
15594
12116
6360
10294
9010
1856
4000
6310
5543
1663
10783
4215
1715
5719
14453
1400
6938
14040
14580
3945
10172
5303
3436
8761
14147
12849
11358
5404
7190
3597
3099
1446
9251
12083
4170
7508
15608
12510
816
8660
3825
8724
687
11149
9324
6355
3735
10799
9847
7981
12081
4921
13917
15478
1108
1072
8508
15684
8934
2661
1029
620
1981
38
13061
10557
7928
4369
10014
3270
1045
5315
4461
12454
2089
277
4287
3325
2039
3435
6644
8029
3931
9089
305
137
13714
477
9755
13091
2874
14344
5577
6973
5316
7972
11739
3467
11017
12198
861
13249
11261
12047
2366
6589
558
7577
11175
5729
3659
4700
1212
14593
13483
15146
13921
12346
13483
15353
9520
15047
13080
7584
10464
5461
14304
11159
11177
12989
14561
14883
3683
858
3346
13788
13890
14884
4492
243
8686
14618
8540
8596
15647
9554
11208
1867
7298
14583
3617
10632
905
4531
7440
6403
5491
853
3222
1840
9191
2975
6728
2947
7591
12184
11891
11916
14005
14973
14905
15366
13463
231
13062
14265
4206
6727
6855
12976
6513
2961
5612
3153
12901
10123
6695
1661
3039
2609
12096
1549
1241
8613
7812
9448
1312
9023
7450
7530
6321
5948
9721
9339
15141
10107
320
12844
1396
7631
13817
673
4094
13985
4036
6614
4924
6676
242
997
4186
896
8652
760
6642
1694
4634
2445
14206
13787
9002
14389
463
15027
6551
11088
13696
13672
1770
9215
15649
5849
10877
15061
13308
2993
5738
6814
11280
12373
9864
10684
1334
841
9501
3401
630
2096
3955
3981
7173
561
2860
4538
5920
208
1496
15411
15118
3126
3893
5060
3840
