6626
368
3804
2833
4763
177
1865
847
5853
4103
7265
5173
7122
4572
6512
4126
4112
3003
3103
2326
321
1546
4900
1766
422
683
4854
3336
5323
3412
3158
4881
4956
2366
1919
1045
4022
2280
1700
4424
4662
1052
1624
4295
3811
1336
1464
3331
2570
5813
2248
3071
2118
720
4589
1706
7337
180
406
5399
847
7246
3038
2884
3211
5468
273
1340
3961
615
2905
6948
2329
6615
3414
5788
6718
5860
4943
1562
5010
3457
5232
5369
3761
14
5036
3957
3113
5801
2470
5773
6504
3425
5896
424
4420
1368
3544
5191
2697
2502
6685
5702
3892
265
2340
466
2276
6958
625
59
3407
1475
2711
4549
4429
4954
4308
6730
6070
2209
7185
639
2737
6031
5103
3559
5003
4825
6220
7462
6699
4242
2809
5302
2001
5041
6439
2212
2469
4405
504
2404
3495
41
4247
6016
4215
6175
5921
3905
5227
4698
3947
5223
5959
3037
1846
3228
1404
1979
1294
4103
420
5187
2859
3194
1077
5462
4226
1569
5772
7306
417
4982
7446
5297
3909
912
1511
3882
642
487
6367
7058
3307
1383
5182
6033
882
525
3578
6444
6774
7413
2639
1775
7275
7472
1983
467
7366
5124
3119
705
6999
834
1450
4060
1581
2927
6128
3152
634
3330
3866
7300
2788
5602
2634
4807
4733
4861
4862
7166
339
2798
3992
5526
5430
3833
4400
41
469
5097
5535
1924
6166
1133
2922
5050
5286
5025
4329
1193
5711
6129
70
982
3264
3849
2860
256
24
6026
6099
5553
1677
4917
1103
5357
302
7094
2260
4328
3918
2917
261
1771
4480
3609
1098
4285
2462
5146
4564
4345
1097
686
139
5642
6543
4528
7052
3863
6772
5149
3620
7056
2997
3265
3463
349
6046
6505
1587
5354
1838
3658
6953
5473
6535
2353
5716
5656
5228
4972
521
1557
3312
867
5638
4247
6788
4107
6360
3694
29
1073
7293
7256
886
4182
1100
230
1317
401
985
7313
5548
1528
2655
7380
2941
1136
1334
643
3767
3946
2393
5379
7314
1455
3838
3861
2799
3734
7075
1213
3544
5530
5453
4522
3918
6416
7192
2081
7126
1427
3476
2517
7452
64
2238
7140
532
3136
5252
3647
3337
6365
5576
6545
4471
1945
6275
4934
6467
1984
5554
3427
2228
4296
2196
1542
6610
430
3872
3450
6345
7271
2092
4740
1016
1481
458
1681
3607
5176
1501
1625
6864
6122
146
3249
6926
3294
3154
5557
1932
5671
6512
1675
5727
5386
6070
6366
4644
6828
208
6910
6239
3678
3243
4934
2948
2689
4126
3073
6664
2200
2613
3220
7140
625
6032
7390
6447
3385
5599
5223
956
704
1490
1373
4702
2747
1302
7159
1294
6074
3282
2505
3759
2083
6123
2000
1276
2738
2716
0
5130
5169
4618
2652
1408
706
1477
4523
6777
36
4299
1631
7090
2646
3175
6078
356
4961
2069
7296
4649
4751
6792
106
1085
386
7270
2207
5407
2639
1719
2537
118
6406
1028
3269
4505
5581
6799
6241
5817
7436
1973
3229
1621
5009
3132
48
2710
79
640
3246
5798
6649
7167
1939
2253
5925
7162
5315
7223
1747
5940
3041
6635
1058
4937
1253
6275
1973
6733
6983
4353
1217
6165
4782
5694
6300
6551
168
2861
1238
3737
3712
6331
2576
4618
304
4786
3050
6719
4613
3716
171
3850
4859
7474
2359
5804
6029
2489
4485
5032
4678
5250
6548
458
1020
7396
131
2669
1140
4840
5564
1016
6056
3292
2746
7166
96
3184
4502
6020
1533
6724
7011
3107
1178
4529
4531
4958
7013
1576
6295
6915
1252
728
7163
7192
6807
2452
4137
3609
762
5479
2580
6352
2482
7182
3755
5935
476
4734
4622
5757
3073
2388
3706
3937
2740
3968
1887
7302
4896
1409
1188
167
1774
3983
6330
3322
3655
794
2255
7235
2511
1418
3617
6396
4206
1864
6889
6746
3391
1374
1769
1912
2333
6604
3748
1735
6258
6287
480
1645
3037
4593
1036
1492
3020
3044
2081
7183
2751
133
3822
3143
5435
765
5320
1337
7376
1072
1199
2518
1413
6383
6528
747
3639
6317
6103
3228
4562
2496
2423
4615
4965
3911
485
420
6075
4494
7010
4903
968
4911
4835
1120
841
693
3603
2236
427
2763
95
6441
3651
712
3706
5008
2879
1954
5376
2514
4252
4441
4263
4731
6893
2572
2068
1206
303
2451
6902
5867
5011
619
567
1601
4503
3502
4423
4168
5365
506
1312
6957
7215
2793
1169
1938
2363
4925
3468
2220
3005
4638
3794
3208
841
4421
7499
3996
2499
3051
2341
1594
4271
1126
3253
3507
6191
3313
5331
6771
1637
95
6461
4741
1843
1674
3080
5698
5614
2244
6896
7353
7159
448
5998
943
3352
3575
3014
7459
735
2170
3144
5008
6900
3820
2106
103
5081
1157
5128
5993
5072
375
2798
464
2534
3768
4096
7366
2527
6565
6552
926
1134
3733
2198
5680
5950
6608
455
4599
7241
3024
3732
1083
661
5293
2111
1241
289
6967
358
3359
4508
7007
7437
6509
3118
3496
2034
885
1599
2557
4874
4290
369
7411
4364
7087
1480
6758
7426
7296
3576
1086
1471
6006
2945
1475
1671
2718
4089
1375
5358
4034
7464
588
496
6805
2595
7374
5138
2687
2073
2218
6337
807
4763
6459
86
2368
7012
6913
5220
2118
4612
5109
2714
2587
6762
3648
843
3309
5696
7071
2752
119
7262
5659
1326
1883
6898
6475
2114
4095
7443
4162
6405
1106
5637
1995
763
1873
285
7205
5758
4351
4040
6902
2778
1187
2565
3547
3111
6336
5597
6155
7286
6506
7354
102
1339
1861
2515
3772
2385
2692
6242
130
1780
2722
1867
2302
1525
1593
1720
366
6225
7425
329
5024
4303
5652
312
5121
6295
7051
765
2382
4292
1713
2593
4507
924
5145
1940
2465
1333
4835
884
7217
5987
6322
4005
1782
7463
7207
3510
4636
666
6398
325
76
6945
5783
1703
3876
6836
4354
891
2457
2613
7109
2608
417
1301
4661
4605
4540
3996
1510
4922
2418
3336
3643
5307
1286
440
3225
1711
5045
6555
6972
6764
3574
6038
1569
5248
2454
5106
3229
6958
3649
400
3477
2323
1830
6345
5908
7118
6172
4134
3294
4717
5625
1999
1822
3792
1837
2060
6372
6575
5414
4814
2022
1759
2708
6616
5133
5433
6967
1874
7255
831
3317
3827
4204
3539
2172
485
687
4454
3309
6799
5598
6003
4341
5770
4310
4075
7217
5454
4407
6734
192
5718
4014
6998
892
1938
3502
6345
873
1683
2492
1190
6819
1575
5523
5652
1253
587
1994
6100
5245
3726
868
665
4975
1921
4831
191
7120
6011
1078
90
1269
943
1321
6343
5138
7046
1216
1701
6900
4023
2116
4949
614
206
1509
3779
2543
1463
1907
6154
2333
7375
6111
2866
2448
6928
2370
85
5378
5319
5920
2226
4264
5216
2768
3074
1063
5586
382
5484
6866
2250
5525
3659
328
7008
778
3040
5216
6166
712
4049
2500
6629
6671
2014
3930
6123
4719
5750
2095
1138
1058
4458
6745
3028
5574
3572
2702
7013
2590
902
5286
476
4072
260
4194
3150
227
6613
5465
6061
320
6019
7206
2191
2697
5621
6167
3929
1121
4644
68
1773
6282
5441
1420
5412
2188
6636
3641
7127
7478
3543
5396
1842
2367
3423
4952
4979
3217
4034
6199
1605
5614
3043
7130
2687
1175
946
5453
2641
6674
7155
3878
3773
5052
3250
2839
4429
1894
6551
5573
4650
4045
3362
6800
6545
2601
6082
3255
5907
1755
5179
1039
3744
2340
4799
2622
5900
7159
4362
4395
2332
2499
3834
6887
6016
3796
6419
4401
2023
3686
6576
486
3884
2105
4084
2906
6627
2127
6356
5419
329
1829
4418
6469
1390
4396
3899
273
6614
3381
471
4433
6437
5515
5367
452
1004
3478
2886
5290
4211
6411
6592
6718
130
73
7470
6661
4137
4719
2777
5554
5065
6442
715
1008
6096
4674
6776
5301
6886
3555
4525
183
3946
162
6606
3108
2342
206
6963
6244
2140
2063
1164
3153
1364
1432
3350
3408
1812
1680
1571
3338
4505
3132
5585
7440
745
3670
398
2408
1215
6029
231
6487
6672
3335
2415
2508
3458
6924
1032
7418
2244
1098
6157
5257
4665
2929
471
2222
6437
2309
3389
5627
2427
6581
3394
3195
4829
6833
1434
6606
1005
6711
4167
6159
832
6325
3654
3412
2623
3735
3387
6942
7355
4880
4207
5283
3405
481
460
6609
5938
1087
67
5487
6262
2909
6728
6806
5034
3918
6987
3470
6098
5440
1492
476
5650
6260
1641
2631
5719
3972
1328
4383
6305
4608
6240
500
1602
4238
2012
873
1963
2804
4279
325
6750
693
782
2345
436
139
1973
1242
3020
3252
292
174
5408
4194
3880
5964
1613
65
5118
3113
4720
1936
2929
2434
5153
1194
2793
3569
330
305
2422
2847
5106
1787
316
6593
1706
4467
2667
3529
2711
3836
4728
4356
5055
1966
6224
2536
3636
1018
4694
2378
1548
4381
2687
3811
3517
4205
4768
4613
3940
5268
3534
1654
987
3575
3823
3484
3035
5931
762
3665
4254
294
4625
3601
1711
2963
6342
2879
4287
3146
5841
1373
4812
6074
3718
1307
1460
917
5271
2321
2369
4536
207
3119
7114
4043
5358
6993
6086
5406
2492
149
6142
7299
1556
5370
5030
2728
6959
2895
4291
1472
2217
1159
4708
6319
7069
923
4882
4199
2861
4306
3476
1152
4792
1452
110
5580
3345
6497
1364
4369
6795
5652
2333
4142
6963
1558
230
2441
2182
3479
855
1253
4362
1241
4429
1577
3953
359
574
848
7076
2961
5903
1448
5885
5064
3578
6312
1491
4561
5285
1455
6762
7027
4824
3569
6023
6593
2921
12
6348
3313
4425
1472
3809
1727
1307
858
6706
6879
2671
6865
4760
3531
5379
4391
4279
5817
4786
2208
7092
5828
2687
6630
946
340
2600
1121
2373
2720
3952
7303
1561
6184
1985
7494
3093
4561
5952
2913
6833
6304
278
2373
2103
5783
3629
2606
4256
3502
3473
106
3607
6927
5017
1212
7481
3583
2352
6367
6769
7058
5776
3049
3050
3697
2117
6356
802
7240
5556
2046
4345
4946
6229
2619
7248
4595
6818
1565
2158
7032
503
6087
2750
6790
5442
3572
661
83
5888
2205
5673
2887
2101
2141
4453
4436
1786
433
1578
2586
362
1458
2214
3082
4039
5423
2475
5867
1015
7367
4661
7333
3226
5165
4398
2091
5056
2007
945
7020
6789
1816
5430
1949
631
4068
3116
1156
5918
2573
1226
5644
520
1119
5648
4426
7175
1467
6131
993
4050
2396
6579
6881
6598
4389
5444
7009
5947
3520
6968
1755
2804
7343
2419
2669
3620
7100
2286
6898
3859
7467
2855
2384
5277
4494
4084
3634
6108
4187
3646
1600
3581
7139
6725
3137
963
2929
1714
73
4
3841
2789
1608
3470
302
2438
2606
5340
4711
3852
1044
141
3696
2465
5131
6034
7160
1265
3510
6386
5331
6430
238
6481
5502
4503
2762
2612
3913
3460
2658
4366
3130
7315
2425
1156
2863
738
5905
195
7104
4914
7278
6016
506
3588
2864
5125
3361
1601
2213
5833
7189
4
6159
6472
7000
6917
4728
6315
2025
2070
3162
3367
7488
4508
1105
49
4095
1910
1621
4688
62
6918
2930
6744
3244
3957
3467
3725
5169
4324
1479
5402
1418
7325
3147
5397
2138
1455
6594
3334
1302
278
890
1958
4927
2569
6544
148
3195
668
2924
762
2784
4779
113
3337
7076
4718
5853
801
1728
6176
4792
4937
7099
1409
1630
5438
1892
5214
2863
2525
6301
2189
4898
4395
446
785
3407
2121
1292
1163
204
1380
1674
1334
5306
548
4491
4591
958
4572
468
1907
1669
1623
2705
3820
3734
1151
7078
2686
4210
4991
1044
3319
1739
5993
3674
3175
4267
86
2945
2569
2252
5735
2743
4798
3727
4828
5491
4059
3066
2861
6474
7082
1125
1283
5585
2879
3185
6597
6692
5752
4939
2292
1317
2032
3706
4724
975
3846
5504
2469
6273
3278
6631
6240
6762
846
2237
6904
3076
4694
1765
5496
7310
139
2163
2917
3728
6794
387
3411
6439
5196
382
4642
1756
6551
4178
2361
834
2374
7080
3910
3311
7145
5314
330
7091
4549
1798
1926
848
5257
1832
3379
3243
1461
2973
3556
4561
4977
644
1834
4323
1157
4112
5443
4950
4442
4068
6317
7241
6814
7316
2047
3943
2775
440
3231
7125
1776
1168
6121
4607
30
63
647
2588
4572
3859
3929
6915
5829
5703
4447
1929
3723
4639
393
2821
801
5375
4744
3610
317
2753
6185
2479
1487
6914
3168
3463
5056
3220
5536
3882
301
5693
5632
4028
1745
2917
3735
5167
1693
2289
3927
198
1186
1250
4021
4607
513
3319
891
1699
505
2025
2864
1330
1775
6937
1766
3719
5647
7490
6100
2725
5394
952
7049
1187
5811
5576
6337
4821
4640
5685
288
961
3138
4909
3599
2486
1492
4994
899
3710
3000
6665
4634
2035
134
2917
4941
4961
5780
2824
6101
2056
3394
7095
5583
4340
681
1108
1342
1908
212
6985
1079
4464
2507
4533
5228
7037
392
4573
7179
5403
5110
1221
6219
43
3528
3223
5963
2167
1784
3959
3454
338
2612
1421
6030
5690
528
3003
2757
6411
4249
5949
5858
3258
1890
5063
691
434
1462
4552
2223
6889
5812
4893
4547
1965
3801
4332
3442
6232
3989
5238
526
5264
3239
333
164
4309
5122
2051
3062
813
5656
5118
2743
3370
4870
3776
989
5149
943
1766
445
5216
1436
2458
3521
6076
680
3310
435
4793
2203
4764
6251
5485
4626
1717
1710
1202
2481
2774
5806
228
2747
4545
4473
6539
1616
1402
1124
1131
3263
2227
1906
5494
3665
4134
5482
5602
3742
1808
4605
7294
5444
573
2469
1757
2175
1459
6262
6695
3120
4679
526
1418
6466
5066
6861
3281
462
821
1420
3094
1305
227
698
1275
5567
5053
6692
2146
88
1797
3113
2850
6997
1757
161
5603
459
5220
102
1587
4954
7367
4215
5198
4698
6029
3155
1459
4117
6372
4569
2335
5466
3967
3547
2257
2315
3643
5581
6047
3872
1037
3679
2173
2555
4514
194
4170
3627
4550
4537
1674
5986
6159
2704
7258
4068
2910
6690
1455
1031
861
3729
2793
1177
1846
5245
4606
7117
2877
4895
130
4856
2294
5664
5858
7493
819
3497
1452
4744
2134
122
1347
1659
7386
1050
4123
5002
5620
275
1401
3013
2026
2160
890
4204
6725
6330
7269
2838
4092
5940
2392
7374
6407
4680
4437
65
2402
2847
3599
2380
2662
5264
1129
3001
2219
3075
1846
4412
2444
1549
3185
3556
2939
2245
4850
6262
3495
1427
4620
5618
6085
852
4403
5657
1999
7285
2792
1495
3654
3693
6221
777
1065
6796
474
6020
532
874
2254
2233
2239
7058
5331
2799
2312
4533
7216
805
66
5547
2132
4411
1280
1231
7067
5432
163
2918
907
1095
2684
2437
1993
5973
5345
357
7033
4615
2081
59
2641
2953
2685
4626
5981
362
7401
4611
2427
1955
6722
1999
290
6677
1223
4150
4623
1165
4197
363
7267
105
1341
400
4285
4579
3565
4752
7049
6321
4110
1342
5977
2901
7039
6815
4340
1520
1530
5780
1511
575
1097
4882
5479
2304
2631
2202
3741
5445
6715
2551
6862
5585
751
6733
4825
3383
2070
2933
4307
6615
6963
1646
5889
6973
212
5907
3335
4866
2883
5401
6801
7290
180
6169
1060
2102
6165
963
5854
6306
2657
4069
1979
1955
2610
81
1653
1473
34
5969
2027
2069
497
7401
2665
4516
6362
3483
3224
440
5239
2989
4151
6623
3092
6543
6191
1665
3207
5827
2956
588
5661
4196
4356
1359
226
3878
2093
79
3607
5419
7103
2792
578
4354
1195
4040
5449
6554
6238
3920
3833
5525
6170
2033
773
2721
2170
1870
5134
1056
1129
5228
1274
2796
5311
2912
5405
3591
3397
5610
1338
1909
1933
1121
595
3145
1449
1953
6163
5526
2194
5934
5641
6332
877
6181
867
4851
4778
7304
3884
3540
1078
5730
7121
5643
7418
5202
4144
4053
7269
1270
6884
4441
113
2196
564
363
5184
997
6761
3541
3111
5654
3315
1386
6776
4686
4091
1961
3690
2212
4991
1929
5990
2278
4153
3841
4276
6115
2848
5104
55
4499
777
6097
6498
2818
2856
6600
1516
1234
3516
3022
6960
2040
3873
1426
3200
3185
6481
1715
3286
1393
5733
0
4579
5359
5849
3546
5543
6504
462
4513
3958
3829
5010
2426
3384
16
413
5216
575
6052
1105
5256
5538
1925
4977
7267
4658
5787
1843
2807
5527
1399
1515
6039
5220
3488
2213
4226
1517
2156
5571
4527
1841
4747
5933
6933
3796
3951
4086
1831
6896
3653
5540
6540
6417
4451
2012
4463
5875
5007
2448
285
2641
664
1112
1527
6291
7240
1946
4517
7358
6449
4502
195
4602
5982
2908
5645
3863
3538
2907
760
4667
7475
1989
6148
972
6264
5832
1274
3493
6445
6920
5263
2873
7429
7087
3132
4929
2019
6733
2399
3618
5004
1116
788
5952
5520
5601
547
1125
2180
4252
675
4104
6672
2674
6587
2567
6841
1932
6458
2102
6885
7311
7082
2780
6351
2034
1418
2433
533
114
5497
6229
5489
4216
7431
670
2564
2371
4261
6161
279
6656
5934
1779
1838
5364
3011
4742
1219
6565
5134
4833
7493
7058
1839
3419
2383
6276
7396
5829
2732
7102
2306
2727
209
6150
6604
4167
339
3685
3150
5037
2930
3571
2675
6706
2164
5716
7372
1292
6431
941
3612
4795
7058
4505
1214
213
7023
6840
6724
3313
3838
143
7440
6923
1606
7116
6139
7435
2418
1526
7088
2419
4128
6474
915
1091
7396
2146
3279
4154
980
4862
3980
732
4821
7299
2539
4689
3861
6592
4705
5879
5367
6733
3016
7232
1604
4794
3646
7231
9
934
7311
3322
3079
4859
5802
2989
5541
737
2516
5370
4925
7338
3987
5428
2323
3417
4637
4983
6806
3981
2042
80
4527
170
1894
1328
6422
5122
3657
3443
5538
2369
6048
1506
6305
127
5353
2104
5553
2509
6728
4807
4344
7329
4424
7308
3083
4795
7136
2667
6547
6721
4447
4375
661
4689
2670
3597
4810
954
904
2145
3180
4466
2949
3788
3135
2600
2720
2732
119
1777
6407
662
5360
7163
4066
2436
3973
1146
5384
5556
4081
4149
6504
1948
7116
6850
3342
2507
4616
3683
4174
83
511
3286
2994
2033
1190
4785
1739
1896
5302
365
6871
1493
3641
6595
4394
4088
3404
1563
4311
1669
5660
884
1208
214
2568
5864
5437
340
3321
6533
5758
3501
3465
5946
2359
1770
6098
5728
4217
1995
2013
6971
186
486
7035
2647
1060
7251
1031
5851
5206
3499
6485
6956
3063
6021
277
6230
6878
2476
3647
3612
3921
1975
1972
2087
726
6002
5640
6812
1055
135
144
6847
532
4245
4872
4008
2814
5338
745
436
4711
6176
1078
1011
490
6117
1472
2855
1347
2377
4240
3586
1983
1433
6094
7331
179
599
3256
1798
270
1037
950
434
1041
5377
1315
3673
1833
6010
1804
1789
1640
2789
3881
5297
3247
1423
6967
2595
5320
1141
5461
3985
6187
4274
7070
1058
4020
1719
1998
325
5609
6557
1609
4155
7268
1095
4950
3152
5508
629
6199
2932
5099
5981
5749
4969
7490
3300
4436
3761
5236
1595
2328
162
6780
5107
1778
933
4190
4352
6176
4856
2333
5611
2133
5826
4037
3621
5637
6628
2809
5881
5176
3882
5955
4124
6248
2200
6035
649
4666
6667
3220
202
6748
5801
5565
2575
4273
5232
6566
4846
6597
286
4385
3480
7416
2268
6767
2143
2889
2118
2810
940
6980
4571
6054
5374
4612
6331
7253
3225
1375
5641
2197
5427
6353
6862
843
2541
3232
5636
3862
7306
600
5696
2271
5702
4845
4579
5650
3524
4778
128
5005
1657
1065
558
5224
1219
4665
315
5844
276
2204
2080
2628
2442
6045
4088
2171
4338
1411
4381
1353
5478
1500
7027
3576
6073
2792
2390
4809
1888
5704
1568
6482
6323
1097
3123
3204
2088
478
6683
3175
5359
762
1015
2936
1193
3806
2720
3330
6578
6331
4523
1911
7050
3917
7191
3977
3234
347
4089
5735
5227
809
1701
1380
3123
4106
4293
1152
4095
698
7187
5518
302
2027
7074
2562
4246
6393
7126
5373
299
1132
3194
6142
1695
1069
7296
5249
7153
95
5803
4426
686
7359
1073
3414
7337
2807
6154
810
2955
2057
1619
2652
7255
3155
4145
444
1449
2227
1006
6245
7328
5299
2169
2751
5549
7323
4994
4816
35
1780
1673
4893
4563
2249
4039
5634
7000
2039
4230
7353
7327
5576
4931
4108
3533
4960
891
6989
5164
2590
6552
7197
5760
826
7005
4999
4472
7003
772
4337
1906
3908
6576
27
2002
6901
1641
6836
2877
1815
2635
483
5215
4416
490
5033
3159
2883
4020
2616
1461
412
697
3758
2760
1232
2073
2521
4460
4711
2777
5849
7373
6433
4169
3243
43
2877
3177
763
1045
715
2581
923
6987
4645
113
5514
3897
3773
2079
3221
7067
251
1740
2721
939
6892
4389
1693
335
3399
2556
1736
161
3987
1782
3055
213
7161
891
640
6155
762
5355
7000
2383
6586
4091
2393
2445
4432
363
2695
251
5989
3701
4088
3567
6039
5064
3904
4609
5850
4958
2135
1797
5942
1617
726
5572
1833
7328
6537
1426
2992
2993
2308
5626
1526
3873
3699
6107
298
7408
171
2357
3375
5301
4443
1206
166
7236
4440
1166
7424
3999
4686
607
7196
1296
6298
6485
416
2281
2653
2754
3854
2047
551
5011
1558
1250
2281
6961
2358
1605
142
5750
373
6077
48
335
4518
3039
3581
3245
2941
2269
5632
5541
6594
334
5937
2268
2095
5394
4781
7034
7042
7287
2998
7095
1263
1743
4870
5529
2074
5397
6662
2764
1588
1914
355
3511
4160
6652
222
696
590
1803
2001
1379
4584
7233
4808
1622
2123
4629
4869
5834
6829
155
5171
4844
1172
5920
1315
1270
6942
5882
4329
271
2147
784
1842
4722
1356
1426
1536
3451
1049
2409
639
1401
2707
2645
5765
2123
2153
227
1456
6275
4514
4850
5348
1828
6067
1136
3199
6482
1032
4506
5793
1055
1407
5577
7447
3448
2365
1636
1319
4156
3760
3278
4898
5115
419
2253
5653
5268
715
3631
7171
7433
1008
260
3417
2157
7318
2772
5287
6258
5048
3153
1445
3368
324
5890
5537
773
4169
5893
5583
5573
7410
1105
615
5469
7103
7261
1852
3833
3209
1941
1789
127
6974
480
3452
3947
3759
3464
3261
5110
4189
5201
6714
1713
5697
2232
908
4159
7006
4831
4396
5246
4056
7110
4534
3315
364
1471
139
29
2681
4995
131
475
995
5775
4018
1226
2254
3741
4709
3670
6085
1532
321
3903
2261
2213
4331
5308
2865
602
1335
6873
5334
704
3884
814
2644
6076
2486
5384
5029
1805
1029
7449
3326
6515
7282
7275
547
3950
7053
6288
4766
5950
1006
4402
512
4780
3656
7298
3574
1617
4239
1360
3845
1044
4271
4952
3385
5383
1333
2698
1892
1730
2244
6784
6815
7469
265
3498
4098
2477
6921
5466
3263
6856
605
4243
309
3508
2937
3507
2655
3691
3092
361
1217
1344
2392
4853
3079
2929
2857
2779
2626
6913
4777
212
1115
1696
2258
2150
7079
2289
4798
3590
834
1120
2469
1819
226
794
3051
1751
4931
1987
2186
6676
6672
607
6232
3275
1634
181
1027
1998
6549
3256
778
57
2595
2857
2728
3507
4884
7483
1348
6565
3471
214
4462
86
5256
476
1937
2526
2857
7473
1254
2165
4223
6297
5731
957
5620
4424
5862
2873
3580
6484
7197
2842
146
2089
1973
6017
1252
4927
6229
7271
489
7372
6494
4433
1397
4198
7405
1470
3843
6864
7297
5706
4523
2586
389
340
1907
584
1928
4550
3983
2483
6765
3313
6204
2878
2098
7199
3656
993
6786
4434
6168
1507
5186
912
1450
2386
6820
5971
5125
5177
6448
7383
4646
2547
3014
606
4449
1868
5611
1393
6645
7270
1628
2497
7332
7488
5184
463
2358
6780
194
5555
4718
1206
4685
4392
4887
2640
6922
619
1709
234
3726
4582
6689
1800
1226
3733
1179
4212
4331
6959
5273
6835
48
6995
6579
1465
3589
1176
1384
4854
3977
3585
7197
3347
3347
7233
2407
2644
4387
1647
5787
273
5554
2931
2385
6203
2632
3003
6435
5970
855
1068
2933
1877
2681
2575
3973
7325
4525
2964
1463
187
835
5803
1292
7078
4149
743
3392
3521
6873
2474
6785
3558
1717
3286
4801
4899
3353
4557
158
5757
7449
5230
6394
6323
4781
1631
4777
969
4252
6733
7254
3962
5277
5257
1673
465
1177
3165
1269
5254
6203
464
554
1747
2424
2992
789
360
5092
7199
6013
1075
2641
6354
2882
1382
2682
1066
3071
106
7225
4455
1817
967
5247
3469
6537
6289
5260
2737
795
3188
1945
2615
2335
4672
2844
4247
2001
3256
6684
2228
2512
2696
2416
449
4721
2863
3880
5710
1843
2136
497
3103
1865
4781
4340
6485
3213
621
2388
4472
3055
2658
5328
6963
5899
4902
4395
6477
1452
3308
2989
4937
4219
6078
1610
3046
1667
1142
715
4567
41
5351
74
1423
3762
2298
2944
3117
1001
6215
2721
1964
476
2294
2585
3068
3668
3519
5296
5997
5575
3174
4858
3362
5795
3575
7084
7440
5080
1793
4605
2659
4367
4570
329
607
4520
7182
1001
2301
1590
814
803
1881
1209
2139
7230
4982
4730
5850
5261
984
5667
3421
2138
7240
4428
712
1591
7302
108
7499
732
6079
5449
883
398
3859
1380
1549
7153
3410
394
6085
1232
1270
1310
6176
5320
4466
3557
1472
3240
2573
1337
4471
3954
4310
6204
3012
6257
7275
4167
5757
4537
7223
1517
3094
3213
5132
4075
3505
1810
4197
5391
4664
3731
482
6552
5683
3109
1831
3814
321
3133
7182
920
2809
2046
2868
1711
2080
5807
594
1326
3731
3516
5011
3216
194
4004
4188
5616
1834
1782
3015
4884
7234
4124
4521
2910
626
7447
2238
5157
7320
1934
7300
4098
7123
1351
4916
5564
4335
3935
6391
6662
850
1314
692
5258
2250
1665
3698
3167
6547
405
970
4824
7267
588
978
340
457
5479
6921
6161
7164
1250
6949
4906
1025
4759
6526
6786
2014
3985
466
6242
6525
6159
6028
5010
3361
3299
3361
1142
7139
6004
6053
608
2227
2506
923
4540
5681
2905
749
1114
5563
3386
6806
5386
1348
1004
348
2586
3356
3085
2688
3290
251
3362
3508
3654
4778
2327
3486
6401
473
4702
1606
3388
5845
7130
4255
3012
2249
6034
2694
4252
7197
6566
115
1722
3244
2121
132
6872
2453
3976
5298
371
2155
4756
2774
7211
6782
2997
13
5481
5185
3175
990
89
7356
2216
6882
5916
2152
5510
4540
4214
794
2358
3473
6646
259
3431
3542
418
2471
158
2195
3032
304
4961
2576
5026
392
2138
7185
2465
2490
7338
1291
1001
4931
3538
264
2668
15
3132
3623
3699
1737
1989
6058
6546
5075
3265
5895
866
6717
4313
5900
3744
1377
6932
2377
3420
3757
3892
4446
5572
2432
642
6915
4010
513
5503
653
3275
3899
5676
5317
5265
342
1871
1728
5132
7416
5671
3397
817
2635
5369
5441
6635
1788
3287
3869
290
2674
6146
2672
4731
7317
3056
1767
4225
958
2021
826
2456
7120
1385
264
2509
5018
4997
2197
4006
5073
2544
1168
301
7345
4943
2684
2475
3132
6874
4494
2237
7023
4895
5475
6348
3047
4426
2047
3684
7331
5031
131
3510
101
1910
1660
1055
7072
299
7119
1101
2328
6895
2508
1400
6254
4510
2513
1000
1588
3809
2569
7079
3115
4277
4191
7344
6394
5945
869
7289
213
1174
6123
3933
731
5509
6480
6192
2942
7420
6605
3312
5697
1408
6384
4758
4008
5001
4059
6524
2332
3849
597
4765
6349
7048
5285
2573
3628
3238
2762
1884
3930
4855
6244
363
5440
2611
1803
6629
6023
3034
3325
5014
1958
2448
6475
678
4577
1863
2123
1353
5139
5011
1205
1982
6211
5917
6709
7280
3239
467
4904
4787
5816
538
1305
5859
2504
1840
1159
1980
3239
5598
7494
931
1636
6231
4093
6008
6208
7355
338
6696
6694
2065
3251
7473
7330
2539
4395
1034
2920
2515
3171
833
5584
151
3316
3527
5600
7384
3957
4769
1103
1025
3238
918
6845
502
5773
2341
5902
1499
4642
1010
1143
6027
1221
1979
4656
4891
2095
4087
7454
4259
4065
6584
4889
2328
45
3814
4069
5576
4539
2689
2729
1691
1684
6437
7317
6761
7253
517
1258
939
1644
6240
3380
2632
421
1077
2107
1291
7070
5761
5869
2658
4970
759
6723
4764
6923
1303
6014
2178
6795
3157
3233
7389
5164
2392
5795
2371
4160
191
3057
6544
4949
800
5803
425
2120
4518
7191
1711
4504
7046
4827
6128
7171
6960
3860
2759
3003
2270
5829
6468
4004
2313
5320
1086
2459
6735
6118
6762
4146
2484
1334
2553
3486
5452
6314
3531
1740
6934
1104
2080
2763
3932
4090
2965
4018
334
1773
3471
7126
2681
2730
5074
4700
6671
4809
1900
3691
1698
4911
5183
1176
4449
4590
2627
3259
2102
6092
5401
5380
2495
3400
5082
5594
7392
7001
5466
2337
1897
912
3944
4625
1772
4210
4377
2548
531
938
1890
3205
2927
4860
5219
5004
4089
6670
4394
7402
3561
4850
4955
5530
1512
768
2702
421
204
307
5764
7410
5932
2801
1659
2890
3147
1290
7328
5957
3851
4827
630
1001
5955
6357
52
5940
5406
6535
5974
3167
5887
222
2629
3241
5292
7092
5048
4274
4606
5860
1221
1773
2246
1014
161
2723
2837
5240
7447
2881
794
1083
6510
5578
3594
7330
286
5704
6632
226
3853
2549
5057
1720
5838
4593
651
5912
2923
6989
1515
5018
467
6659
2185
3589
3375
4861
6196
750
2869
4031
2762
1911
6576
5724
3182
4055
4487
5044
3079
1593
4898
4997
2407
4289
393
3546
1537
756
4932
2312
6808
6438
7294
3738
4800
4213
5405
3130
597
2494
6531
3705
3553
7214
5142
1558
7422
632
7119
174
3413
1473
5910
3194
4849
7140
553
2078
4110
7453
1766
4072
5854
1726
4521
5168
5539
1063
4057
6400
7467
5404
2215
196
2564
2732
6691
4219
3637
2490
6926
1335
5899
4421
2040
1819
4567
3411
7346
6239
3279
1327
7365
465
864
3095
5561
5316
2619
5020
3682
4152
2092
2426
1064
4217
79
4178
1352
6987
1175
1558
819
1144
5358
3232
1913
1436
2374
7431
1137
152
1870
3465
1385
283
4020
6832
1407
7163
7230
2007
3600
1421
1866
6572
1440
7215
226
4077
6058
2588
4982
7291
4978
138
894
5873
4104
5602
6433
559
2936
5760
6178
6240
2595
2873
4542
6519
5441
3526
5672
3983
5578
5402
4442
1788
1673
373
505
4924
3635
7426
4366
2659
6910
4241
2003
5136
5086
5053
1337
3341
6101
6586
1691
5144
727
4327
6778
3744
3262
6228
3793
2138
611
6043
6031
388
6199
2538
3595
5275
1525
5743
1140
365
4417
292
6484
6638
3294
2758
1921
6925
3790
4871
4120
5720
3414
2190
5789
4838
6528
6785
2312
1141
1431
5580
5577
4879
5882
3474
1100
7298
5885
485
3709
5942
6148
5091
746
6254
7043
3886
5208
4676
2138
2755
6339
6341
275
7483
4159
4385
6803
6166
5176
7274
776
2445
5184
5807
6834
1989
2663
3314
3084
333
6082
1276
3945
4041
4460
7063
6927
5819
5629
4647
7167
6133
687
2584
5872
5173
1601
1843
6502
1258
4008
35
2281
5520
5821
2429
1055
6496
4620
2878
1081
7093
5177
5740
3610
83
2294
3354
5863
796
5649
1883
4964
1575
1192
6349
5989
4503
7399
4518
1004
4745
6652
2627
6734
6159
1028
5079
1611
6915
1628
576
4364
5634
2404
2142
245
5985
2607
3716
5705
2615
4354
1369
3462
6022
4442
7039
2093
5681
6098
4736
5630
318
5060
5014
1400
2042
6219
5370
2694
3891
3408
6661
6663
769
3068
3828
643
5492
2963
2542
848
1049
1586
48
5297
2530
5614
2895
2669
16
2602
500
4916
5662
3097
882
623
98
12
6696
208
7144
7119
7133
6547
4970
6549
1366
1572
3785
2841
4188
5836
1615
5596
2563
4612
6634
1994
1080
4296
268
4652
7088
2635
5612
6671
3338
2215
1166
1357
4724
346
3576
996
6260
6382
4094
5573
3691
2572
1421
306
5672
6621
854
7414
1660
2191
5957
5010
6616
3521
6644
1635
4095
2629
2226
4663
2271
5722
5479
671
4737
2138
3531
2636
5210
637
5357
903
6098
329
4993
4625
2274
842
2235
5820
6578
5275
5191
3657
3591
4011
227
3160
2245
4352
3061
7237
6734
5258
303
4467
6775
2858
1685
173
6242
3849
4887
4796
3536
1711
2011
5795
6816
1564
4815
6910
4799
2460
4225
487
7152
4568
4927
5199
2718
1922
5520
1819
614
4780
4781
3511
2440
5754
814
5384
2508
2397
4889
6853
3149
6875
2545
1016
3685
2685
6973
6738
1715
1291
5442
3168
7365
2594
6368
6342
93
6575
1442
3775
1954
3352
1679
6212
2736
4331
2553
5605
5409
2320
7046
6315
4981
4638
4878
3556
4012
316
7343
571
7050
1483
5549
1821
5064
6604
1912
3938
4201
6054
3702
5765
244
7326
2324
3334
5235
5778
703
2101
2147
6233
5241
6696
2564
2819
2753
301
1618
5852
3367
55
3296
7462
5834
6168
540
3884
2025
6545
1702
4561
7185
3007
1067
2643
4420
3313
222
565
3333
4028
29
852
4608
6076
1197
1395
3166
4695
2011
1302
7220
1897
1910
4022
1413
4310
3196
5982
3963
3792
4265
1237
1334
4305
6406
736
1752
4620
6301
2118
1361
3039
6009
2369
4558
231
437
2863
5408
6142
2725
85
2575
3386
3863
7045
4396
4388
3236
4143
3257
5839
6571
839
5413
4775
5912
2034
2610
527
6820
6794
1325
7009
6290
9
6050
3135
7000
368
3823
2390
6567
1857
4279
4322
5075
4480
2024
4616
3281
3071
4778
6360
2453
176
3642
4170
853
5371
5633
1733
4436
2704
3395
4897
3155
2334
6305
3915
7003
2569
1598
6709
2020
893
6205
1089
3203
92
5797
4361
378
6071
2887
989
2224
232
3408
2323
6180
3509
4281
5369
4994
4242
4806
5703
3082
4104
5534
3748
4390
3899
5765
4892
5835
5309
6538
6272
1461
495
943
5418
1185
1160
655
199
951
3224
3526
5404
6418
3599
388
6746
2430
3595
6460
929
1055
5619
5233
1304
5581
3865
2810
3907
771
38
3949
935
3975
3650
96
3649
2527
6791
5342
5773
7241
5554
3205
7041
7370
2661
5961
874
2990
3065
2727
219
184
2083
114
3766
3408
5094
1763
7172
4438
6824
1629
6619
5679
6665
777
859
1016
7438
1313
1913
2283
2497
436
7382
4119
2070
2868
6619
4358
882
4996
6934
7362
2880
2596
6587
5189
7127
5480
1201
2657
6797
4868
7126
4879
1141
4851
5027
1860
4653
6332
2890
666
5570
7364
516
39
6215
3810
1147
90
4790
4216
4580
6940
152
485
250
1841
1272
344
3631
910
2952
5670
6464
7360
2132
324
5233
3334
2342
3153
2180
6311
860
7261
5757
6574
5711
2647
6628
4585
1675
2947
7484
5816
2066
2800
7277
5525
2921
5471
4821
1071
7050
1289
1982
541
4105
3263
5983
4753
2706
4470
5994
4238
3916
1157
7388
6757
2236
4469
4994
5481
7080
3178
2148
6289
687
6993
5200
1632
1422
753
2120
5562
5395
1388
738
6851
6690
172
6693
4249
1710
4108
6957
1039
2025
1318
7367
2977
5637
4527
5344
6268
7214
5193
3694
2566
812
7321
2372
754
1183
7199
3208
5074
2041
5720
7438
1486
1444
6633
76
864
5496
6307
3730
6823
1748
5878
3533
2317
991
7453
279
6181
4768
1522
3006
1801
766
6726
200
6685
6088
1923
3683
5662
6058
7177
5851
4784
3448
1645
1031
1191
2729
6204
6484
5902
1407
6727
4229
1848
2929
6289
5893
295
3374
4399
1510
4853
2392
3688
807
6976
5203
2382
3206
4496
4394
2499
2628
2374
2684
7088
6160
2430
1283
3989
6504
5395
3700
5770
5600
7082
5521
5954
3775
6145
2303
1059
3345
1089
546
6335
1636
73
2877
1014
3532
5965
5928
4633
5897
6898
6506
4671
4987
5012
2961
2136
2642
3711
6721
664
3271
1685
2935
2185
2856
4132
5241
6391
3071
4538
5780
2785
6271
6626
3673
939
2282
4822
1931
1738
2238
106
4990
2081
2681
7084
11
857
7438
2488
3145
5003
42
2863
3427
6123
3359
5869
749
608
4979
5044
557
1853
3187
1762
1505
828
2409
4132
3212
5484
1881
1417
3269
4238
3310
1022
5451
1823
7353
6060
5993
468
7028
6672
6132
426
713
7489
5411
4124
4724
3385
4109
7031
1155
6311
2056
2356
1515
557
4662
1228
5809
4143
2138
741
7428
6803
2843
5605
531
2443
1309
4795
3018
1355
3910
6493
3881
3811
2565
4491
3771
7153
3740
1557
6417
714
5899
3653
4532
7301
4555
4037
1089
635
3123
3437
2344
3972
3883
1703
2151
6101
3753
2679
3786
2952
1342
2848
5298
4056
4219
3988
7290
3494
1697
4455
5653
2510
6247
3332
483
3962
5577
1639
5711
6524
6504
3728
709
2066
4829
7036
6392
3517
3993
6841
425
1361
1668
166
1131
6294
6565
4841
2641
5588
4250
5452
6145
217
5513
4846
5749
6848
3013
4769
1994
4399
236
4976
1912
3856
1953
711
6569
5263
5108
3115
6749
4232
1170
1610
7341
2512
3679
2090
6415
4662
1505
3932
4871
134
729
6472
3702
3046
6468
1430
4759
3533
2234
7367
6299
5495
3929
2821
594
520
480
1840
6200
1097
3404
3367
6746
3138
3135
2667
115
2085
6274
748
1637
6909
4307
3882
4027
3877
6527
2574
676
5953
5424
7185
1606
3186
450
518
7205
6855
2035
216
3835
2274
4018
4490
6834
6884
4855
4104
827
4381
1036
7381
984
7235
7417
2542
6507
6142
2170
1081
407
229
6966
2149
1712
2031
6504
1907
7010
6127
1241
6090
5811
3360
5623
3640
817
1314
1020
6975
6211
5981
1664
7300
4676
1985
6701
2347
6356
444
3667
93
5878
6249
5808
3922
3658
1508
355
885
3420
499
6807
754
363
5411
436
2880
7132
1121
1822
5509
4739
5760
3057
3369
5287
5200
4716
5866
4603
3552
6019
1912
3459
3379
4106
435
6993
2294
2516
428
4932
1290
4282
3496
2966
3579
5376
5567
260
3979
416
3990
1892
5799
7469
477
5937
2738
524
4043
6847
5124
5695
2877
7389
577
6254
7163
5003
1192
3194
5721
5480
4061
1556
3915
3369
1363
7063
6224
5346
604
959
5084
1664
7151
7078
4767
6262
2741
2698
7361
5739
2608
3951
3003
1481
4538
3598
6263
7271
2796
6279
5236
6896
1258
1182
4749
5109
1505
1593
3664
6728
6976
3432
7173
5877
1548
1253
6570
6958
5286
638
1156
1771
4941
5783
4645
1027
4248
405
796
6519
6435
94
761
5165
3641
3610
2428
6755
3563
1991
5412
530
6513
2829
7294
5057
4654
520
4991
3452
2227
316
4604
7118
6254
3774
2966
1876
913
4582
6616
2604
3385
5128
2342
7421
2068
4361
4769
6362
7200
2986
2948
5246
7234
6326
1776
7412
5010
3170
2531
165
4343
6622
3351
2049
1296
6868
899
6329
4310
1313
7029
4349
3323
4055
1885
1192
1053
2822
3381
5646
1148
1730
3966
1292
352
193
1379
3958
1472
5249
1484
5221
504
5726
150
5634
4547
6235
150
1478
575
7275
5910
2797
6527
7044
7004
4263
1434
487
4639
6434
4813
2047
6167
5257
899
6868
4090
4002
179
3397
1338
1829
5032
4430
5687
5853
5378
5501
6209
3216
3852
1357
7227
3296
29
4613
6258
6556
4299
1562
4496
6091
1084
5535
4163
1950
644
5639
6219
7015
5508
7127
7396
7167
1849
7085
5231
6464
5135
3161
6363
5532
5686
6479
2323
3004
6972
5743
7083
361
5814
1592
5775
1257
5346
843
674
6664
5760
5564
5323
1145
2320
6361
1187
5902
6162
1582
5670
63
761
7309
2257
4244
2708
5484
723
857
781
3603
4834
2527
6530
506
6917
6644
4039
1172
1314
5541
738
2931
2408
7470
4100
377
4696
5164
7399
3407
3963
2600
4467
3464
1930
6197
2082
955
2779
2405
3628
1082
3400
6621
236
5915
2567
2369
6266
6814
7262
1066
5057
2985
570
1861
6313
2253
2416
6646
1509
5328
3277
7409
5193
3866
6426
6500
4028
1170
2733
2741
7066
4582
2325
3301
2479
757
3950
6448
4566
3299
3920
5612
4763
227
1204
31
2655
1743
5652
2599
4903
616
7130
5052
1605
6467
893
2144
5658
6192
3767
423
261
5241
1449
4594
885
1402
5742
6225
6561
3175
4133
3259
6577
1603
5705
3294
3955
1812
2150
2769
6541
261
2888
1929
1802
3666
5739
3573
3277
965
6300
4597
5673
6869
1891
847
6289
1688
2039
221
697
4163
7377
231
57
2521
1378
3386
772
249
711
4252
6664
5879
4640
1988
2047
5724
7240
6643
673
441
3239
6058
4968
3761
1351
4158
4342
604
1500
1794
5892
6400
2483
2264
6091
2573
5794
2047
4892
1459
6395
1362
6545
1797
5880
5199
6453
4394
7105
4756
6298
4238
573
2656
802
4705
5198
6509
5328
3037
7295
6775
4761
6150
2612
7076
951
5502
583
2407
1807
1569
2151
3412
2153
5799
4369
1846
6265
4859
4912
1779
5084
2887
6916
2822
5554
7483
3452
5337
3045
3927
857
4494
118
4378
6912
997
4830
2275
3738
2501
6800
5617
611
6024
2075
4687
2
3398
4398
2361
6574
5513
6140
518
6840
3554
1307
951
6789
6609
1101
5744
4330
1521
4976
380
3357
1248
2530
3148
1526
1473
1463
7057
4483
1470
1137
4499
5876
2753
1473
6802
2995
5190
5038
684
6471
6615
5038
4347
4012
6830
2574
6009
6174
1757
3887
1056
7015
3800
7246
6740
330
4690
3838
1000
4497
986
172
6477
2312
3514
1896
4628
2852
4718
5781
4962
7049
525
302
853
7209
4658
7138
827
6668
2360
465
98
6296
3295
4330
3267
2791
4481
361
6597
2007
4894
7437
1472
1247
5949
2486
2195
5023
6429
6323
1468
5230
826
615
181
4361
6856
2845
7186
6473
4339
5735
5845
4627
3543
6684
4347
427
1353
3695
4728
5539
3185
1058
1522
6414
6301
1587
5705
4623
719
813
2333
6187
4224
2877
5368
3962
3041
3512
3784
1683
2897
5975
3723
1363
7334
4167
3187
3665
350
4309
6893
638
5664
4872
1936
1036
5256
3553
1831
5828
651
3922
661
1422
520
4474
6488
4880
279
7232
4325
3620
2702
1821
2692
5072
7077
2209
1265
2778
1075
1059
2544
5039
555
6288
327
4311
637
2555
3656
5746
1673
1419
6494
5946
6921
4945
7478
3473
1433
2380
777
2674
3477
6298
690
2385
4982
3149
6785
6921
2093
6052
1779
4214
1202
6767
6686
6069
1393
4725
5663
952
6707
2351
4423
2270
1112
4693
305
2282
693
6145
3195
1744
3578
5100
3862
6069
6093
5409
4619
2359
4833
4394
740
7290
6205
5532
2362
5032
7366
6874
5360
7191
345
267
5290
6110
4875
364
3892
2243
6419
273
7322
1591
3548
7342
327
2396
2373
5805
5586
5052
1586
5464
394
4516
4224
510
5065
5805
799
5535
7265
3882
6983
652
848
2586
2905
6041
5424
5848
711
3841
1801
1077
5635
298
5194
692
2248
7372
5502
4061
6932
3899
2006
2801
2261
1390
7282
7050
1541
6939
4875
6295
1889
3138
4847
1225
2106
5546
4499
945
3313
5084
5126
6470
3557
6173
5822
840
2773
6606
1869
3355
4228
4540
4435
3847
6332
6291
598
5322
4674
3553
1821
3338
857
2419
2434
1853
5288
3393
2815
2074
197
1523
6865
54
5707
1836
4263
298
6233
5319
3848
3044
1999
205
2554
1733
5459
7407
3145
4251
3808
1963
6569
4395
5779
877
2700
4583
5868
4239
6877
6855
3123
7233
3483
6382
424
1595
1104
6646
2531
1511
1327
6210
2063
806
255
3565
4217
4113
6857
557
3068
469
2745
6230
3421
7440
5034
3394
6399
4778
2963
3064
384
4028
1945
177
141
5306
5321
5923
7249
4568
3941
1128
247
5736
270
3021
7341
5374
1506
6241
771
4582
7054
3284
2960
2961
2146
5176
6401
7190
3495
2828
6173
948
2023
7000
6979
2923
34
892
6943
6024
6071
5865
5053
1022
7435
4402
4210
3114
5536
5205
6288
5415
4382
6363
2534
2135
3078
1554
5168
1899
1058
1722
1914
6334
2611
696
2850
562
665
6010
1591
3580
1196
6238
1347
4805
1848
6033
764
6746
5358
2189
32
2009
5909
2885
3115
6948
1907
5468
4821
6711
3822
5311
3538
3560
285
4619
196
6986
3416
7028
1046
220
649
3472
5800
6148
3409
312
1749
3666
3964
1418
2368
7464
1847
3111
5837
7284
4398
3000
1085
529
6239
5150
1175
3363
1309
3828
4104
3320
5114
