16750
8096
3889
16408
14233
16994
4064
11512
12504
6729
10957
9395
2269
16575
12283
3841
2951
12829
16885
11199
5088
12231
4779
6236
14044
14261
2952
15650
2850
11602
9556
2257
12351
12720
11438
6943
16157
1521
13112
1819
7046
8537
6998
3637
1223
2741
2379
9703
11977
12958
5791
663
14900
2805
13005
5445
8026
4813
6295
9958
5207
4272
3375
2711
10393
5939
15008
2353
5163
4972
822
4506
9998
922
9088
4848
11589
5999
12445
7327
5855
203
6390
11877
8970
4839
1465
11751
11006
1008
1756
10174
4738
11578
3727
9800
4407
3358
4628
4068
16880
13317
13078
8919
8879
11248
9053
753
16643
6554
5019
15446
6569
9132
4565
3521
8719
874
6049
12682
14264
1179
15719
3721
15258
979
9392
976
1402
1687
5016
2753
11706
2341
10461
9752
3644
15924
2160
4480
3619
9070
14033
8418
11959
14438
3018
15880
9923
15899
3834
7626
12480
10375
1176
7091
16788
8314
14261
2858
3832
724
1521
4813
5998
12678
4633
3011
3556
11545
16803
7483
15409
7835
751
6894
4577
10164
6573
2697
3178
1331
13523
3808
11447
8087
13074
5764
10270
7425
9097
11795
12168
9411
8378
4201
14837
10994
8226
13573
2719
10937
16208
3219
192
14794
13897
8969
1954
15387
16368
4621
6159
16950
1049
15840
14364
12297
8660
5434
14765
7880
228
13403
12892
2415
3020
13133
6119
12129
15409
5814
1220
3727
934
10753
13022
9538
5898
9273
6208
13839
11710
1186
2615
8619
11314
16845
5094
5109
4416
13408
12483
16049
13613
13785
16740
16392
7213
4675
4337
4346
7603
9895
12117
3430
5585
12307
10812
10726
6574
9529
11371
10098
602
14251
12697
6849
2691
2222
2357
14249
9401
947
2456
5305
11272
4773
14514
12185
8220
1234
8877
8539
6852
5253
8453
14542
7443
7458
16315
9950
6049
14769
10997
11664
11993
10739
6115
16684
8011
7826
10875
13542
16703
6458
4750
3124
12905
1057
501
10364
14904
2506
1932
10831
516
12983
101
12872
8896
3103
11858
8390
8924
10787
14369
6188
9613
7042
2325
746
9050
931
5766
13396
45
4054
12924
3983
4991
10876
12496
6885
14695
2027
1189
11622
7413
12142
13118
16360
15718
4912
16035
1540
12855
8060
12054
4500
12466
8084
7201
16960
9746
16728
1072
11979
10635
1497
7463
4765
12800
10441
4483
2490
11773
3020
9533
1949
7030
5796
3144
3947
10055
15811
10259
3877
2315
10200
10481
8293
15351
11917
2138
4428
3067
10742
14988
14167
15486
5844
207
14199
11395
7149
6554
16933
14090
11728
15398
13463
12387
4319
4672
10697
9600
2164
2729
243
5697
7302
7861
9035
6101
16601
5510
7194
1556
5052
11741
912
11682
15266
8055
7488
15236
13032
4092
6353
4645
12738
12182
783
1143
14998
14123
11828
12965
13659
7817
10612
11134
5668
9315
12413
8894
6415
1317
12766
1226
6117
9053
4091
15955
3940
12790
161
2765
2254
10219
39
14328
566
6094
8076
4088
3454
2157
11139
5946
9801
3988
795
8353
4047
1541
12028
8885
4385
13438
4556
3644
8228
938
7203
6249
14115
7369
13670
3467
5464
14330
14819
16
2506
558
118
11156
1667
13965
1056
12917
14583
7930
113
9544
14568
41
439
5998
3883
10093
15273
10780
5148
9049
10200
15879
7883
15072
14857
8383
10768
15709
15810
11367
1766
873
6582
2679
465
6720
13949
6822
2783
4460
13235
2321
4124
16828
5567
2985
15546
15188
7171
4009
10358
496
6358
9379
3422
1793
11992
5157
10973
5269
8315
10042
16313
16346
5291
11929
13204
10392
4347
13019
9296
12600
14546
4956
2067
13738
7630
9338
6709
8176
8823
7474
5190
13604
16056
15692
8943
14851
11219
13294
10422
16662
8369
3775
2867
10918
8692
1370
8184
5459
7308
6286
6355
12630
5978
4248
14912
7657
3069
9811
10654
5331
3718
11324
5788
6169
590
11249
13680
7776
10733
1180
14134
3893
10343
5071
440
12960
10836
16419
14959
4527
15527
6968
9130
3874
1759
3123
7565
1469
3934
1793
2740
10116
2998
9894
6337
7208
16506
11248
10905
5290
12026
5327
14446
896
7212
6301
16912
2609
3962
5993
9487
7043
1695
7465
4648
10149
7050
4185
13197
5202
13744
5867
11847
4097
220
11114
5518
11480
6573
14928
14558
14973
13235
15798
16257
8901
4506
2820
7046
10275
13571
5731
14261
3361
10861
12214
14756
1034
13360
2735
10001
5553
11424
11668
11117
7350
5648
15905
10568
3988
10605
13065
15817
15756
5003
14363
2189
123
2961
16272
270
3773
16474
4435
3601
5805
14768
4410
10901
16916
3811
5799
3032
14101
4156
4748
6393
1371
865
6352
15129
11524
10733
13442
7194
1973
15069
4390
15752
9553
12124
9422
3939
814
2292
4560
10883
2774
5242
13800
10797
8846
15499
11665
3885
3254
2720
10434
1950
11210
9341
13617
12504
2575
7480
4006
16956
3569
16037
16348
2443
14559
2985
13672
6543
153
6109
8767
6723
10881
2287
4501
11120
1722
10593
12686
8699
7781
3887
8912
9700
12024
2765
16926
4372
15662
14954
3586
14796
7054
1311
8887
14973
6837
14152
12553
14898
4815
3280
10445
3489
16715
6657
12628
6777
2723
12971
8319
1076
666
6271
12494
7434
3253
5970
5433
4565
7717
5346
7825
1629
4786
8421
5838
13872
13690
627
9744
14011
1099
7571
2156
13617
767
15995
10119
720
16407
14731
9658
1096
8532
2111
10405
13026
6829
6841
12580
9909
74
6131
13104
8246
12344
10866
4146
4585
2464
14109
8045
8871
16284
2541
2676
11520
15244
6852
5390
11717
1405
6444
1283
8771
8591
11531
5873
1196
7260
8345
2315
3627
1999
10765
12057
972
9663
8450
14911
5245
3012
108
7461
14889
8904
11029
5295
10510
4876
11516
9522
5265
4100
14578
2715
3106
15094
434
9671
2957
1671
16170
13127
3578
13018
2015
15556
7062
7789
10425
15541
12553
10588
1545
11054
3525
4717
12827
16763
4327
1231
57
16444
15059
16765
2048
14234
991
8929
13794
14062
7840
9705
16618
5844
5309
16240
4770
16003
4031
2797
6870
762
8335
3853
1305
998
79
5887
16716
12325
13769
10058
6686
9898
648
11679
13666
7820
3845
7422
9572
9287
3704
19
4366
10274
8929
10815
6479
7028
9005
16977
1634
12838
16830
8699
6499
4906
12369
5702
3597
10411
7318
6476
3042
7080
10111
10615
2361
10438
7599
11540
9139
3827
5287
12169
11360
13250
14036
11438
5626
4806
15887
451
3062
318
12461
11635
3344
7320
8441
13119
15343
6658
10990
1260
12144
11984
2529
8881
12311
12271
497
5062
15924
142
15020
5227
15787
16739
819
7964
12054
14064
7377
11618
4742
12865
8520
13532
11280
7719
5962
1291
9172
11793
10577
3936
4763
5308
830
7393
3106
7079
2561
12363
3166
11344
13700
1177
1294
7289
2962
9752
2930
2827
6791
3957
2353
204
15760
12915
647
12816
15573
7264
3869
11596
12449
3856
6591
8004
2484
950
14099
2935
11073
4361
4305
7502
9781
4133
6340
6880
16569
425
5099
14053
16905
9761
11964
10954
2785
16814
15826
16513
1721
1059
13128
7382
3562
3269
9911
11635
10746
7958
12505
1190
1673
2457
589
7087
10182
608
13747
4030
14040
16954
8308
1959
2182
9227
11496
10768
3774
15640
15121
10802
3488
8856
4812
11091
10229
13317
9418
12079
10985
14864
16809
2126
9153
5409
2157
13888
3607
4756
14288
12250
6852
1910
773
14137
9830
11515
1854
1277
15521
490
8159
4473
15588
5089
3649
16102
14354
11360
2904
8069
5262
10010
6694
8118
415
10042
2836
962
15924
9609
13915
1283
2308
1827
1040
4117
11261
9245
2661
6301
11351
15043
13847
12506
10047
9799
2861
7261
14682
8718
8998
9665
15342
9840
14775
4370
15981
15867
13108
3428
4537
10965
5911
8023
10352
12686
14811
13649
3342
9481
10902
14159
6637
4821
9423
371
5411
2944
11298
15227
7336
7708
6208
7609
10490
15139
16869
14007
3451
6145
16513
6040
10010
12056
9826
16047
15086
16344
216
4257
13295
9024
7372
9613
5938
16259
665
8885
11707
9313
11518
287
6575
4386
14531
12528
1099
8602
1090
7002
6556
3126
16247
2881
3969
12934
10747
903
9557
8983
7902
10017
10829
15393
3715
16105
6894
14243
7539
2133
8803
12841
3078
15772
3178
5037
9151
720
9323
6932
15715
11927
7385
4890
8712
6767
7273
1120
14988
9303
13838
12668
9288
8740
12274
6021
7557
1689
2716
8637
12376
2100
3367
9253
8767
15816
13441
16077
4050
5733
7700
7366
9827
8424
16322
13644
1086
5730
9590
8640
1080
331
8938
10586
14527
876
10588
178
16622
4975
10114
13727
7897
8792
4422
12008
7130
4374
12035
16804
5806
3379
2810
10001
11591
9025
2010
1780
4252
9404
5592
15795
12607
12851
16730
7148
6877
12699
14076
12404
16837
511
13005
15622
6841
5927
13426
9273
10878
13244
7436
8582
15466
16118
3508
16804
387
1656
9045
14429
3147
16264
7694
16689
13696
14028
11751
2300
8012
15188
4480
5087
9441
14573
7645
2413
15447
12062
4359
14051
8488
8890
8673
2084
9963
13033
7194
9458
16000
12457
14381
4598
8062
8223
7865
3030
12153
1772
16583
13850
11559
6211
749
12827
8347
14889
11045
10027
15239
13404
14733
4027
1712
14144
13118
5243
8906
2398
12857
2965
15030
2984
2940
10600
9169
3024
14779
14415
9425
7544
8606
4688
613
3999
16233
6535
7844
15070
4373
156
6954
14152
11379
2396
221
5960
13464
14283
11777
14083
16710
6479
1752
5226
13484
14548
2590
16082
13322
6045
2380
3424
5305
13177
7813
4425
9589
9669
7745
11338
6801
1563
14931
12250
16337
2268
1088
9078
6139
6701
644
9061
1834
10306
1326
14511
1649
1050
12976
4699
1392
4788
11731
5384
7036
14497
3150
8079
2770
4122
14326
8495
4959
9479
14381
8959
5293
15675
12643
14313
10028
1581
12427
4566
3480
4341
16065
6012
16477
11757
16314
13368
9295
12766
15574
16246
3062
10693
1296
10877
12459
1914
3293
3216
11026
8837
6195
5565
3
12646
1937
14548
11420
13941
5238
6314
3957
5843
8274
6924
5559
16091
1447
16154
12769
1973
3011
8648
10207
5225
3992
3744
15797
13944
2494
8228
16403
11570
11971
15274
4639
7531
13226
4641
4558
9372
15201
10686
1088
565
8806
11922
2766
5114
15074
9697
15333
1683
8080
7620
11727
14525
16455
8233
5400
3761
11529
10734
8762
7693
12892
16930
2796
6953
221
15238
2278
13685
16003
8312
2595
8736
5024
1782
7023
9996
7839
7077
10364
6650
12320
3155
4609
853
7532
8871
9874
7338
1041
3889
12729
13602
14310
5939
6027
2311
14371
16276
8292
8712
8100
9493
5612
13106
8276
3037
5089
2403
7107
7876
58
4343
5192
16753
13451
9702
12622
11188
10367
2952
7042
10436
1958
3523
1092
11644
11414
1264
6020
15386
5070
2084
3019
1690
15072
15715
6087
16037
15660
16278
4877
12643
5088
1710
10237
4154
11250
7334
4399
1725
12357
15108
14307
10706
3156
15785
14882
12755
15344
13589
10298
11923
7014
2967
6793
13267
15604
10884
8292
9007
4249
2628
1468
2147
14023
6890
1803
3024
10109
9358
16297
1054
15474
11415
14695
11547
13082
12153
10445
16695
11507
2281
15013
3164
4972
14638
14523
4573
8282
9472
4632
5855
11096
2955
8649
11353
1295
11272
14968
12393
13712
9501
5519
9073
6992
10944
14883
14819
11649
6609
10897
16633
3545
16465
4284
12727
4961
8613
16814
11312
1384
9868
6833
4230
3565
12437
14268
424
317
5166
13257
13060
6719
728
16958
11354
12143
16657
8049
11655
1867
11588
1351
6839
7381
14417
936
9303
5081
12244
1217
10164
13797
7223
15223
11835
6307
13779
3110
5194
780
12683
4931
12590
4894
10785
9769
15003
12621
12790
8966
8118
16209
3455
6973
2197
9418
3010
13641
12724
2384
10061
12259
10042
6710
9016
13847
3314
7063
12796
5617
8824
9408
9752
14094
9290
14274
15863
16354
9421
15071
1636
3932
5509
1950
2312
2823
6696
11846
6372
11172
11018
5327
5375
5105
6732
5625
13045
11198
6403
1737
11294
11238
1079
13671
10114
1366
3757
14540
12098
16330
10381
3194
5917
10162
769
16829
15599
4911
14855
4115
6515
15975
5096
3356
11618
11222
10223
2879
14328
2104
2400
2942
16328
8638
15963
7842
14571
15233
2058
3596
9340
9637
837
3791
8336
15177
5103
6752
2046
4273
4950
10060
12164
4171
11296
1977
3981
5616
2403
13481
14086
7103
3860
1841
2991
4269
517
13183
1092
1895
189
13012
4994
12773
15706
14707
2776
1619
14650
2288
2621
9040
3900
8007
11603
15308
5869
14490
1006
6822
15534
3566
9187
8142
11074
3679
14447
15736
174
12862
4469
292
11964
10269
11296
11289
13504
4042
404
11629
12474
3701
8455
12980
10286
11722
6142
16304
1046
9955
1536
11997
12882
9592
8003
15881
3941
3019
12080
9816
11429
8832
1048
12227
8880
10550
1620
5856
51
3967
3200
10389
9174
11219
9989
8248
12432
1041
8418
8368
1093
2392
3518
16244
6754
9858
16025
2909
9743
14079
1437
12034
10019
14635
13856
3258
4679
4737
7281
9183
6075
13416
6468
10955
11637
10060
11634
5944
4206
4068
5446
2066
14576
11316
4179
3045
934
459
12876
13874
5063
1422
6372
4506
12985
2490
15275
8049
13016
13603
4466
2488
10290
12311
264
6176
8581
11192
4103
8334
2055
7263
10575
4132
15484
7160
15349
6473
4285
7770
3986
10944
13596
9952
9619
12801
32
7396
13084
9364
8371
8709
16780
7841
11889
11251
8833
9390
8004
854
4951
3866
1262
11196
7664
2509
14596
6527
4504
13299
1651
9980
1062
16246
6624
8333
13881
10968
14731
16279
13365
10985
9804
13546
7447
4411
4117
14537
13870
444
12885
7982
4638
8109
10783
1843
12807
9975
8892
5966
15437
707
7509
9573
10259
14155
7215
9473
10967
1005
10322
3636
13581
3402
13454
1070
6100
10357
1158
8989
4690
2081
14788
11551
7172
9185
8393
5217
49
9955
15771
12012
7930
14702
7877
6089
6813
518
9860
10898
12508
12930
16780
12930
4913
12596
15193
10153
9506
7523
5042
10839
11677
16502
13049
14308
3407
12769
3720
10541
648
5871
14644
15596
2010
6489
15335
948
10469
7307
13948
2490
6288
2505
12473
3580
4502
16587
2533
11483
16901
12222
4697
8627
10369
5327
10430
1045
15771
9046
1407
14148
3038
6156
365
231
15884
6190
16636
4846
5264
74
8021
14444
3065
11904
6567
13717
15647
9920
13209
16800
12569
2217
10378
6532
65
1971
2268
13492
11652
8072
12229
16432
7453
7756
11381
14832
8813
7112
11029
2710
10741
10134
15647
5336
1217
15920
13814
6944
10360
4091
13429
15104
12172
1820
16618
14234
7162
8882
13407
16414
11571
52
11789
12818
11853
9335
4992
16571
7027
15806
14869
12847
8646
11663
8826
9283
13227
5071
2207
2456
16605
2059
15004
12220
9625
2516
2526
15123
2590
7297
8351
15554
4813
7970
10143
12234
2125
3933
1657
5417
14739
7393
12394
1612
1918
14849
10592
8212
391
16822
1045
10047
8911
5022
10920
6168
8188
6077
15457
956
4525
3525
10222
4827
3495
7670
15964
9747
8182
14984
16689
5455
6713
15672
2245
15462
1108
10891
13834
6588
6633
11727
6747
11995
12181
16136
2927
799
12157
16650
3840
14508
1612
630
3208
15598
5186
1137
15443
10175
6083
7033
15288
8851
6277
1878
15306
4017
2552
12685
82
14360
6848
3804
10386
4004
15375
2235
745
12695
1180
15166
9784
16113
9900
5911
10319
7917
14915
16431
14703
14607
3016
9540
2430
9426
6387
5550
5930
1793
8203
9288
1992
15881
10452
7654
15389
13155
5275
5932
14885
15459
8325
4738
5150
15482
6139
14877
4007
7010
2388
123
1515
14594
3309
3336
8289
1090
11717
8605
179
11827
6124
8303
16768
6001
2632
6917
4902
9874
7550
3476
2301
14296
3282
14571
14533
7050
13118
12927
602
703
10706
7284
6338
14972
7897
3278
4131
13141
15283
12074
12485
9182
4912
8297
14324
14791
12580
1696
11180
10516
7931
3730
127
8812
11626
15881
16343
6644
2821
15457
4511
15053
10197
4529
2995
14355
3344
114
10393
12487
16225
7390
8979
8452
16209
10607
4732
10268
10019
15120
4088
853
1611
3665
6522
7485
7220
9444
3471
1480
11821
3471
11897
17
1196
16735
7656
1789
15015
12636
2240
8255
12875
16766
15984
130
9518
16989
16296
8249
8191
3387
3700
10197
8397
14901
2160
11061
2509
16041
4178
2021
5358
3587
14129
4080
7740
8593
6409
4030
694
6627
2019
11275
10899
15459
989
1737
13006
12276
9472
3112
14673
12029
6051
1422
1223
11023
9157
3397
2844
5562
11416
3291
14306
2136
15052
15862
3763
3525
16150
8182
3072
4067
14930
9672
4396
8157
14069
3015
11210
15921
5090
2654
13125
3273
6381
11023
16219
8895
9948
14137
16333
318
11876
14514
3322
12326
4146
10648
8524
3747
2376
16550
11999
3302
16753
1312
6042
15809
917
13707
7856
8410
10264
1309
3502
4423
11443
3435
976
16808
2120
538
3098
16766
4598
78
808
3168
12151
14928
1514
4497
5596
464
5800
11896
8122
5239
14510
8035
2052
3676
2312
7697
7305
12864
5512
12682
1256
14045
5
9828
4575
10589
8817
7104
5080
6518
2569
10140
1345
13527
605
15220
13524
15987
1874
11637
14777
1503
7374
2378
5120
14207
10093
13931
15432
2181
6467
1720
3937
8600
13160
4581
14689
10383
13322
469
8745
688
6393
10525
15320
8417
8746
869
13628
7696
14309
11900
13123
1186
6567
5014
16689
10654
1536
1223
3151
15359
3539
150
14217
8100
6021
11118
3161
15281
11664
11961
10789
12793
15713
7953
15779
10409
8237
1996
11755
4466
12497
15647
5724
7194
13856
13132
10074
9615
995
13666
15664
4879
6170
9369
8282
13882
10480
5698
16230
8263
1323
13328
11833
3621
9915
8363
15026
11488
2666
5889
11210
16358
14923
7280
6539
14587
2463
15457
3872
8346
1637
15426
16958
10480
5950
344
14816
5049
9183
7043
12420
11512
1584
8216
12930
15735
3888
16341
9870
4079
8615
14185
16451
8298
14963
16386
12712
7933
12417
9247
15515
6475
13731
4112
5868
16255
2177
3072
7803
3357
14087
14817
16871
795
8255
11301
4047
6844
15426
10222
10961
9148
41
10713
6036
2392
10634
7382
12517
9299
5811
15709
10121
2592
16572
6181
6150
13266
10476
9620
10614
16147
12891
12522
12566
9144
955
1908
14511
6981
14068
13810
1055
6557
7826
14261
668
6941
5627
13914
10438
1547
2313
15316
16850
10827
16683
8983
4064
6864
7519
8066
5011
8080
8202
10649
13477
681
15179
5480
7914
6406
8762
1046
2080
12590
15031
16696
7579
13809
12905
134
7764
14033
10624
15039
14211
13599
6300
2182
8504
1240
3298
2359
10273
4376
625
16663
5775
7742
9340
1257
16004
10859
7958
88
1295
2264
1380
1638
3223
10530
7152
2569
8122
8051
14934
10140
12875
8509
4359
2796
7530
4699
8651
13568
14960
8530
8608
9235
1730
13437
4410
8991
10539
10468
7515
8505
11205
3196
16251
12698
16202
14293
13085
4292
11705
11571
16
12466
6112
5000
7970
11276
13563
15894
15376
6990
11056
12343
13877
15099
520
2627
1494
5939
3014
8880
3866
6543
10667
11369
2537
2836
3360
8688
229
109
15190
10100
8503
840
6558
5918
8466
2548
8511
1518
13532
16896
10597
8799
6191
3926
466
4185
16882
14272
4305
2171
16731
10599
15808
336
9041
1064
7492
12570
1611
10363
7131
7547
12978
8595
2332
11706
2417
3696
15054
4922
15583
9031
15917
14923
11788
14646
16117
3092
12733
3137
10036
11182
10120
8008
12099
15759
7285
16778
785
13688
8340
15623
5761
7880
4053
3685
5637
4310
16902
926
9877
6602
14298
3948
2288
8095
10780
3885
3551
461
15072
4953
13334
14179
6070
11561
924
14494
7023
344
1496
10801
13242
10702
6848
554
8042
15326
3252
3272
12167
13972
10342
6039
6254
1729
5844
6359
6725
16453
7077
9058
12889
13888
5594
9950
5414
12242
13354
8104
323
9007
15855
4752
7432
16068
13566
3834
10935
4152
6827
5109
3274
15546
10748
15224
1389
12063
6951
14298
11434
14293
1554
6286
3150
13064
12945
7471
1193
2028
9080
16520
14430
1033
11551
2746
12235
16208
10619
2569
7578
9681
2653
13932
4474
14213
10669
2426
12997
803
5061
3918
15805
10196
7501
2592
7811
13110
15243
6269
9841
633
12077
3212
4851
1559
13190
3663
11093
9436
13251
7987
13687
4718
2778
12961
4369
1842
5929
7125
13098
14982
691
7786
8703
6960
16575
13282
11324
13707
2801
11148
15530
9780
11375
11937
5826
1223
12548
14881
6475
14402
11574
13607
4402
11553
14905
127
16724
8550
16297
8386
2493
3616
12716
8536
15733
16269
8300
5368
14162
9913
8405
13145
11356
4402
4353
10904
84
5620
1146
6558
452
5299
6833
15727
13700
4387
1976
3026
10866
5547
420
6202
5690
6997
14198
4354
9190
9276
8650
10841
5722
16429
1581
11505
12606
15338
11728
16053
14228
10274
7304
13852
2700
3837
13854
16691
7260
16917
3942
7918
8107
2281
10793
16943
11446
11144
12674
10216
14414
2457
3895
15677
8572
11828
12495
11553
14853
8012
14350
10996
6853
8556
4611
3891
9398
14094
6446
2606
8884
3150
16215
5125
16836
7342
15238
14179
10311
8758
7883
15623
6832
10175
7015
13450
8803
14819
680
1935
9942
1046
6207
11836
7303
2342
5558
9906
4199
6735
8504
663
11144
5514
16885
4194
5330
289
1556
9354
7812
4681
6498
15935
11578
14227
9581
614
7164
863
306
854
5142
6092
6063
14541
14555
6207
13269
16067
7022
11999
16874
6678
11398
10711
9976
11285
2134
10567
5268
2990
6985
7031
947
6497
6465
8818
12857
283
10426
4274
2780
4087
16524
12644
564
14371
14478
6580
4413
16940
6783
8866
3704
10323
15927
13252
2157
6860
5538
12715
9923
15905
924
14005
10905
6771
3314
7694
13024
2759
1917
5826
6746
16241
11700
1616
4909
11069
4598
7945
5501
9501
11121
4239
449
14857
5812
8309
14864
15200
2021
16076
8374
12041
11717
6141
1709
7393
15381
4085
1085
13295
14275
8366
2170
7464
8223
4309
10383
14464
8523
9053
7190
7782
15875
12621
1788
11211
11267
5151
14881
5770
6319
8023
3076
12943
160
281
6018
7306
16712
5920
12541
4091
498
5656
12858
16630
1579
14433
11763
16562
8833
8944
10726
1038
16519
3459
9260
7945
10525
3323
9150
4583
16238
8256
13095
11734
15996
12462
8109
738
12978
664
4676
4205
2533
12730
16935
12405
12321
4948
16520
1639
11245
12065
9928
4260
5402
10542
12865
9247
10928
16357
4838
12730
3127
4968
976
10985
3828
8342
1212
2067
255
11209
9035
3096
14585
414
453
16866
12591
8475
2292
1949
9087
15809
14880
15373
16559
2257
9094
3612
9938
12130
11836
437
16057
9922
5204
4742
6617
4382
13746
1747
966
12763
6789
4094
8943
11898
4171
16163
15728
13081
14211
15550
10513
9853
3309
9564
1126
8058
257
14074
121
12085
168
1998
7379
8246
16121
16429
2678
9037
7572
8932
13546
1421
1290
11760
11814
8257
12947
8272
5294
6880
15323
5540
7085
15600
16361
10830
10558
12585
9018
4065
1459
8216
5894
6332
10781
611
1658
10630
14526
6612
4459
16050
9029
628
8846
14945
12541
3649
15599
1675
9709
14110
7304
8577
4024
7088
1308
8951
5007
2513
11701
10632
9922
4818
13331
3813
115
9893
10068
7156
5975
16436
10297
8757
2113
16030
10542
1299
15778
11075
8410
2600
2317
16621
13094
5937
8409
6925
6596
10893
6779
9805
9595
3336
8468
1526
1602
5418
8498
1401
6398
10929
10924
15187
13196
5476
1165
15284
5186
1271
16395
6666
11321
6512
4356
14559
12746
13019
4427
4632
15834
2699
14469
4316
8418
4060
9534
5093
1426
9686
2377
12186
6621
10098
14453
15508
15522
10739
14855
3206
18
10909
8141
7827
12721
12700
14922
14697
11489
1225
12733
9637
6479
8039
10986
8349
16098
5878
15079
4819
11642
15956
821
8030
1218
1926
790
14635
12425
7993
12579
10791
10510
13011
10631
12613
550
10075
16685
9287
14943
2749
16155
4458
3108
8459
13203
16798
6280
4156
433
3774
9527
9634
14221
940
15205
2217
6743
13137
5010
9908
2707
7238
4204
12169
6589
9163
12683
15850
11023
9622
9934
2831
609
16899
13683
7671
11176
3939
2065
9185
6036
13010
1136
4822
188
2320
15163
14929
2016
10904
10913
9181
388
1844
16856
9662
11193
9470
2705
6607
14773
3156
8172
15161
10380
5165
10660
1144
9149
13463
7760
2888
4105
14251
7562
2755
11898
10228
14882
15439
3667
6537
9394
2742
8587
12003
14125
16305
1896
12308
3082
5120
1811
5998
117
3370
14180
9870
8125
12104
4134
4841
7956
12705
7942
11703
12427
11961
16215
16966
4946
3036
9664
15384
16778
3525
12369
12499
10849
9824
9568
11627
9769
2242
14286
16508
11183
6670
6313
759
8914
14180
12948
3348
569
4341
12667
9192
11168
7054
15998
10393
5842
6450
4241
16680
16351
14461
7374
5544
5654
8564
7679
15936
12668
11144
428
10884
7398
5345
7910
8726
9926
1726
14204
12354
13893
8833
16648
6571
13369
5369
14097
8918
13415
10451
5662
3567
3438
3696
11
9226
13164
5472
13848
1394
6511
15762
13744
2186
3863
5613
12950
11148
9827
16947
13154
230
12583
6281
4215
8088
5722
2995
12594
2495
10452
14600
3023
11284
15228
14599
3934
2519
1418
5036
6622
3298
16272
6012
11051
12992
2621
16511
3409
3537
13602
3206
8118
2307
16178
10108
6850
13267
6374
6118
6431
9968
16256
1242
8762
8897
16107
10423
11518
2830
2008
15710
493
16970
5251
16617
15053
5014
4603
7388
8439
5091
11748
16951
3234
9636
11392
9537
13725
13960
1427
6173
13154
3924
13102
321
3623
15617
221
9640
7520
6587
16301
8573
470
9949
11200
1902
5680
11013
13719
4761
12182
6344
1152
14976
3706
16732
15035
8408
9667
7901
5749
8838
2948
15049
2483
2614
6772
8714
11806
13762
14582
1329
13268
9774
6391
14933
16741
7604
1185
4720
9164
12250
5493
16789
5355
16324
5391
4534
12146
4829
8116
14263
15167
15587
15389
6026
16494
156
2219
5760
11924
1009
14946
4628
4909
11904
2876
9102
9831
10072
3802
5743
16506
9013
5829
7043
4976
14472
15831
2024
4195
7124
11620
5525
9723
3955
14167
14708
14632
9371
7064
1668
1916
15478
9900
12063
8807
5825
6929
77
5433
10927
196
9935
5187
14137
8885
16429
6872
16810
10889
15420
14780
16011
10987
16224
12763
15995
3619
9831
12860
4979
5770
3491
656
16798
332
7819
1217
7147
3283
15400
10908
13362
244
3668
4419
16624
6511
7510
2952
12096
8822
10592
3584
12595
12107
10172
16928
15748
4721
16662
3613
5283
1722
473
13721
5952
11070
16654
554
7366
8227
12988
2397
1271
12110
6558
10962
9788
3811
9287
315
4936
12820
2976
15219
7647
11499
14027
5581
16444
14292
254
3643
16874
6324
15284
13130
12126
5711
9398
15310
5290
9718
675
874
1727
8522
13909
5658
13433
9299
6748
13244
16469
16480
5997
6117
8454
771
13739
6094
4089
14977
2914
15928
1819
10805
12970
666
6604
13671
12672
15723
15847
16449
7970
9767
16479
11792
5841
10773
12353
15429
5383
1440
10586
9881
497
15294
4862
2307
16629
2264
3865
15656
7212
8063
11667
11051
13654
728
5517
3257
11511
10471
6179
3030
9609
10440
8750
7125
3400
14173
15494
3411
13438
2971
2324
1504
15442
10520
4335
9598
5028
15027
10941
14520
2884
16219
6307
15925
14618
16031
8983
54
8723
13651
9570
4362
10121
1339
12298
5873
7041
4416
4753
9050
13896
11324
13572
15025
69
6101
8806
9707
15809
12860
10762
16264
6217
2720
11851
15345
11757
1121
13292
3323
8751
3344
6694
16549
8858
6772
6636
8692
13999
10635
14874
16784
7703
9866
6776
10019
11634
8622
6605
1369
3023
7093
12765
2538
3948
9044
12739
15424
9105
3415
6303
5584
13440
6128
6454
7499
11969
3004
428
14778
6409
6713
14989
3968
6556
12993
6959
13318
16324
8795
9673
7186
7476
4597
3752
5592
15720
14732
14098
10472
4157
10538
9439
16468
8562
16393
4933
9509
11936
7205
12829
7966
10466
5422
674
4446
8738
16960
15972
8273
14024
12180
16038
1432
9857
1511
3366
10566
2988
2849
6238
8008
10066
447
8456
4666
5361
7161
1992
3799
11846
1077
12585
9961
12044
9450
11640
13763
6333
1071
4128
5713
9018
3718
8922
10502
14747
14534
1145
13209
15691
9965
12877
13821
12752
378
163
770
732
1899
10921
15307
5921
14516
8945
3323
11922
10559
14285
15601
7631
1494
4110
375
3644
14521
12625
4266
16864
6604
6693
308
5807
9003
12385
4493
6462
14095
6274
3588
13181
5161
5708
13771
11450
285
9753
15348
10685
5589
2975
10021
4739
12817
155
4788
14604
12799
2119
3745
1457
10416
12621
14636
2605
2638
8574
9747
1832
10795
1052
11991
6902
11921
13933
5477
9737
7139
8108
13931
1980
8351
11605
2201
15435
5814
16570
2719
4609
11640
2389
11863
3975
14988
3302
8574
1349
14584
7567
12802
15100
72
156
6125
16112
1517
94
3374
11941
16914
2961
4406
7181
7820
11817
13433
11978
13194
4362
11371
8824
2865
5091
7208
1205
2345
8614
16332
427
3505
7689
10941
7829
13720
921
1188
7873
11847
5504
8012
3512
10066
600
4738
4038
9538
1809
9558
3370
11889
7475
16849
8232
12202
3711
7120
535
474
921
12224
6309
7905
16201
7641
13367
9334
16638
2483
13657
96
14339
5526
2747
16051
12987
2036
16043
10058
15625
5601
8585
8769
7850
9752
10982
9428
14483
2682
6958
1416
5487
14003
8078
3616
16704
96
5707
665
4525
14093
470
9725
1919
10465
6871
7968
9309
4240
8901
16435
6732
7876
5168
973
2704
15798
1720
8872
591
14152
9207
16722
15546
3631
9929
14878
10964
10325
10495
4736
13572
1222
13124
5270
10217
2990
9491
8058
15220
14858
15432
406
6057
3967
16185
3944
10049
10732
15810
15203
16068
4066
2958
7223
16688
1228
9352
8989
15475
394
10941
8810
10234
3263
10649
5985
12780
686
5422
15382
4703
3142
1215
11811
12539
9545
1255
2369
13989
8218
6715
4234
4761
12333
11824
6462
100
5439
10254
15190
10844
3704
8282
16849
6629
13452
2388
13963
2989
2573
11671
3453
3940
16295
16997
99
4326
10721
7466
16158
11569
14547
2304
4550
9656
9601
13671
2744
15902
3701
8931
6974
916
11873
9845
6799
12810
5314
16107
10319
12481
201
6199
11248
7643
6034
188
10284
4814
13823
4586
10024
5693
8078
2950
13779
5932
9569
1577
2251
14050
1867
11421
12120
10
883
15717
11045
10942
8234
11458
5087
8791
6978
15960
16735
12002
6360
1382
3565
5941
15339
12374
6646
2707
13925
13244
8124
14719
7807
6228
4840
11060
4820
2862
13304
11210
3924
7523
1287
10885
1557
13209
6198
16018
12704
14061
5330
4209
9296
548
13141
4566
184
2500
1828
10114
10890
3895
9411
9213
12043
787
8261
5723
13716
1008
16034
13162
16230
3466
2018
7975
11453
13797
6333
1957
517
263
16237
15225
10407
12365
10708
14146
1834
5936
16968
1933
15869
7186
13932
9129
12539
10211
5543
5996
8863
6494
12427
1105
11006
11202
13287
2788
1675
6883
8560
5127
5993
12227
733
16416
4514
80
13371
16286
10443
10082
15958
3655
5461
14526
1886
15203
8684
12357
2321
1821
15162
2781
12290
5588
507
570
9834
8341
14363
572
8351
13072
12904
11923
10376
13362
12912
5133
3645
14366
1921
15207
3277
8847
14467
3821
4983
13159
4824
7771
8445
11375
10652
11380
2666
778
95
3457
15389
15062
8044
6692
16866
2665
2084
13970
1822
5661
4494
2218
12065
2565
16956
16967
11913
4189
15498
814
15244
10568
337
56
10243
961
6615
4361
16626
13561
10210
9439
5026
7671
15717
9834
9931
13101
11614
15345
1737
1639
5885
9891
8795
2450
14410
14019
12368
3883
12802
11264
10114
12185
2920
6100
4498
8335
9434
14858
1548
10126
1933
775
2472
1890
477
15169
1188
15140
15322
15227
12259
10978
15583
7528
1822
12376
7558
2353
12733
16482
10946
8938
1098
10673
12992
3212
83
2426
13045
4489
7942
12539
16925
9129
4410
5932
13206
7805
15168
7521
14270
9593
171
4221
14013
10754
16355
13024
7209
546
16002
6033
2677
2224
10607
4875
1066
5999
12974
12252
3317
5482
9408
15460
16563
3157
4367
145
12692
11789
12626
7913
10683
2284
1862
3281
14582
12049
11279
4067
6480
12327
12489
3132
5028
7734
8484
3410
5552
2109
2414
7305
4590
8039
333
4330
4048
16793
1745
7223
15518
4430
12249
14096
9434
11744
7640
14439
15269
13796
6746
6070
15070
13842
3334
744
6743
970
29
4739
4566
6015
8396
14670
2706
2553
497
10156
4736
16950
5785
10918
1937
11045
13548
15347
1852
11458
3952
4091
5660
16286
547
10356
8899
11093
10934
16941
1112
11252
13732
6209
9095
9488
6500
9889
2089
9779
2973
7560
13309
3443
3830
7440
16658
12724
10728
1101
3016
15363
10508
5587
2764
4087
13662
7454
328
16440
14969
2925
7770
5308
6082
4713
5379
11506
333
10926
14188
10336
13741
10741
8448
10230
12492
3118
9736
7736
14226
11635
13035
92
16316
8778
7691
2654
16598
8256
13084
8051
5603
14412
11380
14421
5286
4708
6945
4426
6664
599
8434
7304
13771
4983
6352
6359
4633
6791
1723
13960
7201
1441
16520
4691
5721
15264
12854
4750
4921
16670
4068
12411
3292
4270
3707
12738
8238
7437
5557
14250
12779
15682
6425
9484
14398
5045
8939
9349
11459
7551
3701
1058
7385
5868
12415
8498
15185
10148
10745
4917
991
9678
1042
6190
2058
3807
12788
284
4621
5564
16688
12747
10307
9100
9440
4031
1965
5931
1760
4757
8902
15892
4248
4684
13622
15785
6763
3561
4187
14676
11086
14339
12629
5161
10229
10644
12370
15887
7728
13505
15914
5923
1632
3667
2826
8530
3826
8681
5219
6477
14439
6529
9248
8901
8256
5069
16200
9761
1668
3190
6995
10762
2231
8475
13852
6367
8348
13676
9445
2290
5048
10201
4021
6118
741
565
986
1958
11999
6191
12140
8353
1014
7355
13596
16103
15450
9101
3257
8758
7201
5099
8865
12209
8493
707
8350
9152
3426
9804
12455
5938
14936
14958
15028
3126
15303
15893
9607
3280
898
3095
12263
7923
8658
15414
14463
1233
14901
16945
10594
11976
386
5446
14993
3178
10445
11006
6358
13288
10934
15804
13376
14052
16066
5253
5255
12351
3764
7754
83
12329
7464
16686
6656
14513
13761
15577
397
12630
12329
2423
1148
14711
7170
5644
9432
16321
11156
11988
2489
13869
9416
9113
301
10882
2323
11465
5603
11633
11254
792
9980
5351
16966
8796
15794
3964
5250
2148
6080
8192
5456
15545
8940
14077
9145
13276
10610
543
214
448
2900
4452
15727
8312
11945
840
9629
1714
11754
12043
10501
12671
9302
8580
16537
3735
10703
1758
8759
804
5775
3079
2708
941
13531
11313
6318
5856
10426
4943
4119
7151
12050
3567
6856
13671
12517
14309
10731
12526
5584
16131
12956
5348
4099
3352
14993
7576
5075
11444
859
497
9325
12181
7638
14757
15245
13755
10734
4971
10496
4772
3239
11172
14994
7997
1738
14576
2076
11438
434
11997
4709
8394
15702
10887
13713
7197
4876
12087
2349
12682
3991
11955
14169
2449
10682
8438
929
2605
1807
4419
4848
8660
7966
7388
6740
7586
13374
3715
7047
10949
751
9858
700
16643
12471
14731
7833
13511
15492
4923
12966
14928
3003
9457
5592
14215
248
13799
4159
6889
13821
3736
6972
4688
12079
10870
6290
1059
7520
402
11731
7774
10492
5859
4630
7724
14943
7597
4084
21
440
10154
11647
16320
13625
13943
4854
9947
11637
117
11820
7055
2067
450
2404
4341
4149
2822
12583
11443
13945
3563
6210
4655
2439
14936
15354
4721
1389
3975
1277
13852
3899
5788
13021
4068
7695
12611
16389
3053
2962
13082
14896
13959
7791
659
10619
545
5447
11053
13535
16181
13187
16479
12537
2802
5708
16560
16154
12926
4799
1977
2949
8442
3181
7078
3380
1536
10677
15840
5829
14743
9064
12764
13693
7207
5535
2398
15620
9675
6758
7686
12436
10369
5779
8228
4713
8036
11699
14880
4583
6943
13854
6683
15830
4303
15833
12307
3451
16545
13929
12614
12815
11868
1222
16614
4481
2168
15164
2371
947
4629
11511
6254
11174
10808
10953
7006
1786
10980
1233
1737
9298
14840
10805
10137
15250
10911
3061
12663
9126
4333
13200
10100
11232
11682
4717
1994
4969
13382
10394
1720
4937
2675
10616
15405
11691
13237
2070
0
13192
4623
15374
9962
10388
6217
1648
1133
1734
1793
4233
8851
10726
12178
2644
8895
10904
14627
3522
16951
9614
2359
8494
3959
2395
7461
13752
5514
5040
13017
12902
9135
213
10719
10350
12566
16053
13463
16344
6190
5808
12217
11841
8671
7646
2798
6958
15624
191
6499
11376
8073
5425
4543
15744
16396
1058
12370
9254
11780
14761
13675
15506
16152
1777
13588
3502
16556
9345
449
1543
9997
7958
4014
1031
13995
16868
1973
1210
7662
15356
11003
16022
13445
5095
3563
11874
6681
3925
14870
12757
279
10380
10121
7668
14378
12871
15016
7820
6528
6745
1090
5432
2105
8826
9335
10674
16223
296
3615
9348
2939
781
9805
12460
2797
53
3740
10598
14289
14315
4598
504
12356
16496
6405
16394
2813
11307
12443
10816
7352
5548
8611
14049
11331
13585
5140
7547
8625
6160
2024
7027
6869
674
9903
9438
11151
12100
10498
3192
11602
3997
1905
14931
15408
7202
1738
8195
8418
10205
16905
4873
11260
1311
4358
3373
4155
10415
7156
5846
7073
4406
11669
6986
8181
10011
5626
15915
5869
15516
12149
15944
2395
128
8366
10373
8279
16248
12775
14642
3631
474
16367
5116
15643
771
314
15306
11086
8398
894
7991
5844
799
9568
16042
5865
3558
11663
11553
11254
7983
2977
4743
6868
6596
740
5046
4509
10904
3700
5979
2509
9906
7314
4450
12201
2525
10189
12108
8769
13573
405
1681
13333
13031
16113
11428
8885
12280
3195
1856
11609
11
4097
15821
11034
2437
7633
5208
16962
3817
5728
6690
1495
12931
12147
5979
13464
13642
11645
9191
10974
6817
15267
3380
16836
14178
2959
1642
10089
4370
15675
11052
5751
4457
4827
5090
586
123
3681
13497
616
2867
6260
9355
9697
5133
16830
7242
4853
11382
6408
13570
956
5767
314
12220
13685
4890
1479
6359
9603
16423
16820
4123
11991
2503
8446
4421
10828
1511
15723
13046
3025
7473
9894
2804
10019
16968
2484
13907
3122
15899
7047
8406
11304
6501
769
13216
3587
13275
10496
14714
12293
10908
7385
9884
15792
2627
16617
1030
5619
7059
16364
8205
5549
12700
5581
13050
6978
15743
6342
1655
13228
10410
7142
8185
2108
14218
3915
3838
7725
5893
9338
7320
2365
7320
6914
14853
5482
3145
8170
11871
2626
15516
1167
394
16487
6834
16157
9270
172
8051
1534
8164
8511
7729
15810
1065
14719
15638
7656
11334
1453
16348
14324
14796
16194
11867
13503
14313
15120
2158
4464
7413
624
8413
2067
3783
1453
15151
6359
6654
10439
16556
14937
15032
10278
16895
8342
576
6111
10507
4555
3280
13046
8793
8101
1279
11103
16675
16872
7848
300
10178
11144
9605
7747
7168
6209
9170
3790
13576
38
61
7700
3411
11951
15238
8472
5986
10490
9111
12632
7008
16565
11497
15407
4297
6366
10781
8467
11655
3681
2490
16370
14192
9228
1294
10110
3751
14182
5091
8928
6934
3380
5990
5590
10938
14713
8878
7843
4350
482
5909
15420
13384
5056
2317
10326
6306
15336
2755
4113
15282
13764
2712
348
505
12350
14641
8771
6863
2243
3884
9950
8696
12935
5466
513
15232
4350
9619
8013
14278
9823
15388
4258
8184
1410
1012
10267
7653
2677
2864
2098
6548
8179
2513
10338
6372
3503
9800
3082
10556
14759
16362
13810
14722
5344
16282
6787
9685
667
6563
16570
4906
12575
8633
9678
9822
7653
5828
9380
5336
878
15132
14139
6408
12233
4162
3101
6533
10086
15882
5394
8808
3601
4119
10538
2640
2054
13341
16137
11584
12722
5634
4494
12494
12914
4248
6713
2193
7980
15434
624
3267
4296
11472
16428
11442
3919
14020
1699
3402
14752
12529
2982
6876
11787
9755
16871
13740
12409
12356
6594
13136
16308
8035
3103
2088
14122
708
15084
2684
5521
15927
3813
10728
4618
15011
6007
9207
1765
7980
13245
8575
12653
3185
8245
1201
8956
13955
5340
16331
13896
15742
6238
495
2994
8904
8218
13955
11012
1846
3421
6931
10371
10266
11613
3897
1643
12649
10620
4415
16182
4796
13080
1514
8553
6039
4333
9485
16539
10187
2247
1385
10378
7256
6629
3748
7569
9689
9298
13298
14975
4336
10203
10927
14270
7754
12749
7172
12062
5064
2307
14690
434
14390
4296
2030
6099
4570
7957
14713
4833
8120
8677
10539
8367
15298
14367
8693
5018
12958
13930
13999
15937
11451
13539
1198
1456
2235
16202
9871
13103
12526
2753
2209
3620
15588
5965
15935
5395
12214
10374
13827
3877
8153
12122
9331
1319
6929
11380
13854
1543
11542
10261
15603
6618
11048
11335
15530
13078
8195
6697
2382
11927
5782
3380
2305
321
14627
15594
8914
10784
15227
14188
1025
7761
7087
16126
7375
7141
2841
1396
1137
5791
448
4876
16266
9194
2220
13049
10842
4158
4762
9079
10769
13383
5747
2569
4422
5649
13575
4671
13441
9607
6123
2134
8278
16444
10770
16439
12308
11899
1524
577
16907
10013
13109
11694
7521
5203
4856
12295
11090
12864
15483
11543
953
2683
3684
765
7693
13781
5720
9096
7569
5456
12457
9666
3186
4857
3690
11089
6313
10619
7801
3467
8731
3677
724
14979
11195
1536
11239
7721
7090
13581
12408
796
1142
1136
4734
9938
3777
3096
14545
8604
3058
6130
1844
653
2517
15987
12100
8961
11740
12660
15671
3680
9781
4390
3946
5844
2114
14072
7788
12933
3738
6318
8721
15854
12039
13781
7197
13411
8010
12156
15506
11270
9389
2440
12870
10023
8020
5917
4151
2458
4473
6032
5983
11192
15165
7612
7777
13898
14878
8208
9239
13943
16574
253
2731
13850
5603
11974
11699
6609
8846
10279
15001
15747
4953
11660
12498
2590
6357
9929
6429
1626
14852
3739
5002
9220
11597
11281
11047
4695
8524
3441
2046
141
9339
6523
1450
5991
1633
4144
12792
10007
659
8063
15184
711
1749
12511
9726
9324
10891
9639
3084
6366
368
4806
11571
10863
15413
9434
6844
8930
14498
12068
8532
13189
2876
16354
836
1253
15024
9827
16698
14794
15322
6571
9477
8030
3849
5124
472
11400
12796
11652
14384
10957
4490
11541
5344
1009
10889
7889
8998
14542
2501
5284
269
8647
8557
4406
15715
13964
10825
7966
14340
7470
6632
11954
2893
16639
11605
3683
1649
6730
5335
14323
8307
15033
7890
11516
1100
15942
13360
11494
15635
16920
5106
14735
4002
11183
12213
251
10114
15569
12792
12201
7521
9843
4505
12769
14074
6313
9416
11396
1804
1725
4270
4960
12743
3790
3350
11304
8733
10979
1733
9215
8879
8022
5603
6495
10548
3885
2376
8013
2198
6352
3280
13752
3106
7585
7607
15991
6355
3571
15234
4829
2195
12272
1089
9706
5981
3734
14852
1525
14358
7240
6490
13914
2050
9327
1794
12780
2453
3928
15509
1925
15362
16923
11854
11460
46
9907
13159
15458
6349
16933
90
13171
4994
10008
4720
10628
6523
14150
9800
948
7281
7236
11231
1138
73
12956
14110
15218
8569
10140
3673
3792
13633
10375
15470
13840
4447
5406
14661
11216
3397
13609
13435
12872
3347
12212
11932
366
5173
4982
7036
14892
2927
14580
10528
8992
12819
4218
10648
13881
4819
11496
13077
10608
3635
6713
10749
16188
3865
3810
8609
8270
2373
1080
7691
15944
16963
11638
11317
13915
2403
712
10810
16128
15315
7272
5800
8174
9678
8592
8172
10389
3679
8963
7358
10775
5066
13534
14230
2202
1624
2210
4956
7028
4903
5330
8786
5949
9426
10045
1108
10780
3131
7346
5965
6195
16376
9765
6151
8085
1170
12387
16317
10787
8130
9633
12211
16391
15637
10172
4324
3101
14903
10248
1204
14883
3283
8600
13758
13736
4582
8822
352
8825
738
16217
6109
11495
11431
3123
2828
15050
4905
15465
14352
7316
1877
6614
13945
11125
4009
6801
9599
5479
10343
3118
12277
15278
3657
257
4876
16528
1049
4682
7167
7676
13155
2062
1972
8969
7576
12019
758
4562
14606
860
14616
7475
15530
7202
8474
9354
1906
7613
11471
13287
8577
7612
13231
2432
871
5857
10654
4993
14296
12758
6154
8275
4580
8899
5469
9318
13285
6641
6495
4218
3549
14481
9115
16047
13452
7799
3041
4779
6923
8096
9887
8490
7110
9067
16712
4348
2643
3367
3811
1628
4875
9601
16792
9959
8993
4553
7619
1229
14868
7468
1155
5038
1747
13876
6017
1874
1881
4428
10386
15854
587
4079
15351
16276
12704
12771
867
15901
9687
2605
6745
12051
13643
14746
14207
4411
9849
2178
4731
2804
3873
16923
5492
10801
2677
2322
5665
3039
9950
543
14775
11843
13499
6305
886
16592
1585
14513
3791
15628
14597
8459
12580
2945
8849
1163
8887
13508
13131
3781
8559
7758
11397
9123
14794
6411
10522
2054
5036
11148
2533
15787
6184
5809
3138
11332
5947
13579
15018
8657
3222
9549
8505
1093
5263
12498
8215
12116
15316
10418
12612
4970
12443
5
1527
8437
15228
16752
9741
9978
14529
9683
3885
2614
2495
11275
13586
6247
12107
8571
10075
4375
12658
16987
13518
12833
8435
261
10598
151
2877
8216
10548
14134
1927
15862
15476
12685
15522
10627
12803
9834
9168
1496
8868
5899
16865
3791
12572
15832
3248
4960
10683
10923
13738
478
2354
8782
4805
14105
10176
15052
1810
7453
2999
10622
2875
16884
8046
1918
3861
4121
3399
3872
376
15390
15517
8868
6828
10530
590
846
6164
11676
13946
5983
6950
5782
7277
9692
7714
9944
16763
4775
14399
16813
13921
15642
15502
2045
8499
5413
12335
2331
178
6222
15553
4429
11317
14815
12719
12715
2491
8641
6658
6891
4932
1948
4401
9913
2115
4669
9107
14925
11621
4890
12715
12335
5444
9818
16292
10283
13367
1476
13744
8192
1997
16127
6239
8842
5837
7709
2396
13207
11026
12290
12537
15362
1316
4451
14181
13989
16033
2507
9882
2801
263
12044
6908
7679
5070
7462
2626
10769
12888
799
15642
7664
14270
15081
9920
1658
2937
13129
4681
1505
14159
3595
12065
9115
7038
15972
153
489
652
8313
11095
13260
3708
12754
10311
3218
7853
10513
4606
15968
16436
6035
12927
14250
3008
13138
1064
8693
16123
13111
14783
10131
16662
14937
3265
15795
7596
14057
7973
16695
2121
2169
10603
10463
14340
11159
6529
491
3874
4329
14965
7717
6948
6716
6985
16471
7990
15003
7112
6040
9020
15236
15729
9652
91
4747
7431
2555
4303
5734
3425
15444
10483
14683
13228
3809
3720
14253
10617
9127
13520
13434
6201
7253
2051
2540
3841
11104
9664
15822
1481
7741
2502
12839
8543
12656
9469
3837
15947
16913
16089
4161
9993
5283
10403
6067
16748
5614
7200
13078
7097
15011
2868
4850
12724
12852
3103
5026
879
7611
16453
283
4610
9027
10475
1837
10461
5819
5259
8218
11419
14507
8057
4594
15895
9176
1720
5872
11230
6833
14831
16663
3652
9943
13005
9600
13457
11206
12173
2360
10637
8351
16448
13896
3761
1541
4461
1188
2196
4158
14066
13994
10687
14842
6935
1561
7805
13058
16159
5057
14532
4904
12320
11407
8260
1644
13968
1884
7175
10310
11352
9628
13071
14155
4764
12634
409
12809
14168
5445
5380
16660
2700
4644
155
1981
3374
3692
6516
11683
11428
6732
15473
5630
9693
13998
6814
6993
12407
272
2208
8614
12580
12764
2039
10975
4284
11682
6581
386
8705
9903
14596
5265
3302
14190
11087
8418
14052
1866
893
13676
13243
10193
612
659
12584
11265
4373
14887
6270
10596
10834
1370
894
13573
1557
3664
1123
6666
9748
12181
10067
3057
3011
9112
14277
3028
3621
9915
7966
11562
5423
10178
4489
10222
5365
9570
4845
16104
9356
1776
7709
15328
11001
4643
12161
16598
13004
9425
11111
10212
4118
9618
7329
3945
473
15796
1719
16127
8407
10672
3495
9069
10292
16748
14366
5842
11532
10327
7592
11345
7262
16697
7848
15620
765
4366
5878
12841
3182
5077
123
12626
6335
5047
11414
7626
15680
14774
5343
16068
8467
4097
6633
14724
5603
512
16502
12057
5589
14244
3583
5480
2465
15835
6803
2435
616
15052
2367
5456
7954
1987
15522
7060
369
2457
2579
15290
3762
6300
4317
16674
1259
387
8280
6830
245
1049
6624
11319
3609
9775
4772
3642
12643
8168
3672
5675
1127
7957
16892
1239
4135
2224
15711
14080
9069
9837
9694
9640
3949
8109
995
15171
16700
12415
1590
192
15502
9101
1946
8919
16390
12731
15626
1508
10450
12117
5158
9362
14377
1955
16950
11419
6365
2683
15491
10163
13413
13579
14226
3114
15894
6424
6064
11533
1247
2917
9741
1702
16420
8695
3431
8958
4389
8744
11685
9335
14121
12524
4646
12100
102
7979
183
11738
9168
2369
6160
7897
4957
10721
1597
4355
8842
8916
5235
3875
829
12725
9952
11083
5529
11793
2028
16500
14953
10220
6259
12609
231
6864
2169
7057
12153
11589
7882
15836
9163
4188
4313
2548
9995
15592
13220
13274
12668
15562
8805
6236
12427
12554
6179
1365
1097
13413
5020
8841
2067
1241
5699
6439
7803
6467
1891
12142
3808
3612
10667
14878
12475
7235
87
11085
5813
8558
12933
6403
12030
6985
16488
1892
8340
11396
14290
11488
12122
9896
11736
2200
16730
1735
7217
3276
14078
15774
9795
7265
16440
16791
2074
9739
2902
14692
2961
10570
1472
9835
2773
7064
9720
14217
14139
3595
6057
1693
11706
12772
15380
3559
8315
8278
2134
3919
5067
13069
1116
6873
4865
5167
2061
11878
1561
8838
13580
15999
7111
3857
11178
13446
5023
5895
5652
9626
6316
15525
5663
10155
3275
14374
10582
11267
12557
3443
8873
2253
7406
1842
11556
8480
5005
12679
2711
4418
13042
11059
7800
6118
8000
14570
14332
1733
11256
9908
14080
10515
7471
4029
7153
1654
5288
489
14988
2858
14347
16759
11657
15739
5090
5907
4203
13830
8955
6754
3919
9162
13277
8000
5500
16081
8060
1666
9098
12761
14023
9890
10551
13044
11513
1349
14962
15531
3509
5116
13495
3034
16328
5516
14025
8816
11974
1902
13149
6546
9961
6632
3299
691
11764
12623
12655
16171
15029
8308
2079
873
2966
11871
834
14739
10269
11408
2238
7100
9791
1236
1355
5366
3489
12970
16545
3790
4130
14982
6194
16354
517
13675
13584
10863
7582
7651
5342
16035
1528
5171
6733
13443
16463
4622
2980
14683
4664
6893
4287
796
11270
4923
6109
5104
5295
10756
8220
713
6728
13559
11861
11883
12861
4550
11055
11075
10614
10476
3595
10993
6147
13921
8323
4908
15653
451
2146
16772
566
11247
9406
117
2971
15036
2839
3763
1203
5005
866
14062
11889
12025
13481
8508
9117
2177
3416
1095
1994
11763
9066
8718
3459
8492
14569
8096
1427
2405
9528
10508
8510
14746
4995
16734
11570
5827
4005
5635
7476
719
9088
14634
6429
9540
8066
7272
14708
7331
16516
15361
15629
2005
7879
3886
11418
8838
15515
8488
2523
9381
11976
2555
1120
14103
2446
8804
2723
8350
12371
9308
2077
5328
143
8406
8480
9285
14112
9026
8862
11383
14237
9237
14400
10136
3985
11801
16475
8101
16985
7695
10504
6318
5843
1150
10404
13171
10121
9326
5853
8562
14384
11257
16942
10936
405
7228
15465
7147
3825
11473
1187
12722
965
11854
3754
9679
8016
15937
1049
5794
15723
14378
5074
1010
14048
11164
3194
864
4625
5808
10560
6008
2734
2936
8909
14427
1114
5265
7535
11368
5949
3313
3604
2994
2335
6590
12448
6397
8151
4046
52
9503
4210
787
14832
15760
8769
3025
5420
8746
1342
9086
15562
16743
5895
3461
1345
16009
16135
10241
10287
7428
3756
7585
13258
11353
3387
12403
12601
16019
2052
12595
10271
1166
11771
94
4747
12041
8673
11589
3030
4268
237
9529
13779
13573
4430
3368
8600
8134
4428
8820
6273
1594
16018
10735
11128
7313
2772
5952
6953
501
12704
10685
2954
6386
10994
8403
13957
2550
14382
597
6667
1954
9217
8712
10586
10303
15769
9438
3282
7331
16179
10394
2842
8573
377
8595
4367
340
3107
6654
4343
7094
9068
5761
5270
8322
219
16463
13839
10304
7429
3385
11156
787
7909
5697
4952
1504
8204
12383
13919
276
8425
14346
9425
1063
5551
3641
15545
6091
9826
7789
5616
292
7275
16061
3389
2256
5059
9893
5444
4250
3766
10423
5859
997
5989
12210
16949
2624
1440
16706
5663
16520
3450
15632
4884
5693
3768
14912
7782
15409
11370
3050
15587
387
15338
8879
3664
8397
2077
13192
7785
2740
7464
6541
14626
11003
6549
7807
15373
306
9902
14951
6931
13611
3317
12963
6708
2315
2372
13733
5226
8652
5870
13796
15919
2975
14334
3193
9329
9816
437
13308
13695
15884
3275
6254
6284
3250
12186
14654
16503
5479
14886
8728
3102
13066
4963
6549
14278
4290
12277
6710
3665
9093
12699
10863
69
11991
16210
8677
4006
5080
11217
2637
96
16608
10433
7936
9562
3479
6577
11968
10739
6629
1764
8390
3505
8615
7063
11668
6392
16696
15106
12232
8614
1743
13815
5993
11395
8174
13738
8655
16163
5081
3617
8579
6944
4714
11372
15932
7999
15175
11905
9555
9907
5250
13098
14965
5776
13237
13209
9258
2570
16809
307
16180
10189
3001
3736
5735
10251
12772
15396
3476
4184
7272
14285
2813
1688
9018
10787
16664
8487
3338
3483
15038
612
10629
7623
13231
3742
7115
16643
1828
2333
4417
13829
13869
15141
3337
2602
9375
268
2648
12979
10041
7263
5915
12744
14388
10786
11569
9577
118
3691
7828
4982
8877
8315
15131
10315
6076
14245
13495
283
13231
7494
12034
1857
5015
1032
1551
12162
5211
15646
6242
586
1151
13645
6033
16969
978
6595
1999
5226
744
8919
4817
11029
10457
6411
5181
13775
467
2397
15045
10561
16761
16787
1023
9411
9872
4593
1667
4571
4374
11079
3776
1486
15359
11474
6833
9223
8603
2544
11827
9777
16671
8057
13983
9206
7045
11342
8373
2217
10227
15788
11951
3316
9533
5641
3699
12931
2260
6572
1749
5091
15397
14431
3496
2004
16289
5594
12058
7120
16709
263
16336
13111
9437
5471
9740
14691
9858
13697
11620
15018
13484
1912
9400
6832
14289
8278
12718
16420
2412
7418
1928
15622
2832
8266
7296
15581
12776
3948
10793
3517
14288
4751
10855
14902
741
4240
7996
16581
12173
7551
15344
2868
15065
4333
14875
10118
4922
7197
8513
11099
10490
14878
99
4810
16514
12829
2605
6869
6438
12519
6562
14838
5961
12631
160
14997
13922
1491
11227
15484
4475
14921
11227
6866
11604
10112
37
13019
85
10356
12902
15875
14302
10577
8521
10818
16633
5428
262
5984
1553
7867
9706
4562
12593
7171
2482
1644
14003
5005
13595
13936
43
827
13550
16592
631
11873
10418
16025
16468
12409
12885
1704
11248
7202
6776
12877
12614
4201
5777
10402
5902
2648
7432
6404
2817
16528
16531
11904
5635
7744
9098
12897
13300
14770
12800
2607
3846
6454
6628
1517
10771
13887
1898
7479
988
15347
8283
16957
16329
16411
8339
8367
1823
1081
12291
750
4304
8123
1325
7848
15275
15734
13569
3616
2886
1542
2557
3027
6290
9554
6001
1375
1949
3677
15043
4008
2856
605
7610
11666
396
13368
14171
14822
2082
14268
3659
13791
3535
3577
13669
12009
9271
13831
5437
10582
1916
11545
6074
10333
12457
4677
3544
16148
12188
4014
13351
8353
7246
834
4582
4272
7472
3001
16390
7453
954
6905
9697
12694
15792
4573
3455
9242
3166
13410
280
12839
12753
14474
6409
15186
8857
9960
113
7496
14722
13341
2826
10545
2235
13694
6143
13896
6925
10586
14065
4855
11441
316
1252
10330
16265
6642
8617
7048
2346
11767
5301
9779
11392
11178
4277
5622
14914
5143
16142
6624
12795
16216
2014
16426
1156
12624
6326
13764
15844
10357
7633
9878
13603
3478
10437
7455
15345
1204
3277
1122
789
275
3218
11512
11739
14918
3707
15298
6535
11869
10851
13625
5227
1520
4504
8952
8324
11956
8271
15473
3727
10218
13308
1269
5092
3119
15402
15526
9623
3433
13637
12620
2696
14707
7424
12808
9480
6605
12522
7610
7509
3243
6684
1553
16189
989
5426
4221
2089
5394
5071
14869
15965
5769
9778
11483
14114
10223
1893
15350
7487
5466
8475
8445
4013
662
15981
101
8983
16934
12567
12410
6184
8854
9122
11696
11356
14370
6706
5596
9988
9733
10327
4239
16254
10989
6903
15766
16047
2991
15287
6032
13404
7307
10958
12320
13086
10892
5778
9396
9740
5791
1596
10125
10415
8817
3807
13912
12121
15952
9444
14420
6400
5192
14799
6919
11105
15222
15581
12420
2209
489
9397
8132
9179
8470
321
7030
8332
3135
14040
16640
5899
16626
10690
95
9972
9568
11146
12151
560
560
15660
12340
15084
3180
9944
8066
3982
8773
3173
16953
10979
3833
3211
10712
11839
3608
6583
4607
16712
2066
4047
5232
8556
2143
5898
1881
5704
15423
6599
14768
2344
13583
3896
1459
12067
8450
16397
11003
9741
13674
4262
1228
2467
15706
661
7212
6472
15753
7453
381
4978
3766
16174
13107
2036
4305
659
2552
4835
9262
6686
4587
6255
5091
15286
10148
11387
1407
5592
5068
14872
4875
2226
5788
17000
2455
6936
14624
5970
12294
3303
16242
1635
8504
13529
16219
9077
740
5961
2212
2859
4677
4691
15725
3947
7473
3882
14708
1363
8622
5294
8836
4510
13418
8448
7997
1771
9942
14167
16752
3038
890
13341
14549
13580
12269
14162
10479
273
712
8791
14060
2364
5678
16242
11400
14637
4638
8932
11382
1425
5470
2803
94
13641
11855
9056
3822
16255
14230
9223
8279
14095
3105
12092
2395
4255
12021
8484
15423
2624
4498
1615
1246
3708
11385
2850
850
5351
16909
16123
6543
9567
4537
4680
13196
3437
1361
9270
34
2595
76
13222
13893
706
10272
15760
2086
14191
7267
15500
4664
16230
15179
13231
7584
15649
6514
2057
2420
5921
13715
3130
11411
16017
5069
7247
10863
9798
12730
658
8873
9334
14126
9255
4395
6999
8301
4315
16930
4133
2694
5513
11300
700
13958
4912
2556
5890
12732
9396
16472
2330
12608
16480
8591
12797
1658
1521
13188
7752
3940
13150
6127
13461
13821
14250
13693
2519
1118
9405
4103
9335
7421
7481
4372
2098
6598
4281
9164
6125
16684
8994
13273
331
6910
13161
5074
1705
2281
1313
6457
6830
1298
4062
12665
10195
4357
6208
16990
15070
3804
4844
8163
3350
11524
13749
9011
636
4046
8265
3982
13658
8046
13164
14729
9707
16996
105
5066
7028
4099
2071
7545
11872
9093
8740
117
4915
3192
15057
964
2758
3604
2672
15183
12159
8038
16515
2265
11387
5031
2533
12602
5288
16283
16264
9199
7572
15741
6524
5711
4697
7115
4056
5192
11340
2227
12771
15127
13875
266
851
3063
3974
1418
4093
2513
3465
11959
6215
13758
15900
15973
12706
11491
7206
1184
14115
3148
8121
11179
12305
15721
12991
13175
12196
7085
9040
10567
10001
3701
10625
8811
13284
2143
2956
6082
8039
14088
7368
15788
11169
16906
12938
16620
10847
3026
2621
3866
9747
9516
6674
2437
4345
11787
11908
13022
3053
4092
2395
12115
4384
4752
10447
5803
5992
3184
12464
13539
14081
3999
8273
321
6604
9197
14235
2606
8016
10209
12111
16192
9433
14623
16239
15743
8684
4724
11025
13910
1821
13771
15763
433
9480
14816
13687
2425
5912
16103
4799
6179
10376
11198
10647
13191
585
3690
15879
7410
4012
13907
7669
10985
15883
11062
5637
13302
11211
6331
1862
14995
15758
13896
15229
8054
4825
7278
5080
10684
16369
6368
5866
16637
16237
6477
16878
12345
11184
4507
3303
2925
9371
7260
5455
4613
12157
2675
2707
2393
4486
6232
3848
3101
5655
12580
196
5754
6647
8872
4081
4977
15866
9441
15438
1818
10162
15602
9298
15781
15535
11345
2682
14872
395
12329
14357
9788
12898
7260
13917
5406
734
13292
16392
9070
10231
8907
9336
12684
11229
15122
9646
104
8715
4587
6700
274
8921
14281
2273
13669
14873
2456
3594
10027
3349
9734
13792
11620
1923
7251
11469
14772
14115
11325
16235
3139
8126
15188
3523
6214
4955
16893
7818
13976
842
2443
14126
13371
11718
3414
15114
763
12061
2222
13284
1365
6266
10228
983
10797
9966
12051
1927
3090
8349
16151
920
10514
4119
10783
9711
7983
4032
4680
579
10099
904
13150
4562
7489
14514
14594
10628
1136
1225
4573
16805
11070
6918
171
11181
1254
14147
7248
10230
14907
118
16374
4336
13553
6968
10556
14940
14457
6085
1674
13662
3191
11441
1003
5616
5258
10981
2454
3485
8274
12227
2621
4935
12255
5905
16428
13808
8430
1643
268
16084
14891
14084
1014
10230
3869
15470
4117
16238
328
12158
2334
12581
3454
5496
8614
3755
7873
4769
10230
3688
5789
806
15031
1140
12515
12144
3051
11213
5251
2183
88
8289
7448
9228
806
16041
407
9790
4032
394
3506
4604
3334
7756
3815
3153
11717
3712
1262
4409
13191
12603
3632
12893
5418
13118
4920
2173
8011
7651
13996
16795
15809
10865
15788
6717
12216
11168
10709
5443
550
4663
7314
13583
8750
16878
10517
5176
11771
414
12745
10107
11059
2658
2218
7305
15552
5020
14570
12936
16926
10949
9707
16064
10476
4627
7593
12834
1933
8265
4201
6931
15235
8169
5666
9237
11855
1423
15149
6694
2952
15685
8477
4949
8378
5072
15537
3918
1097
3115
77
15523
5994
588
4445
9036
8847
15988
1022
9201
3281
14026
16553
11975
13137
15110
7406
11803
13804
1000
14172
1590
15940
2437
13591
8949
4081
9888
9864
10022
2762
1209
1983
2450
16949
2665
9991
7507
2511
6139
8492
9946
8830
1384
914
6637
15483
15783
2286
15399
11936
234
3740
1833
8631
7592
14940
1400
3102
809
7786
1573
11775
9483
3444
5805
3849
5239
2699
2204
15853
15352
15404
3043
5593
708
7156
14378
13735
5204
4181
15738
4917
10800
7462
12078
14323
1659
16549
3924
15859
12238
11902
13407
13951
6075
4626
2782
9664
7041
1778
5715
1652
15223
6257
8137
8661
2461
11126
12476
4233
4644
9551
10904
13048
5065
5504
8768
6752
10862
15738
6414
11754
4557
16197
13175
10008
9677
12200
8695
10168
945
14697
13261
2270
16410
2837
6830
7542
16270
10219
11981
15950
10437
2988
11852
5081
6140
13089
15913
8036
11602
3486
6307
10779
2413
10410
1365
8723
1943
5108
9292
9550
10163
14022
10482
12051
7744
7360
7579
13110
1347
14242
14416
9766
6808
16185
7377
15390
10475
10556
115
15120
5512
3889
2834
4229
15329
8583
5924
11490
4889
7804
3520
14762
12672
2625
10597
13640
5937
10125
4842
14878
6199
6334
5710
14122
13717
4883
14779
259
12645
15636
3010
12714
1133
5490
12832
6707
11468
8231
16051
16737
15503
11125
8034
14369
11022
11812
5867
13840
3927
9433
16991
7787
1370
10801
8162
15416
9053
14354
11361
15236
9880
11971
3449
271
16243
13253
16390
6203
7572
15472
223
11362
11507
8482
1285
162
14180
13963
5325
4448
15823
3978
9090
12651
1166
4519
15756
11447
16520
15244
9792
15053
15461
1702
11554
9038
15493
1136
8125
1516
14136
12961
9186
8840
4537
7348
15745
15413
9709
12354
8717
1123
256
5822
13327
1627
4939
7561
14076
259
14121
8949
5775
5389
1568
14677
549
3784
16909
7918
1572
1980
6738
10035
10265
7899
9092
7281
20
4694
2058
4283
4586
4981
2986
6503
59
5140
1139
14304
2928
6580
2431
11052
8431
14332
10609
16791
1597
9370
15626
11050
1467
11681
2023
1480
2192
6499
2337
11641
15957
9442
9630
6631
2547
13665
9636
9163
5087
13243
11032
10927
6586
12904
6978
12368
8247
10780
1818
13057
10521
11675
7776
9436
10806
2486
1975
7611
157
11262
2948
4322
10273
5032
103
3824
1321
6196
16656
9206
4004
10294
6272
3636
8897
362
8171
679
11916
9563
15980
526
6479
6779
3836
14577
7550
8290
1125
13586
4902
1617
10174
8101
11878
4435
1585
61
4412
967
9745
1945
1750
16283
8148
4696
11599
16994
15777
16908
16183
6907
9779
14692
10250
4213
6322
3322
13267
8502
5066
16503
7916
7027
3494
15085
16211
7734
5732
7694
6341
5021
6882
5252
4058
14000
12317
12588
3024
10265
6131
10362
16502
13232
4355
8302
11204
10847
7735
10601
2914
8678
6268
1517
705
9010
11557
2286
13049
6655
7199
7813
11373
6013
4971
16758
5128
6646
15659
11077
3089
13594
13969
10070
2928
2966
2038
11318
12255
160
14627
13047
1564
10108
10168
13696
11428
2634
8104
8004
894
3942
9995
1224
7304
1602
13802
16020
9959
9625
12260
1984
15380
16885
8281
12727
4832
5894
12308
9559
814
11882
2445
599
11354
2040
8956
14568
7410
14529
15428
15240
2705
9201
14177
11531
9951
16748
1441
10687
12685
4999
11343
2064
10592
3011
15155
5454
9286
5601
13250
3017
3833
209
15361
10096
9619
14645
16512
6942
6131
6483
2351
945
16264
11840
5967
13168
4860
14587
15596
14874
1656
16997
13673
4402
11647
10474
6476
4719
8175
11999
6972
13577
9411
11685
3620
12598
4907
6907
8884
4305
11702
15336
1013
15021
5157
13317
14301
12759
16022
12669
13518
15277
15962
6112
16399
9902
1966
5345
14581
951
16587
4053
1952
6085
12521
15551
4122
3084
2112
873
16123
2474
6150
13761
1966
2860
16338
4804
562
3260
15392
6401
2700
14068
15909
7875
1668
5420
6394
2993
11338
11260
16718
15058
1313
8837
11544
1178
10763
16644
10631
13317
955
10947
14758
7612
14991
2751
5131
5021
3985
1694
10165
7198
11505
5405
748
10727
8093
14916
13704
12342
486
13564
10316
16018
16405
15610
3357
10198
6291
2618
274
5829
324
14753
270
3959
1541
10302
5088
2989
10073
7969
15705
16526
9239
1440
15188
7842
7858
1441
3888
3696
11386
4601
8408
5834
3523
11200
5426
8304
2553
1764
3197
5736
13203
4799
13350
4753
14804
2167
7023
5152
7980
4205
13336
3320
1540
7057
4232
2228
5179
435
889
13353
7138
1864
11184
11631
12865
14508
4773
273
3969
3746
14382
9697
4063
5870
15806
3226
8753
12964
11547
9669
3735
14437
13167
7808
14693
13762
627
5708
4781
1473
2657
14670
6741
5194
7871
11378
7746
11258
11921
1298
6305
5439
1808
7516
8167
410
8799
1037
1988
8669
6294
5333
4933
609
431
6280
13416
569
7943
2200
8654
8397
1622
6524
16144
13015
8467
841
8273
10486
12711
944
8013
12258
16007
6113
3344
16969
5747
6693
13401
1855
13126
1102
3116
15142
6640
6769
15426
16447
12834
16048
7137
5946
14353
2772
710
10088
122
10108
10164
14813
718
13929
9392
5688
11070
12545
15236
1026
616
1597
7904
2395
1812
9726
10638
3686
242
13432
1834
15869
12892
8966
4656
5590
15828
7657
919
8897
9840
6041
6382
14193
12411
15266
16636
6720
3290
16521
12967
13529
16718
3554
565
1543
11991
1331
2623
11415
1615
10953
6960
14051
791
15908
13016
15272
10489
10985
8088
1944
2810
4193
11868
2531
16409
12798
15329
10130
13629
1160
15219
3965
13446
1136
4267
1521
9757
2685
14715
3883
11270
6463
247
12198
13445
7629
10292
4937
175
3106
8601
2098
14998
2756
5072
12332
11861
5602
14597
3442
6947
11349
13572
1835
10072
16056
14353
6575
15165
15469
16321
5939
11018
6623
7114
10335
3823
9081
10977
7518
8555
7726
1149
8010
15767
11265
4176
13509
6274
3492
4891
1301
9509
2569
14931
15586
13502
2393
11194
2247
9772
11412
693
13974
7000
5559
8138
10613
14376
15657
2244
3199
15667
6234
276
11794
2470
509
15425
2072
9630
8168
9500
11360
4220
4691
12972
15114
2671
3398
6199
6433
6335
9377
4925
14385
4043
12147
11267
10142
5204
3836
3853
10959
12965
10673
14746
11688
1217
2373
13726
3357
491
1297
37
14976
14984
16480
7517
14486
5477
9391
7892
463
432
13387
5570
12216
8996
9843
2307
9209
1335
2900
12516
2584
485
348
5988
14727
2684
132
8014
6210
4344
3345
4974
3238
16930
7011
5657
2246
5050
3078
13654
5092
9337
2931
12147
6724
16705
16127
6152
1967
5226
16555
6580
2339
9728
2688
816
11204
7683
9594
9340
488
10745
6824
2488
2974
8877
2606
9114
16865
9591
11687
10740
8057
55
10412
14875
11333
12070
7464
15655
8401
295
3717
13423
8517
1576
4837
10529
11065
9813
15113
3460
11516
10343
14006
5423
7486
14887
1981
16437
2189
14504
12410
7167
14069
7079
11649
3223
7661
13323
7442
15819
14001
6249
227
4621
2895
10034
11416
15967
334
15490
11002
11458
9191
9372
14503
5067
13562
2076
15194
8104
13461
13882
9418
10096
1420
12136
7166
14055
9993
11883
1292
15500
7141
714
11925
6833
1377
4968
11295
14003
13723
7815
16792
5679
12078
14914
3260
13122
3619
3317
1410
16560
7714
12170
2466
9933
1768
14460
1687
4491
10991
7323
16359
3062
4967
1581
11622
15381
14884
6482
7707
1454
4855
9447
9374
5942
16475
5014
13097
14687
9670
12925
14468
13969
11978
12994
15795
3372
4456
14192
13684
2175
4721
1336
14817
2170
4343
4353
9676
9398
4962
15180
10313
14398
16154
9478
14673
11760
15384
2101
2717
6813
16074
12708
14842
7813
16007
12374
4667
3932
3640
14044
8493
2385
4133
8683
5673
16489
12193
9551
7651
7543
127
13581
6554
8017
14656
287
16905
11113
15693
13359
2787
5618
5492
16594
15284
10871
16037
8253
197
10113
14753
2527
6452
14520
13468
624
14199
10644
5615
11861
11862
6820
8409
10522
9076
15558
3358
13430
8353
12378
15973
10023
14528
16976
16598
14512
6344
11020
3330
8745
15492
2536
13769
14947
1060
8461
6046
2327
7030
10590
1161
11056
42
16439
11520
11393
14689
5275
7384
1313
15519
5742
6021
14072
5909
9255
4708
12524
15867
15333
6169
10393
10903
9645
923
12952
13131
7477
12194
6969
3227
3200
9399
1336
8351
7218
11108
16071
10418
15758
14079
13339
12930
111
10695
13382
9652
2988
15592
1558
16802
8379
9460
705
2147
4060
4951
7478
16730
7165
12515
3280
11796
9964
162
830
14178
9311
1082
10346
5164
1130
764
2355
3085
2965
9748
13657
2625
9042
2599
12403
9439
629
306
1251
13585
7397
14247
7150
13018
12547
11310
9793
3542
14460
11010
9480
13842
14600
10094
2801
3881
10840
185
7969
15504
12440
1361
286
7576
16259
12078
16579
9764
15234
3717
8094
8383
8783
16057
5419
12639
11491
1439
9154
14911
10473
5451
1558
1291
5517
667
1296
10667
3773
13303
8607
1303
7954
6407
5259
11205
2723
5335
7427
5803
15464
16146
11085
9767
7080
9803
14262
5193
1333
6756
16362
11861
7236
3484
14385
9105
7341
4235
15566
5523
7327
15770
1319
13452
14383
5338
11442
1840
15958
4311
4598
8984
11949
16520
16060
9630
7405
12464
7083
13250
4227
14495
14289
16123
6266
14400
12153
11115
8333
14615
11522
16403
16385
12871
7446
9067
16761
962
15689
7513
16567
15922
10262
6153
8956
9285
13141
617
16477
10631
2983
12032
944
13273
14252
12700
4504
4515
8662
4596
5709
8416
8112
15467
15583
947
6592
10296
13500
8024
3423
5680
12156
5396
3014
9629
12928
6242
10134
6408
991
997
2689
11185
11004
2813
10525
15271
2423
504
15800
88
16897
13346
8449
11491
13206
2787
846
6235
9523
8927
6921
13039
11045
9333
15731
7870
1308
7691
5854
16287
8840
3558
13919
16085
5249
6318
9033
6112
4470
2553
3041
13871
9533
15328
3810
5517
776
783
15661
6839
2530
2223
11761
15769
3343
1929
6924
1346
16282
14708
9012
4149
10657
1311
16414
3424
3159
2648
6753
3084
1444
4589
1
6974
10754
14781
3200
11999
14174
11275
14722
16546
2778
2643
8561
9016
8621
10653
12345
1845
16323
8456
8753
3808
12318
16298
14904
6987
9826
9810
9307
7372
15470
9107
6832
8243
7748
7974
1211
15949
14267
6343
9767
6915
817
2760
5105
7593
9088
6796
10586
15589
11231
5685
16072
2789
12286
2667
16259
12743
12269
8387
14643
10223
14515
2285
3876
12022
8353
10386
4366
3830
9415
5261
15043
11936
9987
9394
7920
15023
10619
9284
9923
9044
2359
11682
16039
1889
6540
13470
5512
15156
11343
2914
15515
8064
7538
11176
9901
11491
11199
6095
483
10516
10328
15953
8679
13850
3342
7768
9546
12105
11515
863
8006
1838
11555
8232
4375
16223
6817
11538
5517
8841
8211
930
7968
8730
7875
4112
15609
11993
14012
6811
6714
7494
14406
14467
1154
1410
2470
7690
4388
3503
12393
1824
3439
7834
9473
7404
5923
14879
554
15574
2993
13344
16920
14722
518
1180
6979
15366
15514
14226
10251
2122
15646
5499
7329
15034
9121
3754
5330
11007
2184
1074
8374
14740
3769
159
14349
4121
14299
779
156
170
3710
1776
5212
11805
2073
14922
4774
11625
7526
9004
11113
16037
330
13319
9181
2617
16911
764
7781
8755
3606
12010
5785
3094
12308
11336
1085
643
4896
2765
5509
3464
16210
12020
15446
12183
8170
15795
1327
16464
4331
15912
16648
7916
16270
16657
300
6377
3997
1966
15169
2924
509
8918
13857
5907
12125
1894
1751
16391
14468
8828
110
11428
12684
2606
154
13558
1198
14982
899
4717
4055
5646
2085
13477
3861
5651
2448
12968
16491
320
15767
9746
10204
14587
4771
13266
10147
3049
11343
13997
2026
7349
16176
2708
4740
9516
5126
806
1080
3995
2300
986
13854
14032
15014
7922
2944
7901
8631
11482
14547
12432
7345
16893
5835
12924
6081
10662
3957
11969
14883
3144
14898
7195
592
7803
12094
451
10658
7504
8247
3836
15685
9177
1359
1572
11710
6274
16161
3592
7224
13803
4369
12956
273
6932
12448
123
4797
9137
12366
8506
13877
10713
692
15007
13395
6165
7164
12950
12933
13567
3545
3041
12769
7007
16589
194
16690
862
7882
3527
3748
9421
13741
10747
13039
5212
8441
4553
3073
3609
2525
4264
775
8582
10994
15915
10241
6396
7378
4145
9917
10648
1104
9545
11774
15659
14089
2438
8210
15959
10068
2757
14102
6628
8799
618
7746
2955
8680
1899
16192
1706
14325
6826
4421
3554
14980
7938
16266
5063
6110
11191
10936
12382
13926
7338
1192
4494
10127
14029
13508
8257
10456
5664
5146
14505
1339
2494
11467
12892
13566
4621
6707
16929
6677
13763
7274
15274
14898
11466
15345
2750
11230
545
1892
14799
6124
1127
9654
8882
3447
16550
9767
4139
6071
13337
8247
1685
9289
6684
14427
13048
15636
16319
15510
15309
4838
9798
4754
9813
811
12553
10670
12746
13541
10671
10049
6257
7306
13180
5792
6809
10696
2754
9127
882
40
2133
12055
2382
13955
1160
9011
8449
9215
3007
7505
6849
15677
13545
14249
7415
12495
3948
9650
8491
8961
4616
10937
1411
643
3294
5579
12821
3252
14817
876
8240
577
8223
7816
9603
5393
5895
10657
1094
7571
1809
10859
10991
14843
4015
7721
12769
7252
16732
5318
8367
10513
8528
7550
2834
13639
11226
3292
10009
4204
4163
3122
14610
9459
16192
9362
3332
3216
8803
2403
14229
5779
1472
410
8355
9591
8327
6581
10516
14600
9022
16979
1785
5923
14599
16232
12337
4579
10986
3753
10508
2
12302
2036
14723
7862
14238
3365
14341
7278
7748
1623
3632
14533
7101
13985
13254
11918
6424
2496
4257
2528
2815
127
13062
5840
555
11222
10710
723
7522
15996
10641
14267
7988
3352
1800
7713
2053
15373
12901
15021
6484
14105
12314
8621
12094
9524
15023
10720
10582
6496
9261
13183
3637
11294
3867
4928
817
9193
10339
16841
7751
14297
10692
16935
1964
16698
9341
3571
10545
14693
3338
7022
9254
6063
12551
11660
827
9442
7640
5833
7964
13659
5359
6430
11270
3050
2558
9459
237
12409
12161
3483
16119
3116
11942
147
3760
16659
5217
14812
9246
11618
6067
16071
10634
8690
5027
7261
5471
4887
8269
9606
16016
2031
16344
5571
3550
3714
5484
7731
10289
15595
256
10092
4773
9311
10743
10270
5617
13143
15961
3812
5262
9231
13141
11994
10029
1328
5709
1426
12066
13420
229
6069
14325
534
3149
13322
7623
5046
14274
11366
10164
14675
10427
10243
9347
2677
2306
15626
2009
7767
15177
15544
4075
12083
5769
4496
14629
10814
10540
15181
11585
10168
5247
13554
14258
13856
586
16307
2941
2686
2412
11224
2721
7516
12217
9570
15143
14927
12438
120
7360
7122
887
8504
16000
5952
10096
8656
1134
10533
2383
11157
13672
914
14174
15350
15153
4522
12984
9734
15052
15694
11394
6740
11662
14115
14327
3298
1330
14408
16880
7420
2112
10053
5599
14737
12378
14323
10071
7914
3310
1531
15165
8134
16930
15610
3517
14453
14372
2236
2023
2807
9127
11337
5970
3599
16100
16604
6995
12744
12562
10022
1611
4088
4914
10866
16696
12806
4816
8743
9520
6592
15260
11471
7436
15912
2635
1742
15253
12952
15213
1790
4300
9305
2015
8335
2471
8031
6580
8360
289
2462
1567
13263
1316
6677
7075
1948
1713
5581
10893
2150
8254
14995
16780
7910
6650
15783
11584
8171
6322
12985
2792
13447
7773
5985
13835
16298
4047
8621
6811
2493
16199
7200
7970
8796
101
9417
10859
8929
7345
4740
10302
4536
10323
8014
4963
14489
11339
1164
3378
12815
16673
1311
10758
2975
9945
15611
14131
6863
6525
13933
6639
11179
9281
9121
3806
1841
14430
15488
10165
6949
12459
4742
2995
5594
16211
3396
13612
8205
6582
1107
16211
8364
59
2468
6187
745
11297
6987
13090
13526
10560
3080
8668
9472
7376
11487
3139
2248
5344
6759
11475
6287
11889
12352
8980
6797
14110
5496
15081
4166
11922
15213
9533
15010
15589
14769
13872
10815
10211
6424
3993
16486
10215
8734
12996
2906
16158
16093
10838
2206
8281
12340
4818
9618
12977
11846
9309
1340
13745
15540
8906
9090
11773
15417
9068
1938
15341
16518
6351
3975
12538
3606
2519
16647
4038
1296
7663
9846
8173
3556
5564
5710
7114
11296
6692
7586
2792
16784
12829
6432
500
15164
14496
689
835
16393
13779
14083
7108
5283
8947
3510
1174
653
10779
5951
10039
918
1692
8394
8556
14974
6697
16946
6471
14386
9350
5395
14084
3453
14486
13440
16197
12612
10724
10868
4934
66
11171
6639
13001
11734
7823
16981
584
11912
6727
11990
1549
11129
3326
14582
12326
14509
2489
9941
441
1733
1444
2776
13316
1843
13798
8454
16141
10599
12128
4708
16258
10039
10566
2471
4249
2098
7829
12110
69
13346
4801
3
12868
7075
12975
12906
1557
7073
7732
15187
1491
16168
4695
14098
12489
6704
9157
10250
10485
8455
14794
9440
294
12796
5786
13079
1343
1969
16224
6632
2427
1130
6388
7253
15587
7909
13737
9413
4558
157
7165
973
16565
2148
9140
5768
5325
6001
9758
9368
10263
3342
2221
6934
3793
9256
8437
3189
5027
16008
13337
6113
4343
2590
14674
15614
7074
758
1894
2914
16657
8187
5372
1288
962
16590
7362
11019
3940
8815
12132
838
9522
8718
14810
651
6422
6465
4959
1353
3827
14675
8853
13606
8879
7484
13049
13989
13284
4659
1848
178
15133
14337
5730
2259
11479
13838
16598
4052
13778
1648
14007
5594
9513
11707
5130
8603
13002
4987
10565
16986
9930
14576
1349
1947
16194
7221
3167
10414
972
13285
1771
4387
694
1662
885
5403
7281
9426
14996
4591
8626
15694
13951
10076
16425
14141
4413
10868
3864
13869
14801
7879
2729
610
11974
4369
2158
15178
1176
11526
5497
13712
3842
15406
15078
10634
11020
13490
14323
5304
78
13134
11722
15135
6264
3625
15980
11667
3122
1842
14732
2347
15040
6968
14833
13605
1842
6704
951
4962
2875
910
8488
15339
5977
15683
15722
4075
11269
740
15337
11244
5393
8210
11499
8458
326
8226
9783
5877
3067
14440
16019
14807
16416
8562
4724
1282
15740
10911
1921
12810
11127
4581
6915
12677
5985
391
9949
7054
13709
11771
753
4603
9210
3938
15827
10924
2384
15759
598
5345
9453
13694
11183
5877
4610
7554
4255
5362
15592
16076
11616
2137
1021
16386
2672
7217
16788
1792
10309
8733
11898
5540
13331
4297
3421
1346
16724
15607
8383
2978
4806
6197
11399
7168
2981
7406
1287
7394
15399
14768
11798
9941
3774
2010
16456
6227
8191
16612
13379
11717
8988
11907
3909
551
5063
13619
4570
3103
0
14817
4520
15267
2227
3408
11264
12043
9061
1495
12308
14838
5768
9588
16814
859
660
9415
1929
12997
3067
14835
8320
4983
8684
5182
11156
2170
5213
302
15693
14056
16029
3721
16660
5296
827
12381
8277
12445
9624
16271
5596
8284
13665
6465
13593
16916
14160
3298
3016
14576
3152
4502
10722
3830
8053
2799
694
6722
6823
17
8949
7203
14292
16252
8251
36
2859
11229
1633
16345
10096
6952
11343
4639
8453
8046
10651
2107
3829
13373
6292
7544
16768
1692
5039
5533
405
8534
2923
67
13730
12855
2786
5109
4081
15650
9319
4548
15347
16896
15018
8434
3549
1768
13365
7467
12398
15631
16576
14039
16152
16444
4253
15093
13761
1270
3767
16993
8252
8772
5357
14120
9725
721
8862
7095
14173
8907
9416
14428
806
666
12119
4277
5376
4864
3790
3440
6726
11995
15519
15677
6552
11117
11536
10979
11296
12256
13265
9389
2125
2890
2548
15096
15065
12914
16537
14865
15572
11564
2859
4324
14212
7787
1845
14140
16443
9884
16225
14663
2855
4978
12836
4723
12472
9820
10623
8374
8247
10561
1073
566
3334
1671
7086
13708
6690
3432
11004
13582
8605
752
9025
5394
8567
6808
15053
13650
14885
12128
10617
16935
15031
16325
665
9401
7582
11246
13400
16226
1003
14533
11518
14708
10370
15279
16156
4640
2672
6540
15207
5339
13153
7619
2650
12993
3405
5643
16244
1611
9242
11630
11135
12180
12986
13689
16872
13953
14652
4970
8459
4243
5950
235
3363
15417
15281
14829
570
10269
4772
10775
7735
12478
4625
12141
11404
5891
1870
11373
2395
7357
6138
3470
4670
14722
12190
5348
13480
2024
12330
14410
10504
10842
9003
15259
6886
14721
14504
469
6613
4836
14175
15764
4733
13016
15359
6150
8354
12829
79
12750
10614
16465
5998
3891
15348
6179
15997
6309
2244
2628
12470
2230
10999
14674
9629
15034
10547
7270
14080
10280
9899
16800
6919
2484
5592
11108
10268
14782
2494
15561
1128
14900
15151
5863
6732
14895
4214
8119
16586
14455
9727
10637
5016
9188
8544
7555
6652
16957
8863
576
11287
4793
7109
3138
12608
10101
12360
14901
16617
1611
534
12702
7372
7440
2296
6066
9581
8997
4769
10777
1836
4006
13860
10628
9209
4963
667
8953
7511
9936
14015
7744
805
7559
7458
6949
8718
16254
10170
10526
7456
8617
15957
7704
1106
15640
11999
14942
16435
15932
11044
12744
3290
716
5790
6133
5216
7688
15068
8793
5523
5946
13392
13962
4600
7030
16015
16478
8603
1922
16833
2466
6346
6105
5307
5217
1327
3305
16033
3003
4865
14430
12562
405
13724
7116
15897
14914
9658
7224
97
8893
9165
15983
6533
4505
13012
5572
5394
699
5715
1720
10158
2897
10835
10561
3908
9816
3177
10108
16280
9795
14781
10183
283
10668
8842
2513
16800
13408
15488
13880
4598
14145
7132
1488
9578
14541
16641
9255
12576
3494
1756
12626
10488
16229
15546
12658
1510
3780
7104
2616
9697
8516
12813
9357
13611
2661
14006
16213
353
11998
10806
7355
1341
3240
7754
8394
15724
1963
2866
1468
12485
1201
15174
7211
3548
15493
4165
7153
511
16861
15888
4876
13514
14964
12462
5675
8883
5511
6286
9350
9699
8000
9322
6957
12459
8216
13037
2294
13901
12884
1967
6305
12003
15029
11847
4422
1761
9435
10505
8086
11422
5452
2268
1990
4496
11949
1962
14632
10274
8368
7102
6010
14984
4431
2876
13659
5948
13301
429
10077
13544
12446
3953
11121
1664
3072
16794
14780
9671
4092
3785
14950
8436
14694
2654
569
4980
14578
10768
5468
9342
11824
3563
16588
6573
9137
9746
3221
2615
10219
8144
11132
16626
15541
2069
4069
13273
11383
7537
523
16639
9441
1111
12355
11365
14497
2477
1787
14880
6243
15866
16786
6797
12402
11179
12797
13388
13126
9786
15666
6819
13485
15466
5101
14306
10351
11223
5150
4978
15892
16058
6680
5147
12286
5159
9691
10165
10986
4831
8322
16977
3403
2105
3590
12036
4789
2080
3631
1421
5863
596
12992
10266
6158
10475
3653
14643
16481
11550
16224
5473
2543
1282
2987
8501
3156
15346
7891
13790
7922
16368
5215
3757
15308
15878
9842
12538
8272
137
1116
15000
9619
15832
15153
6956
3966
5977
2601
3994
5099
15117
1547
7969
3996
11974
16780
3750
11542
11486
7494
4690
10237
3726
7537
13621
10741
366
8985
9248
16604
16531
5474
14607
13413
12684
2189
2053
12110
4395
15590
1771
8442
2953
16294
3111
11676
6393
8253
14520
4280
12522
7049
5798
14887
8182
11061
6044
6635
3205
15960
14498
7137
1371
13651
13845
7733
10704
5894
14522
10141
14908
5817
2666
6430
4563
2609
4010
15160
15634
7878
15156
4758
6810
16619
14198
9618
1309
15746
4647
12210
9648
2980
15546
11617
10932
16126
4917
9072
3362
12586
854
4809
2500
8883
9055
3595
16196
14638
5900
16932
10669
7921
13337
351
15489
744
12792
13660
2445
11014
15254
5056
14597
7469
4528
7687
14110
9219
287
13404
3624
13462
4682
6889
4306
2772
13444
5796
9712
16146
10465
12723
8855
7042
7939
9949
14698
10666
14326
8722
1387
12548
4146
284
15239
5454
6071
4475
4540
14166
4179
5094
12112
3888
5815
4634
8965
11933
10857
3720
12628
15929
3013
10000
11727
16543
12100
6727
7534
9138
6481
14751
11289
3055
7911
9937
5389
3263
5623
16108
7590
7799
16785
6062
16804
5271
8849
11521
9722
3325
10332
15223
4357
12820
16263
450
5788
763
10528
8880
4439
1404
14839
8220
12403
1941
2550
5679
8958
15282
5248
2910
13650
16435
11428
7025
6007
9013
2832
2800
8246
12611
13063
5683
6719
16316
14590
826
4873
490
9284
9634
4666
12244
11737
15197
9971
16826
7906
15927
176
16437
4999
15946
10076
7400
11252
10350
485
13058
13073
12132
659
12223
913
10660
6335
1426
15262
5709
8148
12960
6372
494
1835
15821
9237
16378
1750
15285
11943
3214
322
6387
14304
2010
1879
15749
3786
876
12805
9173
11575
14194
8365
11505
15537
5553
5447
1771
6962
6292
8033
10396
7563
16536
7058
11795
6910
2918
15373
15190
8928
15203
8234
1144
7577
15411
7092
8332
15848
14295
5398
7614
10186
7028
5901
322
11773
11063
11976
9561
10024
13323
14436
8411
15619
8594
3503
5899
1087
16678
668
10219
15870
12077
13865
11070
11235
3310
16793
8957
2904
2974
2143
5481
3064
7031
3655
13259
12854
4787
4848
5251
8985
11897
4761
9719
13428
5363
299
13542
414
12102
8495
7431
14766
13319
8038
918
8834
10945
14638
12719
14040
12625
14848
9206
4093
11942
14931
11738
1909
5374
9664
16045
15677
15039
12390
15829
2739
8966
13099
7923
15011
14928
854
8150
3315
8273
5087
12447
3298
5140
2794
3942
14103
12601
7288
16567
11400
13017
10244
4822
1928
1808
3605
14991
7167
11215
16257
16963
14241
7164
8993
8770
9655
11413
15782
7428
16400
14721
14714
4894
10083
4648
15150
15050
1855
6266
16145
5235
4605
6733
14842
10623
1733
16882
14810
823
16755
11615
1619
14562
13501
5218
8696
1561
3071
2512
3565
14101
6886
12406
14764
2206
1571
16280
14341
5373
5969
932
9511
1962
2201
614
10595
7976
16881
12339
14044
16224
9449
9646
12219
14390
6982
8862
366
14419
3510
8210
5474
8393
570
7790
7509
5279
11211
16697
13970
12838
10165
7295
12253
11366
4236
4753
7243
11302
7412
3551
8685
14298
4210
16367
12640
58
5102
16016
15982
7516
11133
2311
13320
4219
4930
10398
5512
16649
9576
3300
12221
3252
11854
8983
935
11696
9292
11858
240
13846
7687
16456
2541
7805
6422
16425
1511
680
9543
3462
12919
16788
3819
8220
8760
15901
4327
4148
15672
14713
1201
13779
14901
15615
11652
14228
14320
8016
5010
3504
2422
6867
4050
1326
6022
11408
1485
3616
3490
2494
5281
13139
14835
13052
12480
13177
14390
14858
9167
9226
12541
2885
8433
11418
6765
1968
2591
13766
15256
8327
1832
10129
11218
15254
5899
10547
6774
14165
5134
7016
6885
7138
604
16056
6437
13564
9997
10228
10402
504
16139
3426
827
9353
3218
9354
2598
15731
9417
4500
2985
629
168
15655
10898
9775
16156
7303
11762
8868
6000
10975
7161
4001
6845
13027
15160
1402
154
4569
638
16599
9137
12606
9122
10663
3862
4395
13650
9254
11836
48
2646
1108
5828
13760
14790
14159
14683
12796
2064
13621
12148
6845
2329
2172
3435
12506
4236
2219
1166
4880
12995
2479
10639
3873
6663
14048
7137
13935
6789
13624
1507
8508
8602
4920
229
11013
15859
11392
9000
843
10919
7062
3979
13099
8584
11375
2315
9384
12598
15956
3014
1159
4385
6657
12375
7333
4965
3590
7832
7533
7711
12622
8364
838
10927
12763
2822
9354
4588
5689
15887
2226
5646
4669
8361
10615
867
11312
10520
6537
11963
12214
16998
3017
5835
10585
834
6875
3624
11410
12342
8939
8840
14552
827
9047
4561
16258
1495
13010
146
13734
8668
1829
15021
10762
9452
9276
7802
16314
13847
13704
12451
1868
4597
15177
881
11550
6021
16826
17
7654
11078
14204
484
6254
9664
7328
7368
5541
13540
5178
7972
10115
6610
15497
6882
11671
15261
16481
16051
2458
10923
15232
12905
6793
11587
1520
15991
11257
7072
6126
7881
10577
4331
11507
7369
5816
254
5526
10026
2484
2190
11891
13530
4148
6380
1201
6937
15054
6907
14065
1795
1378
3483
12141
2898
32
7515
376
13490
2270
3173
2568
12507
9919
14642
5317
3907
4612
7286
10994
339
15852
846
11139
11986
3005
3283
12647
557
3083
3192
10815
13412
10261
14458
9345
10886
3170
7653
3848
8189
1193
9804
5622
1454
10528
6613
9487
1266
12557
12118
11948
15569
8724
16481
4522
6133
5885
8880
16889
7580
10831
5569
4249
13946
11098
13967
13961
12082
913
14202
7869
4665
8626
7780
9718
9702
10366
9721
1315
7729
10081
15932
4145
6762
16679
3368
10596
4769
1636
1281
3952
9161
15261
10836
4276
2610
20
14829
13285
3850
6041
12283
12128
7370
12816
7217
7169
553
16033
6993
7212
1937
8662
3770
12693
1527
5041
6626
3359
15638
11953
1564
3799
14680
10562
7223
13958
6854
9280
4305
16364
7181
363
7558
2222
9656
6048
8105
4099
12406
7705
2831
4282
14820
15447
16608
1350
16801
6040
11644
4629
16151
2450
2633
13118
11812
14673
13455
16188
3235
10173
729
10288
7752
16653
10770
9671
906
3482
10285
13684
397
3724
5339
14477
7295
13797
9542
12702
6767
570
8400
14500
12962
5862
2858
7905
9771
2400
8546
4020
6135
896
3701
2329
9594
3372
15732
10042
15094
3851
11076
8394
3252
4657
4779
13332
1683
1329
1540
15969
10983
8761
11359
1466
10896
6286
1120
9048
739
4800
5342
13735
4578
13899
16789
14134
16387
6358
3766
10357
9831
8188
4275
12363
6843
1231
847
593
11930
12675
2839
15003
15614
6893
13200
6427
10920
13651
14655
8063
1990
2418
12934
3082
14329
14114
4878
2029
7807
15002
16596
7957
13987
7984
11323
1248
4580
4859
841
15514
8953
3923
15940
3043
2978
2106
6897
8759
206
10479
14764
2632
13059
8668
9035
8467
1840
16145
5408
3993
5683
12496
7756
9067
7042
1029
5699
9388
5114
14725
14804
2385
9729
720
6129
16163
3036
11979
1266
6712
3072
15111
13504
6415
2948
207
15277
11437
394
3452
9374
14495
12597
10418
10413
5200
11163
8644
6170
311
956
3724
9320
14379
9474
9206
10692
5383
1271
6200
10712
9695
3578
11380
12330
11128
12774
6982
1308
8042
6320
9930
4661
2493
14641
16567
15752
4919
16018
407
4457
7031
7797
5274
4209
5571
2976
5602
1470
14065
15218
1082
8767
13831
11319
5093
3930
16497
13614
2786
16809
4595
2640
14919
16284
15945
11149
9106
15988
4881
4349
10021
7507
12962
10707
12607
7498
1171
7442
10606
857
11961
12766
11731
13999
16209
12980
9103
11100
6440
10294
9148
10341
10217
11727
6381
630
10569
2703
6437
16169
11476
5264
15326
14965
360
14280
5634
5248
11647
1836
7137
12653
12953
9861
1502
16815
2356
3194
11969
12602
7051
4700
15414
13748
8345
7515
5812
3610
11398
3679
4175
978
9067
16310
9126
8347
9980
6520
10824
13103
13939
14330
5579
6530
6925
5053
630
61
12298
8574
962
13481
109
13386
8849
15429
6517
8784
2203
4293
573
3140
8832
16668
11859
6512
7126
7171
9112
15610
8606
10716
8969
4471
5546
12825
14702
8760
9849
2490
12635
1234
6356
4438
2440
2898
14775
14514
6880
12740
7066
895
3849
8299
3553
4080
9045
12836
11153
5804
4148
11242
275
5915
11943
7076
15796
1142
7912
12707
11150
9037
16501
2005
7794
13278
4484
8452
16984
13280
4090
7290
15731
15071
2556
15559
11398
3480
13243
8433
9857
6260
2150
5651
16678
15988
4489
6586
16310
3936
2949
10948
11087
10854
12681
915
8715
11099
12425
16408
3671
9965
4355
5537
1835
3662
16601
9190
7884
14424
5564
13538
5252
8535
2554
1059
5479
469
10319
11397
12350
11525
16614
8635
14584
658
5344
14504
6733
14356
4698
5342
16940
2229
2429
12727
11702
7431
7947
16488
12240
15377
6949
11721
13666
8706
4427
16847
9592
6223
5738
14430
2527
16646
12464
4790
14986
3763
1635
16651
8378
8851
13551
15938
14190
12403
16855
14123
3303
9235
16410
15449
6664
11630
11623
8484
16264
342
6801
8471
8690
4340
13912
2996
3858
14333
6736
13130
13173
13804
14123
2591
16701
3081
3352
7416
8957
12716
16298
5979
7287
15517
15116
13693
5493
11911
11202
5049
9131
2460
14808
9990
10535
1874
6531
680
9072
3324
13907
16715
3179
331
10075
15250
10864
3486
4892
13364
9578
11909
77
560
12090
10517
5157
3237
11739
6295
9947
4658
6595
14760
12058
3576
4775
16197
2963
3159
14865
11191
9201
7474
6783
15533
251
7081
2476
13434
9875
14773
13974
13892
11618
11546
8057
9533
8234
6798
1421
15943
9931
15364
4239
7824
12848
13511
11356
10311
16419
9620
10330
8109
14273
16265
11292
2727
11746
5445
7085
12155
1192
10682
11922
7661
15251
468
7129
1485
5449
9192
7968
6676
3204
5200
7845
6039
5210
580
10078
9212
2733
10993
16132
8928
3062
3217
1980
13337
13158
15093
15727
4217
2110
16266
14077
16081
2173
9570
3762
16725
1996
1028
15043
7937
9825
3711
5543
5029
427
7429
16846
6194
3045
2954
2838
8768
13283
7568
2029
12493
5972
12806
8361
11840
2079
1855
5245
15608
5424
954
3726
13958
1720
5491
15990
9520
1898
5504
3503
4064
13255
11955
9533
14515
8607
10473
15153
13114
11379
3517
15124
8054
3474
4257
3652
4382
2502
12355
6778
4257
16527
8301
16463
3218
6836
9712
6296
6596
8007
10523
10938
12759
10281
9104
8677
5397
10255
4301
16412
1216
12268
12832
16729
14152
2830
8581
8538
6857
12621
2347
12079
8821
5792
5686
15828
9861
16349
4804
16882
10538
11900
8908
2538
9459
12347
10617
12304
14115
1544
7857
4159
10449
16105
15929
6143
1106
5343
16094
15142
11580
5647
15491
13594
13864
2627
11630
437
8064
6579
8554
10589
14746
8026
10355
7722
69
6
4227
7574
1933
1395
9299
7160
14985
9043
2459
3062
13686
11826
1438
9414
9145
1896
2364
9471
6284
7187
3027
9028
4946
8883
8997
10508
10938
3814
6069
9063
12712
8287
11393
3886
9984
7239
11895
14589
7339
7151
638
8118
4488
12519
8663
14543
13410
5316
80
1828
994
9696
11154
12944
13181
11466
16497
14403
5555
8737
9353
2589
824
11603
11377
3501
12789
8890
240
15585
12543
10552
12438
6293
5995
7312
397
533
15806
3393
12891
12116
4127
4938
15702
482
5506
3059
8527
10646
6390
11310
261
12946
4123
13847
10652
11137
1171
11309
11753
10986
13981
10573
3328
4201
8442
10805
365
16401
7544
4198
6166
10876
10930
5053
1588
5710
9781
16084
784
8786
13574
5473
2690
9786
10999
10475
9712
15368
1383
1359
14810
8803
7068
16422
3387
16803
6578
3122
13959
453
1028
7967
1001
12737
12639
7234
16210
3241
346
11263
7190
5966
11291
454
11729
8005
12604
14724
16325
15129
11577
8559
11596
9377
16924
5881
7716
9459
6292
6206
10668
11323
1543
1380
13490
12028
16059
11078
372
12739
16961
8899
5304
11327
15019
16718
6285
16612
2728
2208
11900
15233
16105
6492
3956
3841
14275
1218
16631
4590
526
11034
8628
5780
12
3121
9190
15167
1886
1606
11539
16761
13829
5873
2128
3678
14410
9747
10007
7345
16955
10659
4181
16711
9130
5326
12287
9056
9928
11997
9979
14661
2722
15164
5485
12266
2224
7219
10524
13853
1517
11414
2116
4695
5148
4017
12408
4005
13060
5777
6282
12716
5271
13826
1552
2930
9789
5136
10921
5968
12020
12530
8279
11372
102
5216
9465
10081
9038
8792
6366
4457
1903
14974
9028
13764
4851
15130
5832
4260
8405
4233
3878
3914
1045
16939
11455
15603
15340
10517
3916
13486
2053
719
15693
3202
1453
15864
2628
10703
7183
6073
8002
9978
11193
13217
1307
11952
11094
11646
12691
9665
6563
9120
9527
4073
15219
8480
6971
6566
6502
3564
12109
16555
1962
16926
16509
13185
12483
10490
13219
9388
10466
6855
12763
1981
6601
13616
1127
11050
6870
9806
15979
15244
4929
3250
4580
6165
2177
8116
9161
1882
6953
5377
13605
3326
10281
9659
4658
12520
3402
14162
1335
6956
7918
8523
938
16665
7854
4943
8811
14722
8228
4886
8299
12324
4686
10400
1822
209
12864
6168
3800
1657
11365
13623
12161
14235
4758
9806
4855
5366
808
1568
15741
13891
12865
13260
10315
5311
7010
3596
15633
3047
7431
7747
9019
2655
12274
5209
1066
4824
12090
12771
1970
16298
11684
3944
5737
4567
106
1964
5968
13914
14531
15948
265
15900
6333
7122
11542
12119
6309
3815
3558
11182
7924
604
4512
7419
9255
10996
7582
6655
16179
16888
7197
12548
3031
5471
8643
10079
435
3972
1505
8081
6765
12079
1263
6920
11681
3307
13143
8107
13103
1136
7874
9460
3372
3247
8950
14031
10776
1129
14653
3015
9470
2563
2863
14158
12686
16491
10958
7626
3474
4915
12311
16690
16512
4056
3890
4630
6080
3213
1044
12919
12777
1157
15515
13073
12995
15203
8602
10625
16969
6311
9231
5560
695
8478
13868
10094
5768
11221
14956
1468
14749
7803
12991
7447
15685
10295
3068
8439
3583
9742
15144
12203
11559
4369
11589
576
16372
14909
7321
16563
5291
8535
1590
15931
4020
15888
4614
5689
13218
12507
10512
11152
2865
3565
15615
603
15375
615
59
1895
9645
1277
6477
7400
2569
4970
14339
4596
9377
10467
9341
10965
5374
6942
1736
1548
1363
1812
12679
12401
15455
14605
1567
13966
2696
7291
999
14509
7370
558
2879
14496
2997
10596
6971
4396
15031
8732
5737
4291
13609
14696
13412
13998
2008
1359
6586
5661
16022
284
15125
1065
4418
6146
13990
2151
8309
8941
12606
965
4440
6725
2739
2419
967
15925
7645
10012
10976
7162
11882
7565
4469
10433
7340
15043
9117
16432
3173
11050
5640
5173
9045
5104
6838
15792
7643
6674
2477
973
5329
9413
367
8602
9317
5641
10667
13955
14029
9170
733
6767
4305
3739
6787
2721
13713
1719
2685
13015
5902
11995
16293
2139
10541
4039
7926
6309
679
5887
5491
6952
3726
10898
6466
12604
10721
15472
11014
1310
8954
2213
12321
1085
4925
4906
2895
2336
12688
171
12191
6808
14335
15212
4854
8888
5993
10228
4160
6696
6828
2869
5916
576
9085
2393
10585
7073
11124
7341
13331
13501
2900
10058
15149
11387
10230
11929
12562
6951
15439
84
12473
14410
35
14892
8672
15157
1439
6101
11137
7089
6329
4687
13924
14839
1522
13581
11328
8829
5248
4209
9157
13466
13813
10811
5451
15056
10939
6716
13909
5285
10223
236
679
9990
13697
7735
2583
2644
4528
16244
3688
6238
3162
14298
4262
1915
12849
6993
13012
13903
4452
1904
7501
3075
13641
5471
6429
14944
5973
4219
11768
4973
10129
7442
4540
4033
14887
4040
1970
6971
9506
6860
11742
13841
3729
6550
212
6963
10489
10538
16580
10795
2064
13230
3589
11614
33
5219
11249
6988
7035
10538
2364
16958
8297
12249
559
11273
8527
3143
8276
13303
6649
12820
896
14026
7899
10920
15050
8016
10360
16193
2905
6846
12151
10102
6497
6451
14755
13211
6558
7955
5600
5935
3816
16908
7317
15565
12616
12648
5878
11602
1022
14794
8018
14890
11225
5366
9091
5576
11148
10292
9535
11755
2414
966
6894
8197
8210
8350
8636
6028
10073
12313
10362
10860
1887
1837
709
2876
12489
10570
4060
4626
12011
16144
16956
12226
6937
4971
15842
13129
4705
10976
10024
1105
13927
4694
6680
4680
14698
13346
12820
8193
10637
12240
6733
2056
9428
4756
11227
13756
11559
6753
14072
11451
13492
15000
4151
4141
13005
10197
8110
10389
2795
14312
9625
4741
8118
11807
9977
15302
5687
11470
3248
10163
5093
8494
11939
5261
426
14454
15705
8387
9522
13749
13715
10194
14934
10374
10234
14730
9591
10048
16213
16559
3542
6496
12686
5302
13148
6142
16351
13051
6124
8611
5616
711
9049
7614
4272
14376
12113
3985
3163
15802
10560
5639
9670
6118
6066
7935
6944
13117
10000
14863
12654
6090
12906
5096
4195
16376
6678
13787
5669
2357
15523
3240
15344
6597
17
15296
12959
3143
10855
10668
4183
12119
9904
4463
10327
11697
11726
8712
2539
8876
8356
3992
1320
6716
10084
12027
106
5003
391
13879
11707
5612
13621
10990
3994
8428
10841
15143
7357
8080
3160
16160
16064
3989
1254
8996
1849
8354
11208
1817
11200
11812
14592
10543
10661
5644
11506
2013
1751
607
4643
2424
15626
9377
6947
10307
10452
4907
15176
12567
1317
12458
3811
11046
13096
10232
12024
5611
5020
380
69
2612
3185
15463
1210
9213
1050
10816
15952
2969
3812
4572
4771
5052
7013
13715
13184
11197
10509
13193
14983
8485
12835
11025
9417
3204
4946
11256
3514
3554
13584
2109
11694
9975
12480
16679
5811
9508
16592
853
3605
4407
12757
15869
14963
9638
8588
11009
9221
2278
14567
5316
3410
15240
9956
16307
9764
6795
10066
13012
6532
7701
8941
14361
10876
16750
3457
16974
15931
2299
11876
556
9896
11833
3710
6546
5522
8172
10782
9066
3165
7552
12597
1948
6731
1117
11647
12709
13110
6896
8944
16892
1784
5541
14673
15307
12052
6344
6707
11455
16123
4670
5500
5528
16301
2806
16286
1387
2421
3851
6010
8592
14734
16333
2958
13184
11959
7795
7781
13690
5864
12960
14568
12429
12638
10135
13747
8373
1401
8885
1049
6538
277
3656
6481
5547
2115
1732
14019
1787
16765
13696
10467
12323
5311
4648
9991
3537
10895
14761
8533
1703
1685
13861
9223
5387
6259
12919
1704
14723
1388
1415
3263
15409
3484
11532
4408
7867
16204
3724
9326
2913
10716
12963
1934
14577
5621
2368
4332
5801
15383
7422
14306
10357
15821
8191
12289
14112
12481
2982
2202
14295
12483
5100
16398
791
2372
16277
8572
16434
6524
585
3379
6018
11150
15667
3689
14521
7362
8621
14832
154
13829
11543
3593
8212
4615
2799
3634
4036
8767
8766
12394
2591
10731
9663
8861
4614
4762
12508
4061
10696
9606
6577
16252
1861
7528
14286
397
1829
3441
3272
1233
15344
12651
3790
3569
5209
7344
9945
11590
15254
7984
5776
5387
9841
10982
8171
12584
8714
794
3283
