2352
3008
2834
3235
0
1828
5480
2061
295
2468
5220
1949
4813
5495
1947
984
1415
1852
4459
109
2596
3072
2087
4678
775
3392
4245
3493
5190
3427
3416
3557
2641
2817
4710
5052
1629
360
4888
5425
3941
1119
4426
3460
2478
938
4956
1042
2048
109
5023
1613
1328
1566
642
2665
2464
1217
3028
4207
1116
5370
3442
5131
1967
3086
3395
4980
2912
3102
1353
4863
892
4661
407
554
1185
1524
221
883
537
972
1576
4239
4120
5143
35
5414
693
4017
2728
2169
3822
5330
2037
4017
2791
3188
1779
2922
2072
5355
5160
763
3740
5014
4106
442
1104
12
2964
1912
132
1503
1415
3563
2787
2603
3555
3715
2647
4577
4137
3966
2971
2743
4423
165
1667
4506
1436
3129
4830
5027
1663
4637
4520
3738
619
2378
2039
1888
2157
414
5172
651
4979
850
2604
1060
2593
2596
4542
4670
3236
5408
2077
3624
4226
775
3467
613
3998
440
4103
5179
4439
4269
5476
358
4161
4039
3186
3934
3442
2529
730
3810
1101
3894
152
595
5074
156
4696
4243
2430
4798
5053
4789
3436
2875
143
2548
2743
710
1681
937
5312
719
3323
480
3148
292
5371
4153
440
3031
3089
5384
3986
359
2380
2572
1867
1230
5290
403
2464
3281
4518
361
3447
639
2793
4396
4821
2643
1288
1468
5396
76
1007
3362
3984
2076
2417
2131
2258
2137
2115
1765
4596
1402
4006
3193
796
5347
4228
1208
1510
1878
4749
3455
620
5414
5154
2919
2714
3481
1510
64
920
1540
4655
658
2317
2828
1159
2341
2320
4860
1542
486
3557
647
3375
2199
5052
236
2356
2045
1492
115
2271
4426
2411
3395
5378
4115
1370
4170
1442
853
541
274
4590
353
1617
293
2787
1314
3882
494
5054
1602
5446
5302
1043
4614
3263
1722
2622
1028
3276
5464
4348
1687
2777
375
3319
5061
933
2935
4801
1670
2801
1522
3158
3571
3443
1890
2202
1663
2598
2093
5061
1516
2751
739
5332
4459
3944
3022
2256
1631
3974
2811
4615
63
5069
129
1723
4453
4781
195
1034
2190
89
581
1104
8
3336
525
4961
4093
3992
3674
385
1539
4136
2042
395
1981
2611
1134
1980
4293
3081
1991
624
4692
5
5406
4726
2754
5140
1045
4790
4196
1809
2756
1963
2325
119
841
2465
4347
3587
167
3917
677
900
978
5282
3672
1945
2673
4518
5395
5243
3641
1285
3087
2122
921
1261
4904
1717
1618
2528
1617
1549
4414
3829
25
5456
4626
3461
4992
220
691
3182
1619
1356
868
1668
1780
1519
470
4505
2418
3713
2770
4787
3482
2858
2549
5473
4305
4098
5247
907
2576
2553
4308
3300
1195
3865
608
3103
3794
739
829
2884
2393
2785
1027
1588
4803
2961
1910
4468
660
2404
2109
724
187
5366
5474
2887
930
590
274
786
1952
2203
3651
628
1365
4081
301
5312
389
1457
1866
2229
176
1815
88
3704
1519
2585
4777
4773
5288
3632
4562
1307
1727
4452
2831
1960
2882
4887
1108
126
3301
1089
5105
4037
4411
1817
4646
4215
1342
1501
2952
3440
3482
2226
152
1429
1064
2758
2564
354
2130
1483
2801
5055
845
3256
1655
968
1531
1213
440
1119
3263
5330
2145
341
325
3030
1654
2668
1234
578
1016
4875
4028
2233
108
1467
1594
4179
1900
455
4217
1944
1019
5460
1196
1748
4473
2759
2577
3815
1592
5143
477
855
2892
3480
2360
300
3605
3107
540
4518
2211
3963
5139
2652
4605
3032
2096
2658
2714
1331
4733
48
1711
2789
3014
2123
3770
1367
2974
3697
780
992
4854
3365
1123
2416
773
2367
4348
5082
1837
215
5077
4702
3206
3596
4929
3584
3849
406
2983
2480
1868
284
3717
4091
4111
15
2820
3763
1681
658
5109
3258
5373
2918
1584
1911
2071
627
3832
2009
3494
5013
4900
3050
3885
407
522
1357
1476
4710
4824
5198
5093
4958
2493
3735
5487
266
5447
1219
4357
1869
852
4036
4466
4679
1234
1930
2464
237
3963
3651
4978
1535
2575
4147
1564
5336
2704
268
378
2257
1388
2692
1186
1354
196
252
4904
326
2612
5019
308
1423
659
4057
3627
1349
2786
4176
5149
3509
291
517
2568
1223
2983
5118
3258
4426
3161
3193
588
359
1404
1626
2858
2117
3144
2692
5425
1043
848
156
3286
5095
3274
3771
3118
3667
2966
1826
384
3423
2905
4392
3786
1607
5150
2569
5412
1538
446
461
303
4455
4722
5014
5213
208
2945
4447
1804
2716
1923
4986
3493
550
3972
2271
759
5383
5280
3772
4812
2420
1885
4616
3723
277
264
1408
2618
31
4356
4431
4891
4481
66
4531
3977
492
5418
2139
3199
2564
962
3107
989
3874
3586
1921
5466
1210
3714
4203
1957
3439
3075
3835
3162
1617
764
3370
4035
3345
2665
3844
3773
1305
4495
3769
5275
211
2228
5417
775
2995
2353
4894
803
3813
1927
2398
257
4583
4746
3076
1343
5026
5314
505
4090
1080
600
5260
3915
3596
4934
2613
1026
3214
2713
585
4081
3081
4354
5226
1698
4781
1355
3693
3808
4164
4843
5152
2879
4512
2803
4023
5448
3353
3795
861
4410
3281
2175
958
2696
2887
1233
3181
3364
4586
2215
2216
919
4179
2527
4556
5052
3796
4857
5323
272
2211
812
275
858
3023
2391
4183
2004
4865
4375
2261
1817
1297
2840
426
2717
895
1030
1468
4892
1268
4295
2266
1070
2197
5156
3968
318
1673
1388
3982
916
2577
275
4022
466
5222
450
1128
4266
3853
4327
1782
147
3213
1459
3832
5054
436
5302
1027
359
2962
1333
330
3285
3296
3964
5064
2338
4072
2897
5133
53
1256
2683
376
6
5160
1548
514
3502
228
2356
2105
3632
1466
2244
4331
152
5077
4715
3113
273
4589
3965
3858
66
171
1956
3362
3219
2745
2207
4578
398
4351
3234
3572
3600
882
5193
2884
4273
4002
4872
1174
2949
1360
3126
4670
4702
4227
4796
449
523
4423
4995
1089
4266
2433
4714
5121
1439
1577
3479
2292
3205
4099
453
31
2961
975
208
4480
2182
4546
2050
62
1280
2240
2460
3908
2737
5180
5415
3861
394
958
3623
769
2054
2075
3944
2323
601
2946
2220
1581
3697
4392
499
858
4542
1296
4025
3386
2511
1131
5245
1502
3484
1746
5179
1419
3263
439
1493
2939
4475
1817
3873
626
1509
3802
2909
5048
1951
4491
3179
3106
3216
297
1454
1870
2431
170
2540
2171
3057
1352
4358
3269
2451
2191
3113
5431
2740
2179
4760
2924
657
4304
512
773
1304
3785
4710
1994
4011
5317
1470
3971
2545
3976
3859
1358
2414
4968
4768
2146
3131
3805
3074
5138
3704
1863
1984
3583
2871
3524
4170
5283
3073
5074
4201
4949
1898
3339
1699
5485
3506
4722
3140
5241
2742
79
2530
2652
707
2306
2709
1422
3193
3217
1550
52
1014
2988
4456
4166
5151
3865
1513
1
2823
2004
5264
2301
1450
2788
511
1710
5098
4243
305
886
3125
2430
2100
3843
3666
3676
4473
3259
2621
2536
2837
3605
3676
2636
4432
2013
4587
4326
4391
5436
4878
829
3327
4740
914
1509
4039
3033
5484
1568
2334
2251
5035
464
2465
71
869
296
3812
55
1784
2543
4978
200
1942
3746
1409
3086
371
3297
102
4227
1480
238
4228
3679
4365
1752
1651
1753
2775
1029
3855
2197
2047
4976
91
147
3594
3819
3889
4963
4084
4652
3819
1961
3982
3435
2323
2181
2542
4372
1533
2288
4080
2514
349
2225
772
1830
4262
4851
203
2822
3619
3750
586
4795
4695
2337
3951
2607
244
5384
1389
278
3054
133
1353
84
4760
3112
743
4293
3111
3140
2471
1025
1956
2324
5224
4213
5467
2440
4204
1970
626
2247
326
3034
4808
2216
4239
3778
4220
3383
2892
759
3525
3589
4204
214
5415
2510
782
2425
185
394
2496
1562
4888
110
1647
4464
4474
82
2169
5174
1711
4439
4567
1044
378
2953
947
4492
1950
301
776
3556
4563
1545
1263
112
4387
1021
3455
1706
1426
3917
624
2196
1345
742
1883
2701
4765
4134
2847
4265
5153
2375
4336
489
4049
2200
1934
2627
3462
1377
1171
1175
3462
2845
4847
565
4789
1463
1383
4694
2355
4589
5469
1829
4032
3593
3359
535
996
1991
973
2375
1494
897
1313
1053
2859
1695
1396
5026
5260
4886
787
5018
210
4296
3627
4733
3394
3467
2935
1890
5092
113
1726
4871
4264
2587
3014
1235
3457
1750
2883
3469
2525
630
4598
2827
699
3293
250
1711
895
1405
1048
1880
1620
439
552
1005
1052
2934
751
710
4933
1661
4915
4979
5031
3882
1009
475
3436
318
3258
1158
3262
3045
5308
3378
1464
1350
2974
1273
3501
4455
2525
4668
1031
3127
5282
287
2050
1106
1413
4534
3666
3127
1050
3382
2625
601
4450
1155
1637
1527
2895
1380
2673
378
4706
312
848
2030
5167
643
1691
4390
3941
5036
812
4465
4442
3419
4293
257
3019
467
573
1709
3705
1779
5445
1149
2979
1658
3205
4536
4860
2791
1923
1722
3093
2895
3807
5134
2477
3987
281
5410
3984
1935
3005
949
2789
4981
4072
5313
171
3224
2363
1032
3378
389
3863
2660
4716
4374
2333
4602
1404
3248
3909
2100
836
4173
2245
3111
4028
5213
541
1094
1444
3849
2790
3490
4174
3666
3499
1495
4640
2808
4253
1744
1649
3856
4659
2821
1997
3005
5132
4919
1048
2462
2099
1677
899
59
5164
1550
5103
5420
1247
4704
1262
4924
5442
3458
4657
2564
3159
1420
1247
4309
4109
1216
214
3947
2401
1
2293
5496
1378
1445
3382
1713
4249
4143
1016
2435
2147
2296
2761
1566
4885
422
2316
4314
2987
4237
3734
811
381
1626
2234
3172
1010
3905
4750
4672
2014
558
1619
3843
501
253
225
305
4544
5252
4135
3515
2733
2125
2026
190
3542
1984
4692
1362
3818
1796
4721
4194
2878
1611
21
5290
1602
2136
1299
2333
1346
241
5489
3428
4786
509
2318
3473
2370
5163
1703
2191
1512
626
2567
2419
1708
3980
3056
4931
1367
3225
5209
2573
4981
4496
3706
3547
2411
1741
5297
4849
5021
2793
1682
3769
4900
3146
3630
2281
2967
5105
3839
945
5448
3611
1785
1129
770
4839
3157
5419
2196
1400
2363
1516
1656
718
3104
1475
1876
2932
5489
1054
394
3037
5023
1215
2821
3327
5168
1319
2670
995
4314
149
66
2164
1031
3066
4136
4883
4954
1476
4440
2072
746
1047
4094
4371
4868
2531
2303
1019
780
1916
5436
5040
3927
1889
2862
4101
2011
2936
5497
3741
2061
792
2160
5225
1419
2573
3372
4061
1826
5162
4269
1922
4973
1362
2435
1857
1433
3125
1098
415
4228
2110
854
4181
904
472
2708
4872
648
1012
2466
3528
2152
543
2497
4546
4481
1122
5206
2509
3699
53
4875
2989
3265
2538
4207
2816
4593
2514
4223
1616
4599
1330
1665
2419
3649
3859
1782
837
2290
2044
1577
946
1057
3182
1283
2179
3706
2757
2527
3805
4308
2409
3270
3543
4044
2230
4902
2810
4319
4927
4128
801
1051
2422
3951
1656
3988
2492
1426
2545
4133
2278
1768
3448
3139
3365
5467
2983
3324
3014
2070
2611
4405
2752
4427
390
4027
5437
2469
3874
3073
1817
2647
5067
3989
1965
1426
3095
294
2621
1536
2251
537
4991
3721
2253
3067
5259
3082
4246
1427
4580
3109
2198
894
2023
1824
3521
4539
1889
28
4789
2131
14
3376
4418
4502
2281
5444
5262
239
1129
2135
2144
5278
4414
4517
5467
7
549
83
3231
4287
4056
5273
172
620
1094
4362
5049
3572
2564
3725
3709
4499
3547
531
5224
959
4706
1084
3307
4240
5465
2623
1780
1173
3945
2375
590
4983
4290
126
3725
3117
200
541
4601
1425
1347
2912
2401
2149
3328
4560
138
2196
1695
355
75
4424
1553
3516
4094
2599
986
558
4497
5108
1780
322
1267
2799
5146
1996
5463
2758
635
4713
2392
2024
76
4762
4926
2776
71
4985
4689
3340
1523
3930
3079
302
334
1422
5203
1286
3589
3915
3537
4503
3380
3349
426
4974
2569
3715
1814
3218
5096
2523
4460
1688
1676
4351
2000
1945
4965
1583
2967
1281
1623
5137
2073
1935
1869
4776
3642
5129
3490
1425
1465
4351
4844
208
950
4519
3279
3937
5464
50
1436
3645
3555
3337
4081
4985
3597
2295
781
3138
1824
1246
748
3503
1394
3825
656
452
3163
5356
4410
753
3891
2007
2798
5253
2889
3154
5445
1113
1622
808
1252
2237
4565
4121
2698
3868
5042
3838
4985
661
1839
5212
1819
496
852
546
4957
913
3560
4087
361
2835
332
330
2151
1243
4867
2841
2567
3989
2423
3755
399
4288
5171
1644
4832
2951
3626
3509
4466
4424
2003
5269
5008
3222
3215
5133
2310
4642
3539
3651
2827
462
3892
4986
2408
2641
4957
2532
2556
944
4470
3709
2555
499
5276
2418
4420
4812
2264
807
3592
3314
1839
2708
2661
2761
4755
33
2536
1064
5169
4081
1940
2987
3376
3875
2474
995
667
138
4982
4372
5194
5410
2347
4358
664
4762
3074
4703
3477
1671
2605
2527
274
1442
408
552
3914
702
4387
1443
5300
840
4971
1332
458
58
3402
4107
3417
3663
4197
963
1308
2553
3320
8
1751
1742
3960
5273
2679
703
4468
4980
821
2521
3039
876
1507
4422
1868
643
461
1971
2364
3156
4065
3497
3206
4210
1878
68
2961
2643
561
2950
1208
1681
2327
2507
4285
3753
289
1638
5250
2030
3216
2530
965
5399
4039
344
4218
3579
2704
4540
999
4228
3795
4579
2863
870
4399
4203
4164
5003
4021
4836
150
2552
2678
4101
71
874
1274
2759
1875
609
4678
3882
4160
1345
2764
4045
1677
5458
4843
3696
1733
3714
1224
3757
4182
4928
3964
902
5399
3641
1759
1227
3600
4152
258
4516
496
5308
252
4704
2753
2049
4258
4755
89
2286
2461
1950
878
684
152
114
1283
2087
5415
3813
4087
3032
325
2243
1407
3562
371
3374
3033
170
2543
2700
1408
3252
1746
2701
1298
5054
3157
108
5440
1608
1296
3400
882
2900
5181
2019
2260
4685
2344
4915
4071
5048
5230
5433
2213
3362
3026
4775
4570
4776
2748
3661
4716
5269
3436
5307
5353
3074
4872
5461
1776
5327
1038
5004
3123
4008
4156
2404
3039
463
1369
2079
88
4631
3806
799
3660
3379
3701
950
1123
3361
4308
2701
4946
3476
4718
1052
3654
521
3854
2107
2205
5473
276
4139
3481
3582
3378
169
364
4822
1241
1331
4724
5204
3453
5022
5442
3639
478
3551
2016
175
1253
4968
3365
5291
728
637
3482
1589
2857
3359
4057
1298
1790
5117
4331
4813
2846
260
3689
3130
1646
2160
4411
3633
1956
3333
4177
5297
3566
3847
1563
2219
960
1833
1763
2923
859
1933
4445
176
3752
1006
494
1546
3127
2924
4601
1295
549
396
3799
5169
4711
2621
2108
4122
5422
873
4810
3836
5325
3709
2811
3245
229
850
3682
5136
4749
2360
2387
4558
5018
1248
4982
4519
3592
5213
1039
2116
3742
1875
1469
1600
3737
1327
2220
3774
830
775
4150
5432
2024
5370
4289
2165
5171
1936
5005
3877
595
3551
2663
1805
2183
3659
5363
3297
4415
2318
2703
4009
1470
3372
4546
5072
862
1738
367
2117
3549
5261
2681
4625
4487
993
2454
639
3587
4999
1998
1431
5031
2126
5131
4679
3594
5211
1405
4614
2645
1288
494
4635
2486
2802
2839
3978
2769
3698
4498
3532
844
2289
5067
1076
4659
2023
4125
1686
2525
2287
893
2355
2538
2479
692
1733
3798
4463
1310
1116
1449
2841
3791
4324
3059
1528
3053
2217
5478
3157
1906
5395
4860
2498
2978
2513
2343
1979
987
2447
1900
4624
357
1030
1402
5207
175
3723
427
2416
4306
117
935
3917
4535
1802
2106
4715
4459
2385
3916
4759
2205
4377
3914
3519
497
4226
3409
5439
3017
653
313
2943
5097
4274
4568
1888
1176
1938
1226
435
2952
4105
32
1622
2711
3657
397
2714
559
3728
1042
1552
4966
2459
4358
1956
551
5474
4163
5242
2711
4862
528
1089
1464
497
1605
4367
5001
3078
4523
1367
760
786
5480
4289
58
5208
4101
1935
2079
880
5354
885
4289
4996
3487
4808
5221
1198
229
5155
3627
3960
1267
4694
1964
3918
683
168
2251
4472
1812
2649
1375
4992
4752
961
4995
660
2202
1351
4843
843
1436
2162
4477
4886
2941
1465
2482
3641
4893
697
5446
4882
467
5491
1840
2605
1006
1899
1570
4566
3404
1033
3754
510
2690
4716
2166
2443
2660
746
471
1104
3907
616
4511
4384
229
372
2250
257
982
3575
4270
4411
4522
1432
1970
5264
3453
4055
1629
4707
4450
1002
1345
2922
1131
2322
1376
3270
4963
3590
5296
2161
780
3535
3993
3040
1462
1959
4859
2467
3053
792
2291
3684
1215
1711
1327
957
1238
3121
5207
279
397
1070
2342
2117
2101
5051
2376
1515
2994
817
4124
3917
1835
918
3679
4357
159
5250
2906
3957
5480
4726
698
3990
1976
3530
665
1400
1980
4976
5166
4223
1531
399
1762
3811
2145
1699
178
4780
2762
4458
3755
4255
3385
2586
3939
2550
3456
158
1857
3624
4181
4683
1386
4649
4443
2004
3368
4400
4395
3045
1465
2547
138
4917
3458
2002
2671
4389
5027
1785
2039
2928
3463
2987
213
2441
2121
4141
3448
3740
4295
5333
3971
5347
2465
3173
3704
4641
3735
411
3014
801
4783
693
2090
5047
5063
2283
1403
4721
342
3318
1311
442
1757
665
615
1309
3105
1905
4905
5239
2399
3508
2978
2027
4645
2257
904
5358
275
2336
3444
4469
5491
383
2267
3647
4053
1017
3593
3780
2611
4249
4719
3519
2138
2207
1341
2903
3733
5060
3877
1166
3769
670
1983
2172
2135
3137
234
4811
642
898
2028
3212
687
943
483
4223
5258
559
2158
1699
5473
4238
1410
680
2168
2894
5416
3753
2091
2311
5497
2870
752
3687
4193
4032
3293
1167
2850
3759
1214
976
3107
5077
2059
739
5157
1920
199
4535
2655
3397
5263
3248
1525
2747
4336
2595
442
5082
1572
3091
1951
1168
1556
3592
1
824
1229
4642
329
1540
1487
2495
3178
1675
4907
4279
1201
2801
5175
5374
3625
5242
2980
5226
3900
195
165
2444
2078
2366
5317
1349
1965
410
4272
3291
5016
3361
4635
3322
3181
2529
4080
4810
4770
4921
219
4390
3324
3028
3460
496
2947
3947
4219
5364
4620
4213
5106
1001
4011
3562
574
3033
4164
2352
163
3920
5237
3691
5141
4890
1480
104
2257
1857
3617
599
609
1953
1571
4519
289
3494
2531
4156
2528
4785
4345
3587
4067
17
878
2419
132
1163
3724
196
5170
4177
943
5427
1433
3718
4769
894
4335
5459
2478
2691
796
1012
2213
1181
3092
4362
1747
1617
174
2387
1755
2539
1948
5356
3542
3263
3212
1456
2690
1438
2209
4057
3483
1658
1707
49
2882
817
3003
3103
2995
2214
4647
4243
3401
302
3437
3524
5430
1248
1245
4443
2040
3795
4931
4813
1110
2370
4565
4640
2345
2144
2195
2387
5285
3742
5279
5197
2687
4356
2959
721
1386
3257
1439
2005
5342
3575
3333
1888
2071
4486
4190
1465
4930
3691
250
3713
845
4545
3001
1263
3188
3083
2449
1681
1876
2848
1011
1009
3449
3377
4869
437
2984
4382
2705
4691
4325
5234
566
5333
2246
5056
2274
3999
1698
5064
5268
3421
134
4361
3499
4950
1375
1836
90
2420
2232
222
536
108
4647
3361
3767
2049
5343
3171
1040
2452
5268
3479
87
3363
4957
1466
2836
639
2463
2079
4866
3463
5075
5199
1570
282
2556
1991
581
4738
4344
5081
1822
4933
5048
3310
701
3227
654
5182
3827
4079
4852
85
2277
1066
4427
4685
4342
2320
843
435
920
2955
3359
3158
2227
2263
2861
5413
2595
1108
683
843
3734
79
2502
3080
2885
291
534
3332
4620
4731
3055
1949
5189
5119
2653
2085
723
578
688
3644
3108
2518
3441
1606
612
2285
3520
5095
2273
2546
5103
2009
4469
2141
2482
1191
4115
4360
3144
479
2386
4548
1223
2143
3213
1461
3392
4907
4419
4406
4014
4582
2641
4709
3239
392
3505
1065
5332
2261
3739
2772
2805
46
1078
105
1785
4544
213
2468
3510
599
4274
1820
5386
999
4115
1568
2899
2593
677
3270
2570
3973
425
4214
139
4668
5466
3652
1432
1993
2954
3874
920
277
5262
3975
738
3137
4687
3733
2018
2478
1273
3208
3409
361
1852
3795
86
1426
393
5373
3860
3056
5267
4263
3228
3475
2577
3654
2965
2756
549
5429
2736
4779
4492
4083
3447
1917
2261
3557
2740
1960
4262
4476
3099
3910
3608
2526
2865
5222
3780
2127
1828
4463
484
4672
1864
735
5
1743
2452
3004
1704
2597
1378
3834
2863
2362
2823
3363
3307
2718
1078
2197
2146
2716
3682
5486
4693
2916
3659
4249
876
2669
3022
2454
1677
3949
3596
4876
1633
739
4425
1835
3401
3722
5299
3596
2954
2351
733
4934
3154
1713
417
2706
2502
3334
263
899
233
2197
3088
2739
855
2303
5271
4991
537
2578
1831
5286
2607
4537
3515
1140
88
4276
4956
3028
1241
796
3019
2137
43
630
5317
5223
1046
1910
1944
535
3543
5088
3102
4833
4422
4239
301
582
1637
1787
842
3696
1752
5235
5249
2622
5228
4765
2896
5360
1173
5028
4030
5168
2164
265
4716
4674
465
879
4856
1971
634
5376
1438
4873
1374
5349
336
2109
980
1736
2863
955
3660
5468
413
4443
3646
105
1135
4297
722
5277
3157
1197
4068
3782
3149
1805
5421
356
1074
4572
2275
4835
649
5017
3933
4034
2793
592
4869
3911
2841
5376
2398
2895
1327
161
2343
2494
1359
2108
1679
4505
1967
2690
1918
1889
2086
2671
2419
3917
1856
2088
445
779
942
3542
1722
5056
896
3740
4741
262
3098
1982
449
4760
123
227
4443
3127
5070
1094
4948
2970
764
2030
807
1229
2946
4963
4061
509
5349
4027
963
425
5367
5310
1168
2297
2193
1734
5322
757
4716
3566
3612
553
3991
4683
919
2847
3042
1024
5218
215
489
3524
25
419
2052
1915
329
1866
799
4873
3219
3449
3179
2537
4757
618
331
4491
2023
3469
4814
1949
1503
1981
5400
2738
278
3427
1123
3972
1805
4790
1640
2096
1101
2433
1535
3940
3512
606
353
4905
2109
4289
1831
5367
4712
1307
1745
5030
4875
1674
2126
1800
3148
5498
2486
771
2693
5107
4060
2846
4513
4090
4560
423
1267
393
1900
3356
3470
1649
4146
574
2122
230
2679
4629
3831
4310
3913
5286
1700
3372
3242
569
2977
3116
568
1812
2016
2261
2289
276
4676
2015
3090
3167
1971
2502
3
604
217
3502
3736
2825
3938
371
3996
2432
3313
2957
2666
845
4997
42
3733
2032
3505
0
2984
2181
1437
1713
1445
1165
209
4553
3816
3654
232
2655
2288
446
1873
365
3305
2483
1124
4353
3787
1722
2442
5003
4216
2560
3185
4930
2279
3484
5339
3279
2051
493
4725
2736
3621
4963
2915
3075
3010
2548
777
873
4234
3661
3300
3942
215
4070
3003
5046
1688
2942
5008
4389
4972
1486
2268
5303
2223
5178
188
2380
2827
2412
2331
3862
995
3498
2627
3762
3410
4495
2715
3620
1541
4980
915
5030
1969
4535
3416
218
209
4275
895
1935
4085
3530
3638
4331
2928
260
5355
1888
4998
5
382
3936
3564
4681
5368
3626
2240
2353
230
4145
3017
1352
3374
4740
1834
2121
1211
1187
152
430
2853
1185
2464
3187
2193
4840
4404
4433
3548
2159
5386
3603
4799
944
2474
1287
3774
2454
1929
1225
1871
4298
3473
1457
3251
349
3894
4573
1456
701
653
1584
1568
3499
2920
5267
2652
1672
5242
5371
5010
4662
3912
783
2646
196
4306
4944
4869
3333
4231
3547
221
5379
1927
3867
4449
4884
3444
3017
792
1285
1356
2684
4009
4710
2844
1577
4195
1970
4903
898
4014
1016
2853
4437
4594
2782
1978
4498
5347
724
3020
803
3879
579
4027
4787
5129
2788
1334
2266
3173
1099
4750
2750
5376
3339
144
1491
2206
2063
5145
237
1536
3892
609
3571
5053
3353
2079
4024
1353
2499
3204
5210
352
339
66
5345
5367
4783
3085
5393
340
3377
4720
456
2375
2838
3178
145
4805
2722
5340
596
4221
3900
3011
2231
3214
3266
1505
4509
1748
4713
1577
3295
997
354
167
463
2823
274
4151
373
1127
521
2224
861
933
4920
1319
2714
3224
4670
2101
1980
3737
3834
3702
3888
5304
2154
5450
1851
3748
5288
5235
1923
5292
3396
4521
2201
1206
1601
45
2202
5303
3024
1064
3399
1325
1881
1751
1216
835
5418
4347
1570
3626
2899
4943
2363
4367
3040
4834
2503
5000
950
1366
4771
2912
2528
1551
4127
1146
103
4778
1407
28
4983
4245
4397
2157
4930
4267
2004
3292
4328
4575
5357
1732
4891
3066
3439
2753
335
2142
5230
4478
1102
3220
3973
1904
2318
2034
626
732
3863
823
3562
5375
3551
309
3105
976
4481
5175
2789
2478
94
3485
3765
5001
4937
3237
678
4435
4397
4545
4656
1441
317
4746
2726
2804
1416
1526
1538
491
5031
355
4483
881
89
4815
3430
2717
2308
5362
2650
2547
3310
2012
281
3859
69
4263
2893
4082
2086
1291
4614
3779
3511
2617
189
5272
3027
1306
2142
5037
2544
3593
1043
1869
118
3776
2607
2985
2129
1680
4399
1962
1165
2103
4494
1428
1756
2505
2643
2492
1892
2464
4127
5195
5207
3568
1261
328
77
3855
3762
4170
4562
3067
118
392
4106
4948
525
1814
3709
1562
639
3550
2022
2711
5453
1377
3932
3334
2423
2224
2433
3534
3726
3916
1150
1326
4180
3454
2444
1804
3291
2300
3087
659
3440
1573
3243
1415
4205
5430
1246
2871
4369
5096
988
2907
1255
5176
5073
1999
1649
5386
3722
3360
4259
3000
4664
2535
805
5383
2518
5122
191
1636
4847
5165
859
1422
2813
2171
3591
255
946
2444
4646
3253
4477
2744
5324
3313
4732
802
3995
5322
4961
5406
3448
1060
678
589
3572
1956
2124
5378
104
5242
2736
1453
3076
4106
5445
4263
623
3763
4344
553
4004
3160
1685
3115
5462
3382
1211
3802
580
5092
4591
239
3748
223
1389
4355
695
2801
802
4806
663
2491
1543
460
2460
2643
1705
4658
1901
5242
3063
264
5242
3526
376
1958
1472
4567
4957
1506
2306
4156
5092
2191
2971
3524
4159
1084
1150
972
1443
1557
1786
366
2504
688
1314
3402
5450
4510
279
1195
1771
1476
4768
4979
5149
3400
3880
452
2864
1965
2082
4707
1948
4979
174
4578
2500
2835
138
2821
3666
3561
476
275
4967
68
1278
4853
1801
150
82
1705
1428
4074
2579
2431
2606
2902
2682
1635
1631
5476
1200
2168
603
1713
1188
1666
453
3080
2624
3753
2101
3406
3578
766
1813
1778
67
5156
649
994
734
3199
2538
2078
3949
2229
4128
2402
1670
4203
762
1616
1168
2938
1220
3226
589
5235
766
424
2282
1813
2842
487
4677
247
3352
3949
2282
2268
4084
1309
4594
1835
4671
4628
177
3467
4351
1945
1239
599
972
4967
3398
2021
974
1694
4739
2901
1767
2088
2628
951
4304
1407
3883
4201
4934
5132
3162
4593
1472
2602
867
1660
4476
4944
614
2307
3011
1259
1909
1541
1774
4083
3828
3739
1855
3018
1168
547
1292
1227
3438
4082
3407
58
429
3990
1999
1403
599
1269
4225
459
4063
916
5393
948
5398
2573
2659
490
1275
639
2775
2119
5211
2377
1278
4931
4603
1305
2805
2694
5318
3074
5227
1210
3331
1297
1254
947
762
699
2253
3472
1182
1331
4339
2394
2638
1506
445
3218
2348
5250
670
44
1654
1860
4997
3225
4134
2095
5384
1522
1042
3218
4756
3349
1920
897
3397
1935
4520
1181
4102
2898
5266
1800
3945
1324
3134
4668
539
3056
815
4928
339
1322
4213
4269
1150
352
5323
5331
2711
4251
538
3370
5290
3245
5016
2061
39
2849
724
3132
579
3845
971
291
5162
2563
1975
174
3602
3063
5213
2013
1514
3486
3583
1454
3821
1535
5473
244
460
3142
5366
5321
3178
2433
2187
2049
2222
15
1999
1634
245
4219
1267
3181
5180
5096
4289
4758
1054
809
611
1324
2412
1560
4855
2235
3584
5469
2946
5167
2997
4178
3718
3371
2918
4183
778
85
26
3097
1027
3090
2063
2983
2086
5419
3224
2195
4377
3607
3806
935
424
4122
4390
3337
4273
1495
287
1376
1288
5402
819
86
5034
977
1632
1224
889
1637
1347
2841
1103
4812
4533
1575
4443
1186
1638
5080
3888
3479
1252
2602
189
358
795
2667
2548
2807
3614
2027
3849
2849
2043
3254
2101
1960
552
5112
2876
4287
1048
1721
3675
156
1966
2630
4482
5040
3529
3850
4921
3716
1456
2792
2648
3648
3164
2862
38
5014
4128
4546
3496
4259
3494
4444
2219
3182
1107
4983
2831
930
5169
1318
5356
760
1782
2029
3609
559
454
1593
35
410
134
2331
1604
3855
4548
3454
42
1592
2543
550
5015
5141
1921
4442
4081
3105
1327
669
837
5023
720
5059
2702
2893
515
284
2984
666
2678
1827
2482
2728
2018
4218
2644
3952
426
4183
5151
1236
521
5111
645
3396
2310
3862
5119
751
5059
2293
4562
2231
1313
3783
866
5074
2581
3461
328
5363
2154
5082
4844
4944
3852
3812
4419
2194
3379
2056
249
1957
2320
1622
2698
5130
4407
3186
4777
2586
5146
2454
5393
181
1562
1338
4275
1736
1
5449
1598
2925
4232
1161
3810
2024
5052
209
5336
1147
3646
391
1529
1473
403
299
3076
445
652
2065
5105
3085
4810
4320
2041
3008
57
1733
2378
3716
3865
570
312
516
1693
613
1855
3963
4921
1078
3639
4573
3792
5094
2045
5261
710
4975
2511
4738
3489
2601
3589
4274
4861
2922
2657
368
3224
3389
1486
5407
4119
4609
37
3551
1874
3904
2339
1401
2421
1398
5101
1796
1501
4113
4177
5374
1837
3135
725
1266
4159
5421
5364
2662
3906
5115
208
52
5495
4781
1483
2837
3463
1620
262
1044
3794
4336
1035
1406
2492
1856
3308
3362
4153
831
1894
1722
500
2928
1109
3337
2853
3120
661
4216
894
2768
3660
1265
5049
596
3205
4509
2670
4662
3346
1377
381
283
5107
4905
4064
1581
2383
2480
1812
674
687
2961
4703
2840
5191
2104
866
2003
732
2990
459
3075
2138
3469
5394
2230
1773
4046
4557
2346
3186
1310
4391
1650
76
282
5011
4990
4480
4052
1051
5383
830
431
8
768
492
411
126
3418
2041
4571
3046
618
4750
2944
2666
4680
2348
5403
2274
1234
2112
2059
3991
4698
5036
4521
2202
5465
3287
3983
1846
766
1169
43
519
4224
3126
5148
3090
660
1325
1484
5089
4636
3327
436
3916
1391
4373
397
1717
109
2610
3324
2268
377
832
153
2592
3086
1140
4088
1425
3342
4297
3018
5450
1899
2316
4969
2836
111
1629
2924
2064
1511
3192
2365
5344
2241
5414
2486
3444
5084
4525
3445
5073
1196
1689
3630
3239
2525
5035
1817
5124
715
2753
2632
1447
2998
4405
3311
1000
3519
1051
4992
3400
419
457
4078
4453
4392
194
924
4346
97
4639
4780
775
617
1229
2905
3166
2944
629
82
1223
2700
2880
2696
227
1091
3893
465
4731
1461
4824
1526
1158
2661
2528
1943
1852
477
2909
2405
1705
3434
4678
4315
4154
5381
2179
1922
906
3967
1399
4040
528
3580
5254
864
2552
4953
3843
2733
879
1442
5016
3174
3911
2571
2537
1126
4664
1464
3087
1136
4816
2811
2136
110
1324
3091
5014
4119
3409
1660
3027
4349
518
1000
2938
77
3707
3579
81
3885
2092
1629
987
968
2883
4492
3320
2143
772
1740
5415
5242
639
1515
1362
5006
1923
1231
2836
4289
3954
4677
2535
2509
4217
3160
1623
1290
4184
1094
5070
1514
39
4865
3318
3790
5279
1741
3758
5235
4860
4021
3074
2737
50
5388
2584
2668
3205
4305
5492
3818
3632
372
676
5170
167
3613
2123
1682
3972
1552
1038
4031
1856
70
4760
4321
15
2216
3991
4928
3705
3290
4848
4347
1306
1523
323
4232
3829
3334
586
1710
2628
3021
861
5278
3396
5402
223
1237
799
56
1112
2700
5071
2007
3496
2358
3397
905
5169
3657
1850
3801
5232
3332
2233
26
179
728
4761
4604
5116
3821
4853
