4078
14286
2669
10025
5329
9525
10040
9820
11500
141
3413
2200
14507
10203
5065
262
10399
6992
7236
14771
14845
2730
6923
1494
13532
12237
5374
11621
5772
13710
10811
12047
7911
7194
11301
3226
11666
859
8948
1854
11481
7401
4788
4526
3498
7588
11957
10865
1588
9830
1286
8290
2002
13389
618
5667
4105
1160
5222
3913
11641
12401
923
8141
2188
9712
6596
444
6133
2675
14956
7403
8200
14094
5356
13832
8892
12440
14765
1447
2972
4398
5524
9373
13013
493
5902
4344
8046
2319
4540
9025
14450
10542
1919
11608
2314
6674
2868
11267
8505
2581
4070
10048
5676
14616
8664
2649
14567
13913
4931
4080
14928
4916
14160
12226
1798
6213
13596
3753
14152
2539
3087
11275
10781
14055
2849
11675
4320
10004
12237
7225
5721
6057
2504
5813
246
9880
13861
8647
2451
12526
7267
6961
7113
9679
12857
10099
2298
8963
11712
9066
5172
4120
12619
9521
3529
294
4865
13240
6527
6343
6644
7783
7171
3891
11289
12974
2143
3352
11854
9252
3718
14423
74
7850
9421
1093
12999
14932
11908
10762
6808
170
3489
12049
8288
12524
6910
7618
14279
13224
1618
6651
2518
452
2141
12106
11391
2730
3671
14657
11334
10522
11449
8735
883
440
11386
7898
2743
9487
9706
1236
10044
8353
8828
11795
9883
8614
9522
9326
10972
5829
3670
6266
12930
698
13197
4313
13319
7199
230
4415
11148
6076
11783
13903
10540
1015
7676
6630
10863
3880
4676
1368
7293
2403
9153
8252
326
2412
9306
642
14944
7437
10316
2642
5893
8534
11203
581
11775
376
4122
7561
10339
4382
2319
6291
14343
14296
13464
6262
5416
11991
262
10086
1198
7732
8316
4643
2931
7112
1856
2384
10072
13232
11721
13604
9516
13087
68
11878
14177
14520
9269
13553
11288
12933
3332
4528
14141
12854
714
6514
11219
11134
1946
13213
3517
9966
2723
10713
810
2533
11459
14046
2129
7003
13240
8217
9378
4037
9513
3598
8915
5076
1997
12631
8403
1838
12445
9130
1350
6718
5678
7198
3191
12391
2915
13090
291
1287
8433
3769
12296
4655
6755
11919
7149
2421
3925
7654
5188
3805
10390
5612
5182
872
12437
6901
4820
7468
14922
11498
266
12251
14731
6399
4416
12122
6819
7750
132
5762
10118
7990
231
5029
8341
12640
6299
5335
9214
640
10543
9895
570
12471
14395
8527
13647
2751
2617
424
6357
4139
9561
2110
8840
5404
12623
13610
8187
7547
1715
13425
721
1096
715
7055
7212
6773
6493
12969
8126
13322
202
155
1665
13723
14202
10846
13869
4499
3639
12456
1647
14029
11128
6297
8351
3937
2833
1636
953
3930
3414
8976
374
13747
9950
10665
13698
10930
9481
1396
13772
11929
8362
7026
12401
7189
13428
12009
13717
8456
14877
1740
9927
9348
6092
11080
269
12608
4849
12136
8948
9381
8506
13536
11675
174
346
5725
4578
4491
5425
8545
228
5140
5502
1783
4845
12962
7493
9223
11316
1325
6119
14573
4553
12539
2843
4735
9196
14517
7520
8123
3073
7009
6982
10041
2049
8467
8486
12847
10439
1812
5786
7899
2619
5540
3799
14799
12375
10147
7875
1199
7498
2151
3869
10055
13444
3100
10579
9896
14773
11149
11053
11525
1893
6763
6030
5481
9296
1154
9180
14404
1300
7193
11276
12052
13626
1964
659
4428
10599
10433
6137
1834
12810
10460
2846
4375
10743
8226
7174
2859
11474
13600
851
1247
3750
9827
9017
12901
3968
11236
5561
12318
10046
1167
697
6450
5910
4147
7457
13501
14956
6799
2418
10497
324
10867
14065
1337
7271
2337
3052
12537
7985
8373
13867
6117
13643
7936
11243
6904
3653
331
10456
14569
4511
5381
7401
1367
12892
11761
3144
3102
6208
4115
1266
11703
4229
2668
10964
8561
600
7366
10210
5499
5334
12852
7523
7620
14093
2012
10000
8646
5616
10003
11962
1114
13520
11581
10194
10858
4307
2056
4748
7362
1455
13683
7873
4243
2851
12584
11274
6755
5992
663
7260
6145
4879
710
3597
3601
95
6494
3966
3325
4935
3670
9112
458
4764
6242
14445
5390
8550
9397
10756
6048
4978
3329
4590
12506
14318
5415
12220
12340
14401
2785
11550
12558
1897
3249
6737
11194
4061
9583
10585
5268
12733
3092
14116
11865
11790
7619
5086
4473
6476
30
11833
14242
14294
10338
3290
7800
8534
12077
6569
9025
12495
124
4661
10702
5823
12973
6008
10495
5210
12079
8931
4757
14517
10174
3874
123
2241
9925
7974
13782
7673
10816
8033
4304
462
1282
8014
11564
3792
2039
7195
1575
4413
6414
5502
12789
14309
9820
11589
11288
7321
6377
14828
13074
8864
5536
8058
8063
11065
10835
9494
2848
7628
8238
3526
12128
2505
11903
1300
867
3881
4597
1296
6688
10966
3559
8367
12824
9522
984
6645
8440
10500
10307
233
8993
13609
6815
211
9423
11013
773
11475
6837
12542
3523
12531
14239
3132
9641
13469
3379
8061
4379
5054
7040
1354
6665
14368
14862
8129
7731
4158
8519
4697
12462
6557
14424
6452
6730
12823
13745
7842
6511
2868
9085
5147
2919
6843
659
11763
11224
11858
6149
1150
7573
6778
7162
6352
8702
12795
6045
13085
401
11295
4160
10010
2254
8550
820
14129
12234
5977
14041
14144
8238
2885
7507
1105
82
9420
11058
13313
4860
10834
13012
8963
2143
3797
8523
3840
13425
2173
14124
959
1766
12381
7168
5609
4322
10282
12685
4219
5210
11366
5299
11482
9954
1857
14603
10308
12586
8573
6924
13985
5656
13835
10070
11203
477
5680
2698
9110
14861
8696
533
6663
12935
6487
1319
8778
8058
2491
14068
12499
8125
4722
8966
4446
6208
324
2555
8159
538
11412
12837
7862
10444
805
7419
14685
8729
9042
14026
5020
5422
139
11178
4517
4965
10445
5034
13674
2575
14688
9014
7914
721
5545
13453
1257
7274
10480
810
5415
8602
2250
9646
14772
10226
12544
12109
7874
14712
10510
9634
8490
12029
7709
2591
9937
4551
2913
5840
13677
13488
1874
12114
8874
4843
9482
10121
6739
2558
13221
14062
13343
5064
13651
1937
13588
11322
10400
221
13791
715
6574
6451
6346
9551
699
4772
10061
7232
7625
11232
1626
11365
11748
12938
13562
9181
14558
3301
9503
2377
12384
11668
13043
5605
7352
4456
14702
3570
13754
1401
2961
11129
1831
2395
704
3084
13312
8016
12106
1641
11763
13742
3042
12853
2031
5457
5763
75
10837
9145
12112
5761
4233
5728
3390
210
7893
1697
4226
14451
6207
2822
3528
11493
12266
3914
12560
507
13208
10752
14263
2090
14309
4937
4255
3026
1463
4142
7304
13583
8582
9527
6917
8475
9496
14908
7057
11623
11999
14449
7789
9174
11143
13048
4117
7323
2389
13427
6385
9191
748
12088
7251
8681
9119
5572
4143
4955
420
7947
10770
11295
5
1611
464
7546
1690
5574
13271
11054
14437
1195
13157
12327
12708
4195
14289
4740
10414
2993
12026
69
14956
5674
3127
11059
6136
9680
10159
8762
9863
6275
2168
3972
2402
323
3507
14837
4575
2389
1259
13395
7890
567
2119
5188
4544
2323
2476
13428
13774
8141
8516
2137
8742
10295
8145
3811
1084
9409
4399
8639
259
3051
8844
4207
12444
3331
1499
6763
721
9427
7020
12744
8918
12484
9493
14007
2512
11406
8826
10938
12510
8697
7103
9539
1184
7410
5105
4162
4892
8290
13409
10870
10664
14810
2829
2118
1594
5241
5641
14546
9461
8020
483
5178
5064
1831
5352
13167
1256
4547
2435
2313
10562
4374
7998
6476
8957
893
6805
6841
13308
11275
14425
741
12171
5939
7467
10598
3364
12662
14113
9591
11464
3584
12679
8418
6367
12548
8691
5580
7741
5704
3983
9518
8576
10050
2911
9277
8553
4856
10261
10542
12432
8362
13803
5832
14659
826
11192
13686
8477
6333
12295
3369
14562
3527
3334
1555
5994
5255
7744
11771
6466
30
7871
11181
8401
8576
12083
12794
2404
2043
10508
1813
4478
10904
5111
7047
11734
873
314
1609
11027
4526
8656
9485
7574
7139
4048
2290
51
8824
2583
12959
14171
449
4019
13240
2912
2306
1488
11898
11254
5488
11436
3841
2648
12215
3816
9854
1475
2132
8423
469
4257
9081
10949
3761
3392
2657
6521
1341
13261
4834
7603
10041
763
11745
1111
743
324
4000
3318
9161
5234
9627
3894
12237
3683
3346
14927
6965
13322
1086
8419
3497
7664
1396
12896
3247
4596
10502
7840
62
6857
14813
4299
1296
14188
11055
12763
11831
830
10661
12742
2990
9651
10419
950
5710
1203
9168
8871
4717
11798
8918
3107
6600
14862
14831
12497
502
9109
3845
3113
4946
11040
11865
13102
14710
1344
5257
13160
13774
8570
13273
13741
7674
7229
7934
12122
3315
4773
6264
12915
14932
14055
11854
14089
4588
1380
53
8606
10922
9338
13547
10947
3575
14710
9403
11167
12208
14646
5982
11871
7860
5462
697
9432
8935
5562
3461
7960
9246
4151
11351
7847
2319
637
5919
9590
14947
6768
7187
12323
11550
14826
27
8340
13397
12820
13719
13860
7692
9889
1976
10048
10889
5683
4069
8951
3017
85
12010
4547
13954
2881
13920
2000
10677
14572
11545
11119
1328
1039
11459
6468
9605
5310
7478
791
1396
7005
7405
9046
4579
7585
6620
7971
3325
8189
7845
10175
5851
10528
7043
9048
1115
6868
14066
3028
3206
10012
5862
6963
13666
6137
13251
8841
11025
4263
6137
2710
1564
6095
5124
8993
12580
9414
990
8621
13629
7914
8402
5947
1687
9272
1733
7016
11953
11844
10784
1735
12483
11061
2584
13775
3091
4251
11945
3821
10150
4120
7431
5991
9814
11125
5438
14815
683
13946
2389
8301
4350
4025
6115
8236
11349
1376
2020
6485
5082
14338
12273
494
12028
11677
14766
573
14661
6316
14926
10733
1784
444
11847
9553
12517
14752
2949
8074
6821
4075
10005
3560
2423
6901
10024
5979
8461
2353
6361
57
1241
6578
6991
10521
11432
1014
13174
3762
5287
14008
3237
11284
2142
6846
7304
6560
7369
1236
2291
4222
6358
278
5166
10545
3068
8248
3982
9521
1708
3316
2648
3492
9109
14306
10404
5868
9172
7348
3032
1563
538
10278
13158
10257
4623
8027
1182
12652
8807
7929
12669
5312
11840
3666
3052
2895
14021
6412
9922
6208
3513
10137
3178
3893
7289
3115
4273
14713
14966
8289
2436
8415
9840
6026
8776
7883
4967
11838
14749
251
3265
9358
14910
8464
7659
14855
2090
2637
13464
5549
6272
12226
7060
11471
8357
2553
13295
9887
10743
6375
11102
11307
11358
10604
13188
10027
6459
10640
12079
5374
12216
9272
6413
3038
13617
10338
3666
7192
7518
11071
7771
780
12533
14766
3343
14550
7511
8200
12623
1649
9295
1534
9435
12356
10232
14473
4440
1509
3835
6884
3966
14051
14529
624
897
6602
10383
8829
3843
7943
1984
1276
74
5840
11481
12701
8038
14677
2739
9847
7955
2655
2949
14244
2870
5613
13913
2525
3080
1782
12893
4007
8915
13260
13853
2150
12416
13589
5201
4189
9760
4024
12789
6822
14359
7997
6423
7983
11091
12664
11016
6800
2028
11156
5940
7413
13348
986
9522
2759
343
10294
7959
5041
7132
10567
5039
12363
2472
1414
5499
12484
13713
10005
3372
1543
5180
12256
8582
715
1907
5450
10412
9375
12626
3171
6748
11694
1805
795
5355
1356
7058
13840
7490
1482
300
9932
5603
2535
4465
4038
6493
12201
10689
6747
8772
10996
3904
9549
8322
4918
9680
11330
7082
13753
6143
12498
4956
8926
10523
7621
6082
3754
6264
13375
12867
1140
9374
1464
3843
2137
3319
831
7859
8761
1970
4048
13884
1131
9218
13845
4525
4080
13047
5483
4669
11262
5760
5381
8173
8440
3672
9781
805
8280
9397
2129
11400
4351
4088
2725
13696
14368
9626
13778
34
10056
6879
6498
1219
5041
14072
12904
8400
928
14081
11833
6491
1142
4130
10382
4373
13358
6838
6805
7886
9055
11907
7566
12235
12858
2024
12713
10103
6888
2845
5382
8887
1661
13034
13029
2960
8959
7753
10101
107
7044
5627
9709
13267
11499
8231
2060
267
10617
11825
13660
8569
5045
13938
13656
7997
4796
888
7770
11399
737
1500
3437
13579
9849
6674
6058
13164
1626
11518
10985
11931
8376
14630
13935
7617
4182
4930
1420
10512
13844
5779
13243
3630
13759
13736
6336
12989
11240
11245
5700
10814
2185
8456
8133
2375
8151
5331
11851
8771
10169
13395
13745
9392
6278
10048
34
1135
51
13922
12991
8107
10066
9598
5940
1688
9612
9162
4378
9186
8070
9289
12994
9412
14657
7641
665
12570
1235
2467
3650
12269
7481
13708
12626
9969
2190
5318
5027
14758
797
8526
13092
4513
13360
13280
11135
13004
11468
5755
1170
6983
2306
13550
6683
3749
14272
5182
8721
14558
332
5206
3284
7894
11399
14677
9623
8012
9832
12884
11379
10517
255
10892
1269
5349
4741
14288
13757
4144
2473
6246
14945
5511
8714
14042
6103
12875
10227
12519
3509
13116
13846
5320
14348
12835
14904
9818
12696
9855
4693
14609
2923
11503
7367
1390
3940
6868
11316
5984
12307
10671
3446
4612
7296
8153
11394
14296
7038
13964
4935
472
11288
6031
1776
3552
2160
3833
7644
6181
256
9341
9416
14024
13939
6164
10613
5600
4626
12638
10187
1333
10577
13250
9601
2256
14780
8872
11284
11096
8856
1278
12570
12164
5209
5205
11829
5385
13810
3260
13963
3600
910
530
11627
5382
8108
1432
13241
3025
7457
5900
13091
10426
9798
1992
6755
4803
9010
2308
6558
2555
9566
9718
1209
7498
2623
14621
4799
14852
6614
11908
6605
8521
10598
10218
6824
5499
11182
8112
11160
13591
919
14610
14139
241
1530
6086
10510
9747
10525
8879
3354
13280
12492
5108
11215
2190
4349
13260
9455
14996
10944
4179
14833
5823
2745
4443
1994
28
14111
9323
5512
2
11412
11266
12876
2496
12570
12617
4380
13724
1873
12619
698
10881
4728
5748
13248
14376
563
14656
10745
8686
11174
12464
2114
508
8587
5797
11935
2145
14378
13162
1383
9993
10914
8272
4316
7892
13372
7379
4267
574
4439
10987
8133
124
3572
3049
5276
7240
6320
3225
4449
232
913
9410
9406
9382
11061
1623
3370
1172
11561
4378
3582
852
14973
5271
10464
1715
10005
11301
4915
7130
4155
5511
9432
14105
9984
13604
3968
12015
999
10060
5993
7570
9702
10745
3442
5183
2528
5480
1332
7738
5075
1378
8501
13864
3629
5724
14262
9372
4928
3008
10582
14237
6654
12400
12444
3871
2921
1296
5155
3398
9791
9957
13161
7505
5337
9735
2513
10152
10419
10651
13552
11648
6061
8990
11808
12839
9448
6175
1559
12263
11949
1856
3052
11071
1869
13584
1717
10918
4830
9149
12630
8079
3740
11055
10233
11756
11335
12255
14524
279
1095
6257
12291
12220
2779
4815
12066
7975
1147
11
12000
2804
10047
12435
11260
11298
7223
10009
6741
11251
5496
7754
11736
3779
4965
8653
2566
454
3465
13126
1751
3240
13640
6351
13977
6412
14466
6372
2245
971
914
4267
1216
9403
6433
5943
14776
7625
11525
13065
3592
10423
7081
8690
11597
12030
14280
13859
13791
10912
4760
8327
10040
12544
873
9378
12319
10105
12513
3705
7009
7682
11073
10298
6029
13897
8247
2646
4498
11430
787
12230
4866
8664
5979
10900
1636
7858
14293
12452
1861
1215
6868
6259
2796
11635
7168
574
13416
14969
7172
14141
8349
1100
7617
206
14453
4930
7263
1218
5312
8648
3789
4249
5005
2915
848
905
6956
14206
1123
8064
14965
2375
136
12029
9755
9042
3510
3468
11365
5702
13044
6332
7981
654
7909
12596
2996
2669
3273
14033
13648
11120
9862
3507
11420
10745
7222
10262
6885
472
5441
7397
9641
13154
11455
3814
14937
12980
6517
5640
3745
3775
391
11034
7470
10096
425
427
3622
7004
4875
9478
8545
9764
3611
11275
10575
11279
2097
194
8818
13024
13323
5732
14137
3180
12050
4479
859
9797
14391
12919
2719
5637
3261
12322
1726
13032
8135
10717
1225
1685
13286
137
11758
7867
5097
10888
2628
6125
1471
5929
8571
12958
10906
3701
10163
12155
990
5559
3567
1448
10019
11861
753
13629
11786
5775
5896
3631
373
4491
2818
12744
10466
1288
7433
3828
9779
12606
1339
14555
5730
8537
4902
9218
7782
5786
4855
14499
137
13934
14033
11396
14943
3912
4480
5982
4565
6921
5758
4296
12769
4892
11815
11054
8146
12352
12107
7138
6276
12122
10688
12985
4436
6087
9517
8089
5732
11060
5638
11702
1572
8775
10011
7104
1998
613
8245
6280
4960
13891
13257
10344
52
9724
4079
9024
12810
4600
12267
9864
6475
10462
9889
6248
9167
8046
9213
13976
11993
1592
6857
13191
5183
2128
13129
9642
738
4971
2340
3501
13909
1814
13815
2703
10516
9525
12814
4178
288
10596
9797
4320
1781
10466
2552
10404
893
1590
5264
12683
14196
10673
8503
8670
1644
14218
11051
11898
6355
9255
13536
10363
10144
6363
7794
9286
2985
2449
6177
9297
3356
8040
1737
90
14990
11767
13229
10756
7200
12388
2186
14112
337
2957
2206
6976
11256
10374
10006
3481
10945
10846
706
1489
10362
12369
9901
2162
11966
13029
708
454
8222
9871
14401
2920
2130
11010
14648
11878
5253
2138
3775
13396
2293
2718
14333
8549
12406
4322
1959
2068
6299
10600
13632
14088
652
1642
1071
11933
4802
4454
202
1485
8129
11804
1705
3387
2146
6614
2835
6018
1806
9192
1274
3472
13139
5941
2660
2318
9807
14911
4063
3611
10296
10132
9661
1827
5158
3532
14112
11267
9740
4626
14623
12049
12628
662
14398
12117
2974
8258
12749
4322
14123
704
12234
13554
1997
8507
581
13312
8580
14993
5694
9237
5198
568
7434
6557
14501
7219
8237
4257
8638
14392
8964
5320
3222
13499
13207
14334
5657
7379
14661
8849
14985
10953
10960
10542
3190
11371
3011
5010
7960
8121
8744
2830
12030
7762
10427
2602
11889
3270
2726
14202
14109
13006
14170
9067
12505
13496
5173
8867
14572
13195
7692
12130
7651
1390
12330
6582
9200
8300
14294
14133
14605
4363
142
11805
10251
9980
12736
1126
7774
13950
6952
4030
9769
263
9491
5247
9105
13036
4361
4188
12373
1879
9089
12643
8759
11631
620
13769
4527
10686
2170
2466
5928
12727
8197
3876
7324
2341
6579
5696
4025
9415
14954
4909
6723
1097
4642
3287
12688
189
2696
13607
4507
12013
10194
9287
7757
816
7035
1993
5215
6048
1976
1950
14392
11247
2341
2354
3887
9819
3968
6715
1150
6517
11032
10951
10573
801
14739
9609
11874
13313
5796
2670
4639
10636
10399
12332
2320
4099
4616
3178
1075
12672
12952
713
12736
6331
5166
14245
6594
1578
2505
13815
10211
3136
435
11597
1500
9721
7709
1502
2404
7681
14718
8170
1852
9121
10895
2819
13627
7660
5530
5917
3
11637
9362
9973
5612
2015
3595
3981
6178
6545
12144
6221
9362
6630
13783
4669
9081
7043
12559
720
14277
5666
8968
14124
2144
11843
13370
9398
12084
2401
8803
10626
6109
2906
8371
4438
10359
14744
2262
3266
12846
3937
4796
6854
8966
4836
2617
11057
3541
9862
12566
8887
273
2289
2024
13977
9880
4199
5712
7008
5011
10694
14671
5209
1837
7865
14535
5093
14951
9775
12232
8326
10868
7135
5210
14050
7625
13315
4255
11155
7987
11478
13102
10278
14001
9912
1572
5050
1132
11111
6450
2509
7232
11630
1810
12179
2335
11300
14197
10137
4749
11860
11754
5658
8104
12995
9496
278
4353
11657
8821
14444
2702
8049
10734
14416
5591
8171
14085
13688
11250
9894
10767
14876
3523
2422
801
1815
5328
4880
11272
8023
9515
11174
14014
5738
3362
5523
11008
1626
10527
9949
8439
8945
10669
8914
3846
1693
6937
14672
9469
4659
5976
14670
3984
9869
14375
1729
1176
8933
3510
11583
12191
102
13470
8735
7998
5491
7720
11217
8317
8451
7163
11013
6741
5886
12862
11527
14933
8621
9385
14515
11275
14971
6788
11240
2510
14476
8889
11609
9934
14344
3943
13462
8749
4879
14627
2064
5903
1620
9153
6045
12470
11830
6118
11024
5660
6334
10949
6334
3498
5032
4504
517
8732
4641
2977
14488
14882
14499
7744
13116
12008
7301
14681
6687
12482
971
13084
11238
4973
13565
1144
6797
5410
3213
1756
10735
10468
14042
8577
11179
385
11837
4198
1508
10459
6257
2994
13065
14799
10524
14217
11196
7480
12127
3955
8572
14261
11595
11762
6296
14605
8246
11895
3866
12845
4070
6834
14086
11571
14774
367
14775
4468
8476
13516
12862
5572
12616
8980
3944
12125
7913
14844
736
8650
660
11506
3455
3518
7237
11146
12614
10648
12771
3784
10993
7491
10972
11569
5626
10691
9782
13692
7891
12832
10853
8675
6635
14018
399
3422
7469
1425
2145
1219
320
7080
8953
12151
4293
7892
8133
13214
1659
967
4108
2724
1167
4868
12190
3838
9669
5545
10351
11873
8560
13166
1585
3916
2555
12216
4430
1273
7801
7740
14239
9310
11583
14851
5203
13419
7440
12667
11746
8040
1356
9690
3849
14309
7767
14926
11122
6286
3622
1856
9906
8490
1909
12889
14075
1685
6288
13055
2873
7317
1581
8812
12601
12780
3466
13225
12639
14732
14454
13141
5215
7145
6080
13178
1473
3458
2524
12916
14362
4062
2780
2974
600
6449
9396
853
148
4901
5643
7675
1539
12814
3514
8047
288
13121
6686
14909
12497
13336
14061
3824
447
2856
7755
6603
8152
6461
9360
8884
2515
2750
12325
11024
4199
14733
2031
2304
9128
9449
810
12027
9753
3257
14637
1551
3492
10862
4765
14204
5176
13118
2567
4794
14512
8425
7960
10821
11003
9492
542
9540
8384
1942
11664
12264
2403
4227
10532
4716
2448
5203
9361
9801
6067
11065
8965
8627
11404
10266
288
10511
13330
8210
11236
12919
4830
5318
9701
12794
4978
9307
4789
5753
14641
3057
11359
7997
4148
4530
9667
14392
1553
3374
762
8788
2228
11150
3744
14185
9456
3893
12451
7796
11264
8730
14340
13417
13336
2161
7642
1207
1399
11488
9166
2535
9224
6876
11342
1413
7244
1893
1220
4545
6856
1219
7607
3480
5597
13895
7682
14732
643
12309
13561
3505
11825
4121
4580
3787
886
6926
7101
9929
7848
9902
6843
4721
14341
11409
6478
17
7818
8396
11339
798
10417
6332
7504
1551
1723
2305
11557
12833
12957
9723
7976
9010
9766
13370
4159
4077
11329
11373
599
699
7710
7923
7755
100
6945
548
3640
7294
11166
10761
11071
5963
5486
13652
12013
13195
11591
14399
3203
6396
5237
9240
13972
8044
12898
2349
10656
12274
7890
2798
11314
10280
2609
10075
14870
11516
955
9757
8784
4038
5414
9630
5741
7289
59
9591
13685
12351
10003
8363
10543
6744
3518
9856
4631
10174
11660
5608
8300
4455
10825
8174
10186
9119
10669
6378
8198
7283
14236
1597
14222
5954
21
5723
8713
8431
6800
7588
14242
12063
9755
9352
2144
4247
13364
3525
7765
2670
155
6617
3031
1125
8215
4670
13319
12966
11248
2424
12401
4007
11446
13784
485
999
12790
1303
5247
9058
11109
6533
10563
9489
973
9396
12556
12707
13353
8509
3174
3840
7095
10601
12209
7784
9873
1949
9572
1922
13234
4273
10788
13161
12314
11867
10101
624
11029
6770
5659
11993
2221
7233
230
5121
6335
3379
720
10999
5368
13215
10842
3187
150
10243
7258
11768
1696
1403
486
7035
13189
4268
9948
7283
1588
6936
7159
6004
8063
9228
11577
4702
1043
3069
10250
3931
6319
3759
5425
5539
470
9692
1399
11581
1367
7458
7320
10770
10742
6321
10679
9291
4467
739
7537
14752
11550
9151
9442
5341
13203
1180
13142
5874
8289
13892
9716
6205
13196
14170
4967
5
861
10137
10267
14316
901
14680
9748
10399
9400
11397
3641
8636
11692
11564
11168
1083
11518
6248
5428
4686
8215
10856
12967
4216
6773
2540
5166
2962
8159
10939
9675
4223
10230
1973
5896
12598
8959
4044
4370
1379
9839
5062
5249
13463
12286
1475
8630
3582
14185
3813
12111
812
10172
5761
13460
642
4312
5468
9347
1123
14601
3258
7965
14277
420
7099
3879
5347
333
4991
14956
12028
5344
10543
12767
14288
3557
4692
13566
6067
11462
5041
13269
12887
6130
6457
3124
2490
2134
2842
4181
5818
5511
1557
825
3561
8868
2895
5331
11623
7509
3463
1668
13854
6713
14757
12352
8715
7590
5008
6663
13152
10397
11690
6477
1345
4748
1629
9804
10293
899
9252
14353
13505
5548
6920
6438
2967
13849
7584
4469
4298
14424
12328
4889
9863
7843
3762
6240
13075
10432
2345
1334
5512
9246
12012
11661
1977
10716
11
5316
2711
8371
5920
8077
12765
980
12315
2832
11059
2960
10080
7320
4760
11078
12064
3019
6231
11405
13934
8430
14782
4245
7927
13520
13497
3638
10200
2677
2131
874
1044
12257
8788
6947
9917
7644
8798
7025
10448
2763
9536
12260
11366
3262
9860
1294
7423
13204
8863
9207
10640
3982
2222
178
2993
1499
13839
7851
13109
14701
9987
2079
6242
8859
6839
13570
2365
8257
8502
11116
778
9307
10415
5677
1076
10208
6490
4393
14898
3113
10612
4704
7663
13247
14658
14846
7893
4512
13687
4513
12633
2108
6511
11785
14698
9233
1923
3258
14521
6138
5958
297
12966
10486
3334
2823
13381
137
5493
5205
13668
13015
14410
8962
14818
8575
9385
11047
5376
12287
5890
13135
4397
3970
11712
2260
355
2210
10279
9240
82
9310
13828
99
11693
6551
4796
8673
6573
14230
818
12038
10641
6576
5262
3344
3726
6641
9961
14287
1406
4940
9082
1273
304
5505
8977
14385
4546
12344
12171
1476
14842
4051
9320
6890
5135
10381
8487
1643
2793
9207
3347
3569
7899
747
2745
13276
14800
1936
7369
9132
3953
14195
6730
5186
2496
5875
9702
11467
12044
13632
4149
13891
1149
10063
8680
3173
13674
9255
10279
7497
5550
247
5997
6988
10482
1844
5136
347
376
2032
6435
11573
14809
13695
9728
2154
11568
2592
13867
1337
6200
9991
14302
13371
2886
11475
2416
13283
5878
7849
13736
7533
676
12611
8691
9225
8394
10163
9386
8753
1648
14728
11320
8473
1819
13925
13258
6820
1357
10035
343
3485
6549
8387
2574
6979
4319
14789
3657
13931
1821
11818
12601
13159
430
6153
1888
1951
10186
6976
7924
5027
4985
7321
7286
4576
2904
9795
9286
14026
2912
6426
14370
13119
9054
3061
10982
12598
2596
14982
5873
14329
5954
784
1967
9372
14534
3062
14709
10799
2386
6737
2598
7266
3248
4046
9489
6712
3279
8090
10580
7206
6384
8372
12668
5366
7400
12098
10441
9461
10019
14805
13676
10993
8824
14946
12100
3934
14170
3496
2299
5640
2340
7078
639
8425
7668
2597
2594
10651
12506
14044
11031
12269
4678
4195
14317
2580
5946
12412
4942
1365
14379
539
9943
13699
8660
3441
2452
9546
13919
4443
3816
3272
7588
11858
13320
1694
3331
1030
14840
4874
11726
549
13996
5900
4081
6374
5056
3710
2408
12211
11469
4274
2580
612
811
7609
10382
3197
3578
335
14566
8064
12331
13088
2395
7478
10682
6283
642
9968
5930
3300
2749
5452
7574
6624
3776
9231
13455
2526
8054
3527
9260
1081
11956
8603
13686
13845
13422
7154
5500
3174
14737
6406
12409
484
14743
4846
8736
788
824
9920
11186
11584
14040
183
10089
5644
512
3098
2824
6444
4680
2997
9336
8893
13854
1499
7752
958
14342
8206
14150
14656
14175
1401
4307
1194
8554
9610
5568
6989
7212
12488
6691
6304
3824
6270
3853
13130
6666
2995
8194
3162
3031
5131
1250
11400
12458
4309
6468
11781
845
14253
2681
2553
8604
13608
9666
1556
6939
14364
5735
2452
2667
7095
11350
10787
10698
8561
2972
4636
4032
1667
8186
6020
2055
3749
4538
912
1948
3093
386
4553
2295
10449
490
3667
1546
9675
3228
2853
6052
12651
12920
12829
7445
2152
3003
12806
3286
4336
14445
12510
7863
4301
1546
10155
1993
9109
6937
10821
13336
197
7
1002
12856
12818
390
7459
5676
2665
5662
9986
2944
16
14083
12512
3278
463
14219
8333
14137
7827
7990
4625
8044
11268
5060
12607
2766
14065
12983
3300
1982
12612
1735
6251
3586
6429
13749
6263
9539
13691
8007
6922
4301
5312
2307
10903
3631
11432
678
8919
7500
5541
1913
10974
13310
1695
6016
4993
5881
7337
2900
12129
11317
14543
9115
6025
8349
14762
2823
6699
4974
6935
1725
4079
1242
10635
8850
11761
6940
6318
13370
6609
95
3546
5264
7223
8989
11504
14477
7461
12282
1930
9873
5793
14924
2016
3097
6540
7018
1072
5592
5424
6940
5300
4994
1977
13582
12668
868
13575
11689
491
7400
3919
14791
6646
11722
347
1187
625
2579
8295
6728
2868
7293
5530
1554
11327
9855
1147
14472
13543
8987
13620
384
92
7357
5528
14212
12044
9057
1821
520
13851
8122
4882
3631
8832
7989
9780
11953
12056
9244
7415
1698
13321
6282
7705
13813
9937
452
3103
10239
9838
10107
8324
2904
13874
9569
13355
4519
14297
9257
6915
13986
3269
10810
11468
10238
12394
2077
12423
4824
5267
9414
13757
10275
930
2671
7509
2238
14293
4780
526
2921
14827
7062
2709
11300
2094
4479
11860
12227
5224
4151
7734
11814
1896
13075
384
8432
5980
1832
4408
1189
8737
8944
11677
9519
2792
7389
5902
4395
12356
6800
13529
3053
14967
2417
12557
11834
1560
13745
10997
10788
119
13469
1830
8695
10088
6998
5060
8310
14890
8601
12154
5890
10091
3312
5335
7739
12429
13252
11349
3128
4344
5716
9210
51
3615
9782
9259
3460
14312
7421
462
14336
13209
10480
8601
11915
12366
6177
14911
4668
9626
8648
12234
5206
1206
5643
4795
4586
3104
12707
3969
2622
5717
262
10348
5127
6269
14334
6500
4128
4950
9542
2333
5843
4155
14768
10466
3173
5456
9480
2979
14782
1104
9966
5157
2095
13396
13051
6488
4043
9972
6625
4944
1038
5124
11880
1317
10829
2129
1307
7476
2616
8110
12875
12967
11948
3329
6610
8622
4110
13740
7988
1554
2937
3950
6413
14499
2321
641
1898
10051
2684
88
5399
5879
5123
10918
2998
3918
7400
6059
9628
6052
1014
3611
12201
10776
10047
1386
1095
12306
2652
4690
9281
8346
7501
12642
5957
9422
7243
11977
3445
6794
14678
12874
8022
9437
14069
3148
1014
8695
3687
8680
9872
6295
9802
6047
9202
13994
7053
6276
3029
13910
8362
892
10548
14248
4752
295
14982
5516
146
2751
4885
3463
9844
8256
5489
3422
13575
8192
11945
3555
14455
11125
9981
4143
10822
7955
7183
9372
11576
9789
2451
4090
11646
9921
7794
11728
1532
14297
13640
10669
11927
3357
13104
2795
908
11564
6153
14099
13146
13141
10300
10356
1436
6924
10930
7622
14164
11661
12848
6984
8597
13310
3422
8661
10497
7114
9864
5450
8872
12674
4417
12152
210
11594
11078
6707
9820
5370
5922
222
13945
4980
8614
3568
4681
12268
11889
9996
1426
7210
5762
14258
744
2196
7565
5004
5555
9823
3800
13198
3370
5038
3072
2391
6753
5142
3916
4995
7448
7263
5672
7491
6821
10280
4564
7363
9036
8321
14267
3851
4532
8069
120
5430
9504
2651
7378
585
9216
4123
12146
14960
4185
10216
11284
12548
10505
3189
13962
13383
13218
12392
6102
6402
2672
2206
4710
3572
4346
9304
10950
13493
5448
8186
13461
4799
13628
2785
2957
2326
1084
389
3943
10369
1031
14302
9384
4472
3271
6402
995
8441
11785
1876
10659
14213
12034
10982
14489
7846
776
1445
11819
12026
3346
1074
6083
9036
4934
7889
1214
12388
4583
9342
8883
4170
1612
6779
9229
8470
13351
12921
14819
10016
5333
12467
8686
9477
5357
14200
11212
12930
9378
8076
4878
1704
3142
13775
1320
8032
2687
14036
14104
2207
388
14926
2437
11252
10300
7609
7646
733
9673
4834
13027
13222
9187
8922
9017
13274
3516
13426
2206
1679
2623
7166
1998
2684
3168
7470
2812
8436
9019
9944
8711
13876
7321
12415
1257
4099
527
13025
12393
4838
2282
1615
9905
13954
2686
7291
1575
14270
9320
7873
13167
8002
2431
8157
4084
4174
943
5560
229
14765
4010
14962
11783
14134
14168
14084
51
8
10443
37
784
11037
11792
5651
11947
13309
1494
10586
11556
14652
3014
11567
1080
5150
8733
1771
10133
4904
636
5103
4678
14995
6912
9564
14940
14334
7577
4299
5210
5236
435
11582
8647
7721
6134
10183
2507
9549
1369
968
5567
12308
5975
1131
8773
5480
4064
7780
12126
6415
12183
13946
11062
1229
3664
14346
10082
8379
899
12625
8216
2110
634
7027
6999
4430
8449
1808
9690
4533
12085
4034
9774
1862
4533
10166
11040
7283
14326
12318
5110
5930
7462
3806
11884
3277
10874
13734
7472
14804
14901
1946
9345
9117
8172
5792
13532
2949
1526
14600
5368
8424
13
464
6213
10798
645
5006
7660
2772
7379
4746
5960
12291
11492
9444
8095
10529
1715
6213
5408
226
7609
1377
2508
2622
4173
11849
1378
13471
4868
9781
4404
10026
2435
14541
7139
11334
10390
1133
8665
1052
10616
1665
11283
6985
2133
3400
5076
10462
11966
10438
8230
3509
55
11981
13904
8534
13205
12693
11441
2801
7204
3782
4068
8492
7219
2928
9069
5782
467
3825
2149
13116
5838
13259
9691
2219
13315
9286
13334
3676
7274
11468
999
78
10722
14679
10420
9735
555
13488
9811
14712
2118
3125
4285
4952
2193
7695
2043
553
11911
14083
3526
4154
12274
3899
724
3989
12409
4264
9146
10917
863
7239
8573
14373
3301
13116
13268
14634
13279
13740
5057
3019
12341
3080
7823
1913
5206
9151
9219
1754
2270
10717
3583
5774
8301
6316
2623
9905
9042
773
13229
3057
6903
7920
2517
10905
12599
6237
528
8689
14053
8697
1720
6511
1870
12982
5866
12323
12938
7192
8196
3058
10033
10851
12288
13635
9601
1647
14078
1614
58
8347
2244
14382
893
12599
13968
1053
9186
6238
8564
5385
11024
4972
11975
10028
13578
1636
11436
6907
5266
5760
10878
12518
1696
11057
2460
4637
6601
13065
8031
14315
7581
292
1038
2654
11326
3242
5014
11405
13466
6753
710
4
10398
5306
1693
8597
11232
7395
5553
10070
6156
332
5776
11336
8478
10273
13362
915
3287
1604
5503
14291
10470
2612
13506
8878
9781
861
4788
2908
3991
10410
5864
13859
1253
11736
12749
3260
9741
11762
10994
315
2833
5604
3070
12141
8915
11545
932
5205
8819
3368
4517
11053
2010
7298
9840
5122
9825
7367
10892
4069
8359
10328
7643
3353
14627
2235
10979
5606
12551
14891
12106
7446
839
10499
1049
7090
4679
14963
6025
8717
7148
2430
4168
14170
2559
3828
14581
1574
7001
4969
9028
9555
9859
8678
11621
14260
12472
11447
12852
1049
8557
8932
8911
8986
117
12152
13311
14835
3472
13134
4604
7053
7479
3661
13889
3112
12189
5020
6474
1763
11665
842
12208
6645
3320
11787
14859
4244
6127
11901
285
4506
7619
10502
8150
14537
5660
5140
14837
6108
4522
12307
5885
4343
7255
3282
7158
10925
1397
11275
4550
30
3930
13707
13490
14289
5594
4590
6339
1684
6189
4051
14013
219
4568
9486
1822
4058
8307
12304
13345
3367
13790
8378
12045
6760
8446
14359
3080
1132
13466
11144
13846
942
6194
304
8866
3742
8043
4608
8780
6077
14691
3048
14760
12692
990
5906
5338
12674
13505
2344
3070
5587
640
6153
9296
11082
12787
5847
14239
5981
6847
13445
1061
12424
615
896
2800
14826
14327
1514
7621
3067
1313
8544
2930
12213
9736
12472
1589
13313
14141
12651
8028
14883
11872
6799
8975
1435
13257
7391
5244
10896
5043
13484
7904
11267
11661
12594
11907
6549
6991
12604
11937
5946
12769
11301
11883
6796
12029
1105
14187
3096
13758
10804
10770
12795
14502
5160
11532
73
11372
3617
9960
2505
3580
9493
6003
2566
14102
1127
7207
14160
7749
839
5118
10005
8521
6417
7671
2781
1547
11185
9730
7628
5289
13062
7530
304
3681
4503
8754
14269
3283
9099
11836
11042
12403
10691
11532
7927
10141
2833
14719
4622
4395
14923
7241
4331
14229
11447
8508
1976
1418
6031
1784
13083
4583
4468
4223
1565
7116
6024
13213
7550
641
7761
10389
6948
5195
4891
5388
7669
8372
11546
795
7329
4772
3570
8940
9633
3264
3057
1960
11637
2615
3339
9312
5787
11092
4387
9505
13324
10080
14365
6110
10648
6257
13557
4496
7775
7679
14072
12321
1678
6356
924
13076
14517
14484
767
7018
836
5199
6910
9961
13169
3731
70
6774
127
1594
12191
13781
13142
545
5445
13021
4107
7078
8464
3719
6591
8706
2978
6477
7342
6918
9848
10445
13494
8266
590
5867
13942
4483
4224
1216
10641
14218
8151
13844
10720
678
1056
14166
2007
13787
12780
3459
5468
10779
8739
7070
8287
5003
9313
11368
8709
3698
1196
13363
6563
4662
4420
9810
14498
10523
11210
9675
12008
1997
3161
2290
8569
14001
5234
6832
7611
2535
1935
11803
8424
1498
8108
7537
9345
12368
13387
2386
4543
6710
7467
9124
9692
11770
8743
14095
4407
13059
9322
3245
14515
12487
12105
9482
4202
14005
204
12771
3678
2773
3825
4928
807
10486
12255
12227
5787
11744
9448
11604
9372
3949
13846
11631
5031
9758
5863
4788
1485
6607
10945
12925
8621
4776
12349
14881
14228
3892
9189
12697
6267
7703
7018
9021
2678
13838
13055
690
7440
5538
12340
1526
1171
11941
11944
1576
10536
8392
2656
14370
8141
3081
6397
6008
3499
14907
5378
5644
10602
2836
8872
3102
2971
759
6606
12813
10684
14533
4263
13499
11742
1987
7837
14436
10699
2593
12782
7772
5645
3072
5592
9920
9455
5150
10868
8871
9987
898
1677
14645
11585
13238
14331
2223
7214
6239
4421
8713
13127
5388
4743
2996
6520
199
14667
4560
3055
3677
5685
14563
5103
13552
4574
6754
3486
13115
1163
9047
7008
11282
10453
11166
262
12822
5925
10479
11580
4270
12479
12867
6118
13682
2077
10805
3992
13063
9119
3362
13470
6827
4327
4450
9485
12615
14021
9761
13170
13271
13224
6011
13512
7213
5522
5636
10003
3847
12471
839
73
11369
4268
11962
4549
13338
12472
3336
3783
14269
11488
6036
13225
10078
5798
73
764
6374
10668
5094
5088
4986
9078
701
1981
107
5324
11526
9553
684
14319
1715
865
11514
10984
10674
7630
1898
14495
5414
6938
8706
3485
14703
6971
1700
3022
11310
5547
14612
8354
10304
2131
5053
9248
432
11650
12795
13254
12059
12943
10731
1545
10509
14476
3218
14987
6476
9644
8149
13425
3961
5178
8100
8790
6527
1104
3371
1318
14591
11975
13191
5026
9566
234
7252
3795
1680
100
11636
2421
3297
6914
14682
14208
4660
286
8208
12918
8911
14152
9337
12374
11967
4517
5176
14264
6693
14904
366
2542
13627
10966
11105
1341
1045
5553
1249
14870
2540
597
6415
10639
492
441
3369
4142
6262
6764
12588
10458
2800
10067
9743
2812
6611
13591
1324
3291
4778
13367
6186
9442
9202
9964
1387
2708
7954
12194
6903
10405
12267
9854
10623
3272
13766
7949
6950
14197
5433
622
8385
13550
8319
11911
11299
2171
11906
14759
7076
10318
6410
7511
14573
8427
12769
9160
6331
8062
1118
6084
422
14726
6837
9443
8398
11539
9424
12435
10708
1993
1632
13217
6799
1448
9403
1720
8927
13122
11464
10138
12065
11179
12918
4848
6857
9893
8104
12489
9964
1244
1147
10917
13926
11352
12
1861
12552
12936
1793
13106
14898
10604
2586
9742
904
4504
5734
493
525
14622
1710
14419
630
459
7005
13297
12962
8790
1881
11967
2032
10796
5791
5606
12876
7740
13495
12948
12597
10202
13571
13940
10775
2908
1856
8743
8635
9952
2628
14880
9461
617
13359
3949
8351
14493
5932
14717
14653
11434
13578
11344
2173
9790
13737
9318
4682
9276
9175
3849
14394
8151
12875
5292
13718
9060
5525
14375
9758
6011
13846
2410
11832
3140
740
3194
9903
11026
9657
9475
12190
9168
2864
8466
12417
2942
6057
1415
10663
6336
10768
12970
7213
8969
9233
3827
10476
14675
12433
8021
9369
4764
7226
3279
10890
3497
10904
2142
3230
11820
2891
3655
2945
969
10696
8421
10394
6751
11199
12063
7318
14441
11717
3692
328
2917
5367
6109
3066
9540
4465
5052
4803
11174
14412
2292
3046
1935
14200
7818
480
10302
5623
1837
5673
7268
492
6553
5178
4126
7357
2996
8934
1997
12002
14498
13802
7397
4961
10057
769
10368
1641
14648
9921
9261
14948
14551
12611
13829
14997
8008
13001
13282
14820
9588
11532
2567
3610
2803
12785
1665
817
1238
11105
4396
5389
9752
1024
12093
8312
13877
6834
3425
11101
9405
10711
5702
3200
9996
9934
12283
6440
14292
13191
6669
6787
9495
1373
14498
7634
1825
10152
1781
6224
8642
925
11630
5727
14080
9389
14894
2003
14689
5737
11050
2742
2549
6387
6722
13007
3696
7197
5625
8678
11579
7619
11594
11970
9000
3452
3679
11907
5421
13124
13821
12816
3061
13200
634
14256
4481
12416
627
4718
2886
6841
7181
724
2443
3072
9870
7294
7845
13510
8443
1661
5898
4008
515
3538
13080
3999
4411
11107
4953
9889
9539
1189
9498
1101
2782
11974
623
8250
4478
9824
12246
11956
3469
602
13172
2932
576
5117
13096
6458
12446
3247
7070
14952
161
3800
6163
2534
4928
9969
13840
9874
3306
12415
7773
12347
9238
5688
10892
10130
12326
5062
2199
4063
14457
420
10621
8830
12309
2214
2905
3333
13682
9065
11010
1855
6483
13885
12034
4170
107
11631
8875
13617
12535
10390
6098
6912
7607
13634
5989
7151
9918
5346
6593
3930
7161
9161
14213
4210
12564
13471
8072
8683
3895
6282
12693
2688
11928
3540
14263
9135
11440
3413
991
11806
7349
14816
4134
13732
9738
6257
11189
2770
7886
12420
8495
12067
611
13496
7184
11925
7946
230
11683
4150
8506
4903
12008
5772
13548
3154
2074
8353
9717
1515
10230
6482
11779
445
2259
5137
5766
7975
6657
1026
5866
9498
10264
8894
5069
5082
10677
602
1179
14776
1394
8153
13565
11721
14520
3790
6838
10348
9468
5670
8071
14655
12760
9831
3254
14391
11038
8839
204
2988
3046
10563
12322
3780
13650
12509
6596
8931
1166
1403
883
2280
1751
1091
3147
11516
4753
3842
13776
12986
9214
2330
5014
14763
13565
10708
3308
2736
14489
8789
1682
6032
9973
5898
9350
13436
9912
10489
492
11212
12461
13562
7008
9555
9838
9881
7166
6861
7684
10298
4531
10147
7357
3662
12076
12374
3006
14909
12270
14915
13846
8264
11424
6445
1318
12467
2198
8525
6024
14352
14829
2578
9428
12437
6561
4244
10118
6965
10716
12661
8460
4541
8421
5818
9164
8040
1672
5058
2389
452
3738
8007
487
862
14455
13417
11647
7568
8681
14529
1673
9462
14723
8810
4797
6190
5326
3552
8610
8060
4415
5991
1389
11072
13613
10726
3873
3799
822
5378
4250
12201
14244
7145
6481
10531
8884
181
3870
3532
42
12414
5025
11149
6320
6910
2993
2473
1793
11725
5296
11089
9958
9279
10460
11701
751
260
11931
1196
4462
3954
7265
5309
12571
6168
12852
205
13217
11614
11463
7235
4192
14443
4189
151
1677
11873
7812
2591
6266
838
9737
13856
6674
8038
2259
6261
498
9000
8233
10545
8330
10299
1429
12997
155
14418
7870
10111
3155
9763
2778
9442
674
12164
260
5998
7472
5005
4255
8034
8392
2098
665
12554
173
12183
12644
4675
2628
4989
2104
12592
12079
11046
1868
7664
3643
4643
6644
9107
7475
11690
1384
2541
9869
8931
4430
5938
8332
11333
13527
14708
13833
2725
5412
9144
12279
4033
7477
13832
4438
14843
5194
13777
12003
9491
8782
12329
5167
425
1244
12313
10969
7674
7032
1454
12246
7884
10151
11147
352
6193
1031
12171
8084
13165
933
14524
5891
7281
14822
9457
12366
12446
9349
375
1160
6296
5356
4939
13690
13862
10879
8605
7579
8596
7442
5539
4117
8192
9904
7411
13424
10440
5960
14041
2919
14162
570
12671
940
4682
5920
754
8421
7430
1602
14434
14666
1098
14257
6500
8958
4741
5168
3764
10517
1158
12302
10112
8540
7585
2246
580
1164
13442
1637
14171
11544
14394
9442
6597
8602
8822
9544
322
8912
13558
4798
8884
14938
7261
10087
8717
57
11149
3891
10440
10268
14854
6454
3173
3530
1375
13398
826
12402
10766
12455
12365
111
10815
8922
4366
10964
7480
1874
8164
8238
661
8511
8795
9552
13670
9049
10484
4773
1362
2810
11128
4024
1948
13371
2924
10283
3069
4665
5189
963
4658
14650
6878
10081
3228
9579
4527
11558
7438
4960
1465
14582
230
7764
6868
5194
14824
2365
14913
4129
741
12330
2011
2953
4292
141
7075
6152
9879
592
12746
4259
4925
6344
14445
12897
3285
5568
4965
2647
11469
10870
4700
7759
13354
14857
10506
4814
14412
8978
6888
5499
5098
7174
8125
7751
8101
11965
3247
4608
6908
2598
14515
12405
11528
14388
11555
5368
8686
13051
13425
7463
6549
179
14776
2056
6100
7334
3997
4236
2465
4843
12114
12171
14799
12619
5115
3815
2694
8039
1156
7259
9848
4368
11995
6559
12348
2246
6463
4712
4079
3999
10168
900
8239
7367
7906
6388
6803
1891
7173
364
12941
5135
2503
8420
8398
2859
9694
7500
9966
10660
7271
12686
5723
10776
6484
12177
3138
14178
6379
14084
2678
14611
5536
937
3765
8496
831
8711
9685
14954
615
11708
10597
2363
5081
9375
2153
6978
12603
11565
7909
13120
3570
1019
14274
7977
4707
9661
3756
1729
891
1679
6859
12995
4080
12752
12300
9410
10946
7108
6337
4629
13564
3909
10206
10520
8998
8363
2735
4281
11190
1176
11210
9646
9677
2954
11643
8795
11140
11455
6738
1445
1021
80
5113
7063
9162
385
9766
3952
9735
273
8559
7622
10402
10292
13076
2535
5642
618
6995
6853
11309
9204
11873
6532
12009
11015
2327
1608
3473
6956
9409
161
9755
8579
1313
9484
5456
5058
14232
6937
12678
14762
5960
14728
699
14799
10081
270
11453
6876
6199
751
9714
3440
9481
9477
10002
10346
4839
767
9033
5197
12876
1251
5662
2637
1717
5131
9894
13112
2313
11697
2874
11454
6247
12656
3970
2314
14086
2832
1560
12179
2030
2857
3501
3142
11274
9198
14806
4690
2331
13416
2264
3507
11915
11950
6507
9363
2611
9043
5928
14348
7093
7296
1368
14454
10792
2092
1934
10963
11306
11083
2660
1949
9891
3061
3220
8640
9684
4361
8265
1335
5830
10197
2869
12856
13802
1504
2344
11471
12496
10730
9280
5705
1643
13200
8155
11476
7650
7163
7709
8337
4364
8235
5982
5775
2057
7710
13045
8328
934
1029
11672
4326
14323
4688
11056
11370
2741
13670
1202
6824
935
11001
867
14877
6312
14114
280
12131
2778
5653
1547
11502
3
7071
7175
11780
1801
3366
11876
6329
14470
5057
7409
14927
4447
12261
8082
6595
5177
8914
12680
6668
245
12291
11530
8109
4711
8430
11590
1573
14676
8987
12653
10705
7518
14337
7142
10143
10745
848
3382
11188
3554
13920
8210
7726
2978
888
14979
2000
14774
405
2484
14466
3916
6387
14039
9741
7551
5701
2697
6888
3775
5178
11119
13989
14718
4719
12344
2111
6086
5816
8201
9492
14294
5468
10102
10746
14184
5610
7813
3160
1758
14908
4903
3974
2403
9231
6859
5020
3329
6084
1079
14717
13697
10787
4649
11340
5669
2897
14304
4599
1514
10453
9452
516
2898
12317
8853
10078
10796
4674
6241
10184
4993
1417
2817
4272
231
14010
11959
14072
7029
6368
9325
6256
4165
10085
12618
3762
13659
3940
10820
3777
10761
3250
7971
12289
10284
951
10405
4559
11941
1987
8123
3196
10349
3005
13896
5629
7969
11133
9435
1685
13209
8766
791
4
2931
12807
1872
5024
8060
7025
4595
6997
368
11159
689
8051
1567
396
11846
3859
8267
5963
13006
6695
13375
3989
6701
2658
6985
13468
3853
11697
1163
2974
5637
6833
14833
2056
809
9160
742
14570
10673
14516
10604
1368
1599
3853
9901
13350
6673
2446
5522
5330
9458
14649
13312
12723
7482
8845
11882
274
7643
12923
2685
2584
7093
13761
12692
10966
900
2959
6665
13775
8585
3077
13147
8804
5623
4951
14162
13890
13703
491
11758
8933
6691
14898
14130
14498
11874
8732
5473
5705
4694
13671
6725
10733
494
7174
11474
10377
10965
2718
5146
13908
13057
7903
4114
5652
10500
6691
12304
370
14959
1467
10850
11703
14870
4025
7146
12944
2349
12144
4831
11915
8313
1200
11211
6515
7143
5906
3281
5392
8971
14447
5319
11211
6166
6124
332
13749
3402
8262
10600
321
1470
3373
14922
8608
13185
8317
59
11306
10357
12475
4329
6854
6628
1907
12602
11765
3840
11431
12506
3342
6722
1745
9973
1841
14738
12608
8074
5246
12618
14353
830
5933
1770
3401
166
4498
1871
2888
9968
14260
7928
3278
6978
8991
12753
13893
9659
7465
6105
1356
12264
11943
2886
2703
5282
5172
1368
5328
6860
3927
10100
7236
10388
3268
10824
5094
4150
2182
197
14
3865
2474
1859
14136
11854
12394
1884
14998
9786
2441
9103
9978
4824
2277
7725
11514
8592
5182
7824
6021
12513
2321
6006
13015
2969
5253
9215
3831
2465
9825
8867
14858
10183
11436
13924
1454
1034
6597
1404
6370
10637
11207
10918
1364
9242
6429
8454
5119
8807
5995
14885
8448
446
6059
14858
14659
1235
12836
13761
5830
7283
14294
540
9761
2093
8619
1328
723
896
904
7348
2057
13955
5415
9854
10801
7858
14428
12752
1979
7774
114
4152
6806
6525
10912
9271
6768
14849
8186
4792
5787
14847
6125
1179
11952
3431
8005
2473
13660
3460
13910
11326
4299
13410
1853
7007
8160
10732
10582
7299
9822
1964
2719
824
8225
14155
5
14516
3403
9096
905
5879
13970
2100
12121
14243
12524
14158
11299
5597
10387
1917
14994
7288
12546
4550
5140
2950
546
6047
6813
6467
8986
2463
6702
9350
1630
5342
3867
13345
14457
11492
1953
14005
11918
1259
10683
10963
3510
11559
12151
14695
11998
5471
700
4651
1615
2832
9811
6541
2743
11049
9412
7109
12054
10347
7291
12563
11920
6943
8916
1568
12055
5121
1723
14071
1330
13124
4643
1754
10132
5317
4191
8900
184
14436
5489
6964
7067
7003
10104
6171
2628
11500
38
5738
8113
1664
1075
7878
10839
13898
4546
14596
4979
12058
1864
9575
10111
383
6514
2520
4740
14997
7283
14368
2901
3771
8528
4799
259
3289
9184
5426
13201
12779
1086
14648
7670
13079
6737
14060
8593
1195
5786
12451
1368
10748
14520
1267
10291
8173
13244
7991
11557
6538
12436
14050
11588
1472
13676
7873
7087
5800
9191
7906
12751
11124
8202
14983
4848
13700
9548
14206
6483
2698
1766
7270
4397
3098
13073
13998
3520
10091
10641
3582
6981
2807
8995
10396
11526
14805
13062
14171
9687
8303
1880
12716
12639
10703
14152
14491
13553
5644
13614
705
9699
6028
11801
11898
10917
7543
1439
8611
5748
12900
12147
4457
995
14537
12311
2987
13996
11702
9640
9738
1483
3092
12489
9270
12027
9497
7729
8321
5139
13071
7756
7031
1977
14185
9993
9723
11521
5645
13476
2273
33
11224
1222
5428
8378
6011
7941
2627
12105
2931
249
14247
31
14887
4051
3567
11278
3118
8222
13043
6031
568
1161
7563
3706
4063
4431
740
10501
9729
14463
10415
8977
2271
3054
1277
1607
13679
4167
2017
11281
3164
3019
4589
10312
5458
2112
12979
13547
6357
7973
6244
14913
11615
2679
5176
1349
5648
14611
10238
7077
1898
7933
8434
47
6851
10623
6350
13671
8791
12915
14175
13898
14033
10139
5251
5949
2933
8239
11053
10317
11927
14121
4827
10734
8165
13143
14640
12767
2544
2257
12730
14956
10093
12760
8384
12597
4774
260
10247
11223
14707
2483
770
190
11940
8412
8013
8791
14654
14491
13057
9625
8172
14017
12447
1937
12398
9781
64
5150
3712
4447
1790
1911
3156
357
14160
11229
3271
3124
3491
9562
12159
1721
4095
6350
11
2725
4193
13864
572
11335
14142
5698
9458
14348
441
10322
3864
10351
12791
11289
2585
3392
7057
7169
14999
2283
9105
10620
9584
14194
5270
13142
8606
7152
1961
2010
7732
2750
7561
2735
14235
13635
12458
3727
9974
1082
5890
12650
13058
2746
9285
13242
3720
7860
8563
6703
1787
4836
7925
2436
3364
1250
12873
3079
5838
5675
10626
2324
12747
6658
10490
13447
8006
530
4425
10395
13775
8304
12220
3016
3226
11182
12432
2272
12562
11338
7777
14250
285
13952
9828
2260
4196
7058
11559
12059
1151
6569
365
5741
1149
7483
390
8236
8672
9163
1906
14061
13356
5407
14429
2434
8335
6996
8304
2181
6941
14508
3849
14854
4570
8281
13817
991
5670
5404
5852
12056
2575
99
3003
5687
6587
4105
12872
10256
8145
14065
2088
10757
12433
8140
4457
12101
3155
14552
14347
4887
687
7627
7932
6538
8693
210
1443
7688
3943
8675
5527
1539
9641
12669
13765
2435
12881
12780
481
10073
12247
1464
3991
3562
9522
14770
1703
12079
13279
3015
10917
4651
14780
13848
5899
9838
6410
13810
3769
6899
8
14947
8143
7231
9459
7246
13954
10873
14340
9335
8240
6780
4620
11748
7450
1799
6582
13546
11952
1792
14433
10421
7719
1094
2871
11910
839
5255
7578
958
9140
4049
2744
14527
11319
13691
7768
14956
9138
8553
11779
89
5898
1597
1887
12603
11903
5444
14027
12647
12672
8006
6918
2033
3795
13848
935
13275
13366
343
8954
1694
8490
7021
11960
5702
2663
3272
10128
12818
12268
8293
7777
13408
5007
14703
1974
851
166
12874
2047
14098
636
12083
4554
614
7607
14475
1263
13977
6174
8167
10016
10449
13729
2952
6915
2684
12721
7269
4211
14188
1745
7780
7993
7207
12092
11425
9823
12625
11374
6656
13925
13742
14682
6621
12567
11785
3091
1126
12751
10264
12834
3414
6134
1418
14645
2980
13328
14913
4985
7111
6028
9468
13744
12166
639
5927
865
7735
303
13671
3459
1606
8218
153
2382
5328
9077
5033
8955
11932
10954
5057
7804
1144
10682
7684
1874
11346
8476
6013
6686
11992
11250
5153
4633
11135
2312
12436
8811
8789
4600
12552
10619
10823
1070
6387
546
10716
11669
6326
3931
8574
13217
5174
3388
508
6743
9948
10546
9433
5880
8381
9159
1037
14884
757
11369
10079
9533
3707
8609
7364
2042
2588
378
5556
7279
369
14892
11284
4182
5358
8962
8732
14573
2065
5968
9767
2448
12280
12919
12789
5608
1174
9252
5972
130
4906
12290
9788
10045
7374
11290
5558
9150
8227
7496
4186
169
14365
9309
4851
2822
12056
450
8859
676
7199
128
322
7962
12736
3891
7387
6257
8402
4550
6261
7479
7447
1229
7741
4011
2806
12128
10154
11285
6104
12506
332
1900
13848
8834
11279
8087
9473
10629
6899
7544
7954
3732
9888
10402
11424
13533
623
12134
5364
10618
10028
9750
4669
7626
12161
412
10728
14461
13755
12491
190
11311
12270
7841
2179
4396
3965
10461
7191
13540
3998
10802
1438
2485
13357
10731
13169
8190
922
2431
9636
5611
13322
13210
2343
12972
545
10087
286
6097
13438
1397
7561
9446
12895
14589
12357
12844
10476
220
5572
6630
10064
2604
1376
7475
6893
3456
6656
6681
14635
1608
9341
1095
1442
6607
5243
8312
14660
13951
867
3470
7345
5114
4255
9110
4461
13575
12516
5704
11508
7697
10236
3962
14974
9141
4974
9038
8357
7818
12733
2674
10294
11291
9828
7729
8492
13413
3105
4229
2062
9224
43
6508
2397
4472
545
9461
5396
1845
9276
3036
11134
6055
6746
6066
5026
3491
4537
12797
6764
2848
13877
13703
8975
6317
9504
10342
6814
6484
12487
14974
11954
6898
6856
1591
8995
5027
6382
6860
13065
12757
7006
2333
12985
3786
7637
1459
4868
12514
3046
605
13283
8853
1492
8965
2102
11628
14441
5014
457
13423
9413
7375
12973
9868
8721
2292
5843
1958
3683
597
984
11310
1741
7320
9710
521
503
12450
1238
9277
12431
13314
12913
11789
13586
1498
5473
12707
6105
1266
5627
6707
12990
9291
8240
13342
12608
13948
911
8275
5691
1559
10663
9708
4016
12586
1818
4673
732
13522
9635
13792
132
6200
760
8301
11748
10535
14542
3577
7830
10005
1450
2746
13343
7473
8394
8900
13375
7345
6959
7862
9855
9086
10245
12147
897
14036
5633
13570
487
11161
6589
10661
277
2601
1905
9125
599
5769
12312
7861
11408
12869
4222
3145
7173
4649
11369
7999
3409
7784
597
4055
13041
3160
4049
4105
14807
10487
7192
5980
1144
220
10761
2457
412
5863
13351
11258
12260
4137
6801
10379
10670
3145
5426
9210
11755
8297
2619
4273
298
8491
3622
14973
2311
932
6175
14422
7406
14845
6769
12368
5533
1768
8465
1292
5084
13705
359
9887
2328
2946
7148
1699
527
2666
1567
671
4807
7287
13145
2519
14371
13190
610
12561
5230
10053
12389
14852
13784
1561
645
9552
10037
12067
6438
14378
1019
4879
12319
7328
9290
6060
4863
13050
9969
6598
12790
1932
13714
10880
7724
4966
14997
9121
3924
3839
6794
14118
12448
2577
2902
12102
9884
5327
3471
7233
13059
1489
12132
7209
12859
8578
6369
4223
5096
8246
8115
12967
14768
14883
3554
11572
5271
8763
4138
13410
13436
7249
14878
9821
3666
6274
530
13473
4881
6003
4894
546
1056
9492
7855
530
9162
6580
8499
2893
4000
8614
2529
7463
2112
2845
3198
7943
12552
9415
3913
11044
11631
12309
13082
9795
6989
451
12224
14287
408
9377
4563
11261
7863
7115
10436
2740
10550
2791
1926
1632
12452
7279
4486
2405
1516
4419
6052
6736
10386
5400
6487
7325
8041
8658
6917
2126
6532
8156
5554
8735
10000
14598
3722
5689
81
8705
3189
2396
5121
7233
182
11811
11043
5520
4111
1713
8818
14319
5321
7762
2963
11677
1759
10354
4702
10537
13321
4046
3396
925
12552
1966
10017
8455
6684
3412
7330
4903
13834
975
14184
13677
10354
1411
4641
14144
3385
13843
10170
10208
7759
8203
6470
4148
3334
9591
928
2951
4874
1366
3082
12417
10465
9855
10609
7176
12962
171
11188
9541
4088
5187
7115
5504
1150
1089
13011
7930
496
5838
3270
8801
10079
6900
7211
10286
11548
5369
13936
3877
482
3125
13323
7591
8236
3945
14140
5
3055
6184
13269
11911
14843
14699
14145
9875
10452
4704
5507
1952
11817
1753
14383
2985
6359
13138
5761
7173
10819
3558
5390
7683
8617
2877
9609
12437
2223
1714
117
9808
11399
10157
2482
9749
13863
7078
3781
6744
7712
14062
1407
10906
5895
551
8732
8683
8779
1088
8791
4312
12412
12273
13655
12665
12422
3016
4041
6949
4889
5806
14585
13381
2254
2200
6451
14915
4038
5525
5060
8844
8491
6369
14942
8540
9979
2810
6139
12137
4901
5816
6020
8516
1568
14532
11076
2328
12017
14254
12055
5098
11051
331
1028
14934
4068
4928
4449
12642
8824
3799
4275
7573
3783
10773
10337
8083
9005
10177
14805
5095
5930
10153
5436
3837
4996
12948
811
7502
629
12229
14088
10679
12266
10298
11910
779
1799
3656
10450
7181
11887
10049
9449
3945
6156
3314
9898
4859
12461
1526
13294
7026
13343
14115
12067
229
10259
13497
2700
479
11363
6308
3343
14172
211
14404
3708
9732
2173
7771
7994
4490
10520
1196
11600
4102
12856
1781
3473
14893
14466
5293
14750
10078
4155
6500
10823
7946
11918
799
9171
11383
6161
10157
5177
11935
12604
8756
6748
11076
6728
11982
2407
10671
12875
9931
11084
11028
5699
918
1982
340
11439
436
10910
8134
4748
12941
7527
4625
7205
14941
1511
7497
3347
6755
5730
2414
1171
6519
2616
12175
10092
830
13510
11996
13190
2660
7928
2521
3356
890
12592
2624
3876
4708
3120
8724
9555
12502
3384
12075
10924
6484
6698
11518
5393
4997
12143
3930
12459
12999
688
3415
13770
8112
615
6670
14458
7562
749
4870
3169
752
2589
14330
3179
12555
60
4768
9974
4816
12343
13955
11838
9256
5221
747
13524
4282
4272
14565
13186
6651
8487
6333
11878
13328
8939
953
10255
6929
9855
1730
6479
8105
13650
14011
8184
13599
2584
1381
9933
55
13155
6609
514
5989
13857
240
532
3735
8447
10741
5111
6480
9399
7684
13747
8056
12623
475
11071
11851
521
1377
4364
5586
115
10654
10886
381
3713
2829
9230
11861
11519
7300
452
2170
2888
7860
1951
9882
10806
9365
7592
14033
298
1219
12486
11384
2063
9366
7278
3980
14030
9622
11148
2028
7761
7849
5236
3243
3395
5613
12521
7117
9408
1127
3620
4428
11445
11709
14590
4328
12066
14916
3107
4336
8323
5796
10557
13494
11769
10060
823
10834
6609
5268
13391
7333
5618
12906
12922
13844
451
10767
10273
14461
9786
6799
14270
13107
7860
13496
5248
9212
4556
8196
302
437
11289
12978
14703
2630
7601
12675
7185
10143
2456
7858
2930
5206
6089
10746
7168
6124
592
6017
2370
1694
2156
9891
4353
2467
6462
9922
13238
8095
14960
1856
3276
14682
6351
13136
1005
5321
7777
5531
4219
2325
4036
9907
8626
11122
117
13442
9268
11275
1915
13360
5810
11483
8467
4677
13017
442
2176
12371
13838
3554
7037
7031
8937
12115
9355
14024
7581
10159
3934
14226
937
5266
4654
1458
14117
1235
9862
2063
14109
732
643
8601
11228
1583
11059
631
4169
348
6604
7230
7661
7002
8637
13096
11916
2575
10761
14660
7404
14354
12573
6506
2792
706
5022
10742
3393
9554
2062
12437
13245
2182
13924
4280
4418
13826
3322
3270
11769
5010
10026
8178
13726
809
12672
7134
11726
7558
12975
14584
8390
4869
4967
10321
7808
13454
12971
6676
12554
7488
11143
621
9931
11304
2115
9607
11372
6732
6918
2530
14120
6569
6077
4417
10480
8711
9845
7873
4611
3810
8351
8508
6856
13275
852
1566
4086
6625
778
3631
11804
3796
8066
4087
3897
9694
10510
160
9746
7760
2698
5465
14275
2082
10692
8993
6516
14821
2261
1828
4413
6319
5433
2144
7083
10971
4774
14973
6169
2840
2524
8712
7750
7810
13556
10802
365
5569
5202
3622
6373
13069
14614
4779
14255
6989
12673
7659
6381
4985
7372
6837
9822
4359
9967
4312
4779
11502
3980
9003
12322
940
9398
14479
6194
12124
2621
9455
5909
10954
2077
5133
3528
10764
2283
6516
14456
13055
158
10813
13062
14752
8050
2082
7991
75
7063
1773
12435
14106
3069
11597
14763
11920
673
11606
12356
14886
5979
1545
4140
6601
1121
3596
3274
12411
12729
8717
9844
13005
8328
878
8451
9277
8284
9545
1556
12804
3808
3499
389
14612
2629
3153
11240
11950
6223
4511
8452
9881
7124
13185
9407
5999
4676
12046
6523
502
7434
8647
11464
6237
10618
14306
4001
10866
1645
1933
14101
12857
6983
1971
5691
6994
14373
8587
1272
13380
5926
613
2364
9233
2513
7461
2997
12265
7798
8911
9270
13901
1038
7264
13980
14401
1839
11199
11082
2912
12233
2335
11100
13605
4086
3200
3533
12048
2459
13981
6710
8765
11007
7827
12669
2495
4938
14037
10150
8287
6638
154
3330
10872
11336
12595
4778
8715
7041
2596
8077
7909
14865
9056
9328
5586
3199
6199
1306
6461
2298
12929
12096
4539
10469
6132
6989
13444
3194
2622
4762
2542
8852
2273
9749
2672
3236
4292
13341
12546
8657
5346
10482
1946
10894
11987
10244
6509
3366
7247
708
4191
8910
3873
13598
10548
3269
3752
14737
3975
8692
4732
14333
8556
10719
14897
4528
5122
11470
10852
7543
5020
600
516
6658
4632
7036
3166
4351
10825
8928
6734
818
11694
6204
412
5321
9325
11696
5829
2852
4597
1825
6152
1810
12297
12559
3684
13597
1736
9
4188
6286
7297
3740
13825
9046
10154
4257
5831
5167
14515
6243
5973
1662
12805
7148
7622
3014
477
11100
7114
14257
10283
9392
10495
14872
9981
7576
8070
5304
7309
3308
10620
12002
1598
2608
12113
1647
11326
2444
3903
9429
9546
6905
7309
3875
10876
4671
10568
8818
12633
2613
8890
10942
6495
1093
11440
10707
1031
6917
588
14810
7949
12640
14587
12155
9033
14243
12019
12653
2742
13291
6048
14302
10474
613
2248
7318
14627
541
142
10882
14997
8033
1840
14305
6292
10912
14489
12715
11818
10965
9701
13935
1441
9406
12893
12933
7381
10686
9434
2843
2392
2785
4167
7160
9516
9120
7986
10338
9086
2079
6789
11800
3883
8428
8162
3400
11660
4937
7211
13248
9740
3670
13157
7280
10185
2360
8903
2179
12574
10618
2720
10548
7568
5112
5896
8548
9354
8906
2312
14864
2889
1129
2777
2528
10202
11740
8225
7375
5265
4027
5110
14131
4712
729
7712
14772
10236
14854
9589
6132
4671
338
7521
9014
9899
14549
8790
5540
10394
5374
8812
13685
3617
9781
10695
12477
12820
5749
8203
2602
14454
2246
3406
13155
7962
13837
11168
1927
1593
13640
4992
13229
6505
8004
2830
1029
1074
856
287
1361
5573
9892
6881
612
1623
9230
14903
11047
12509
14857
7412
4129
11543
14102
1859
9183
10884
395
7417
11352
11283
4804
13256
13110
12961
3710
324
4064
13328
4029
3785
2011
6187
14772
8948
12010
3087
4528
9414
14067
7678
9453
1775
2797
1614
1451
5114
13803
1589
8935
4453
11784
6148
1207
12458
3634
14952
2811
5407
2628
9021
14566
10381
14464
11956
11001
11451
1195
12767
24
8975
1514
1672
3042
3094
2034
4714
6966
3279
12866
4920
3623
4171
13172
10310
2862
8797
13755
11494
6238
5130
13488
3251
11235
6713
6625
14306
13718
9367
11117
3585
8112
4794
12743
9227
5982
8650
13970
3050
4532
429
8907
14406
3136
12572
2683
14162
7211
7428
4099
9977
10943
10787
13527
265
4629
11734
3725
9635
10938
14267
1503
14363
14344
3342
2246
12812
2946
5027
7725
3240
2046
76
6830
9226
3810
14823
5734
13465
1190
2330
9526
11688
984
8321
13493
9209
11738
3350
13365
7979
6632
12586
7512
11907
9172
14350
5077
11066
452
9430
7269
14629
1132
2590
4754
4198
88
12147
626
6116
12458
12709
873
10501
13196
11728
6946
3973
3325
7614
9026
14204
1072
6347
7731
12328
13045
10929
10473
7340
974
12878
3486
14080
8275
7073
7130
1434
1147
410
11170
8256
7472
1946
1244
6894
7763
12833
5296
8640
4757
5381
12976
937
7643
6847
8593
6365
10366
2573
9202
2375
9686
9743
14594
12010
8603
9036
10635
10601
8045
2547
14838
4790
3962
8865
6980
1400
4083
10520
6660
11019
14289
6228
8031
12947
8622
14488
3706
7431
345
1226
3025
334
14436
605
14480
10424
13579
10807
6168
13479
8451
13623
854
785
11721
13813
3640
14692
5987
7771
8131
3547
9066
12317
51
8233
7479
7737
5203
11004
777
8708
969
3095
485
8235
131
87
11553
13903
5147
5903
4973
5062
8893
4821
14935
12984
13520
5056
8885
9181
12272
4656
14713
9145
3229
12713
7978
3328
763
3427
7838
1097
4373
10582
14603
8552
11052
10067
14509
15000
13074
10046
4226
106
4017
14873
3440
2001
7456
2670
11632
3305
13387
5264
11848
3600
8689
1897
14100
1732
3778
11079
13727
1638
10228
5244
10441
14774
5241
8694
12626
7742
9180
5761
12739
6485
8944
2275
3446
6974
8575
8305
7050
7244
11425
12368
9805
14206
3946
14024
5790
2771
1484
1066
12580
8277
5716
480
10635
6459
3148
7971
2186
11241
3327
11670
8947
2869
12722
12681
7046
12639
11226
7968
12542
3478
11311
5647
10826
14371
8779
13479
13161
13232
14191
8398
6950
10893
10845
1959
5842
12898
9589
3333
12065
9495
11367
2989
216
13043
10376
724
8254
10741
14319
3025
1975
594
3943
3397
14910
8322
12627
6626
2395
10828
11506
13070
11345
14677
10718
9002
13333
2344
5689
8074
526
4361
4705
2084
1773
14297
9210
10560
13289
4672
7913
4801
12746
5817
3614
10541
1772
9551
7881
11014
89
7700
7482
3617
10256
1772
14150
2180
3483
13705
11204
13688
4609
4035
2818
10404
12180
14727
8646
6281
12070
3368
1285
8723
10232
5502
5925
4721
10311
205
1397
5572
6362
6947
3378
11570
1238
12179
5638
558
5751
12016
9843
4472
10714
3273
10852
14418
14359
2288
5601
11984
4285
507
4351
13213
13604
8005
11640
12176
13144
6442
4871
10607
6183
10125
2048
10348
5158
4097
4657
9976
9211
1928
7899
10029
661
2358
1752
12798
14623
2529
7387
8950
8930
7261
7001
8958
12237
3937
10777
10870
5464
11170
8825
4729
13266
4169
499
11932
14810
1639
7601
4562
2687
3835
10543
10906
1491
3227
12138
8958
4091
733
8840
8541
3452
5989
10300
11479
2588
4190
12780
6919
4134
2522
12497
5034
1586
10793
11436
7367
14875
1865
3344
14998
10939
2130
5903
3487
1985
3476
12335
1971
7684
7085
1386
1626
6218
3197
3501
11428
13026
9239
10362
138
1322
6698
1673
7952
12727
3042
62
9200
5114
502
6537
4854
14680
6620
7286
9160
6135
3451
106
9781
6342
7972
463
1070
5277
2418
3456
9656
3898
1230
10821
13654
5627
12511
11568
11462
2680
3907
7369
4202
11349
13647
5026
10345
11597
8488
2547
12577
5925
7306
5491
12292
8058
5159
11543
2207
14730
7242
2818
8579
5484
10747
5264
9063
14664
10993
7159
1860
13975
8536
428
14749
2184
5932
6760
5273
13055
5881
14289
4
12420
5948
1520
14953
13821
8247
11008
11960
8524
11461
1287
4049
2431
13232
8235
14164
7952
2175
3519
178
7516
13680
2568
12235
8870
9472
2730
5182
4539
13662
3496
1616
8084
7047
6551
11666
2611
6551
2385
9841
11932
9968
2305
14331
7377
4208
9743
12388
12349
7618
4247
11871
3521
9077
6791
7808
6843
9045
12676
6311
11454
5014
5034
10749
4161
5850
3715
13134
6013
11425
360
8413
11727
11348
11039
1510
6194
9253
5801
14955
14400
7462
6541
10394
4375
11178
2867
10666
1765
4528
5315
1306
12868
226
6147
3297
13116
1115
2495
5805
7166
3341
9111
43
5974
9905
11965
3614
14131
342
3088
10690
5157
9127
11142
14240
13846
13932
12924
4292
10707
3700
13830
14794
1520
11031
4106
10282
4038
13132
14032
5407
1584
5742
12073
3565
10043
13717
10996
3512
5057
6384
13338
12746
5990
10702
184
3011
7413
13925
2993
3232
14948
14701
1146
7722
12825
13912
1064
3127
899
10868
14978
13831
3667
3353
7567
10285
2227
5074
6895
104
4806
10513
2588
11847
14060
2138
8525
2034
13780
7892
9565
1214
14283
3378
8316
5618
10256
2769
7943
10502
1339
1549
8016
11406
9081
13872
11093
11144
8883
6342
3459
6312
10590
5436
13850
5822
11654
7611
3963
145
10751
4026
14177
13672
12275
12608
8114
7337
1295
9884
4044
5999
9944
6960
13439
5543
3488
13040
925
8344
9679
13490
10577
2669
11798
8582
2617
26
10894
5263
2577
13061
4728
1910
7206
7391
3668
9783
4742
12908
8158
9321
1173
1371
5066
10198
6606
9757
4668
4309
1097
2240
6060
1525
13300
14063
13635
8842
3483
10071
619
3117
3511
14281
6006
9200
5961
1877
7057
3824
3686
12566
13033
1478
8640
13685
1925
7574
4585
1012
6619
13748
223
5936
6373
13486
14875
2889
14245
12095
6106
1665
1949
13091
14869
10624
9041
9356
7900
12595
5214
4423
10345
2272
3962
6560
14923
14428
9091
2248
12034
4382
13247
14955
13752
12678
1623
5444
592
12191
642
14438
10951
10008
1891
9063
12627
4574
5181
14343
12628
12287
6813
7921
1960
6845
2169
7318
9405
6330
9094
893
8528
13018
13990
920
11038
8466
4670
9810
6336
14021
4799
806
4642
1676
2456
9236
4532
2315
13755
1378
5556
3216
8544
5562
4679
1252
6376
11601
13325
9693
6250
4722
1333
2859
12826
1145
7331
7655
7089
13931
1706
14085
7106
12203
6896
9115
665
7498
10747
1645
4289
14101
13079
7625
10229
1882
11020
9001
5568
13011
232
1041
9488
5160
10424
4698
4888
11757
14946
10744
1931
5973
13478
3204
9182
2760
1099
14955
14193
13947
5882
9088
9790
12127
3859
11338
3760
10319
10826
13361
8034
9649
4303
6310
10371
1069
2982
351
12254
8209
11997
14614
7693
8782
13260
8917
11459
3498
7078
1427
5268
11521
9589
11486
90
6011
10176
10520
13858
8825
7230
9800
7257
13445
6866
10400
11131
10236
3292
10448
1700
12032
12769
5196
13988
6441
5045
6294
13068
12034
12816
10701
11384
5025
11537
10131
7115
1155
12159
1584
8440
4933
7686
6157
1280
13570
312
5283
4477
308
7930
9888
11698
2929
5380
9959
3708
3604
5550
3786
14840
7090
5425
3167
10973
149
4553
5662
8997
7917
12035
6596
11664
14018
5735
4785
5936
11580
3054
11070
3298
13895
5709
2228
8513
6150
1148
6111
8917
2367
12916
13643
6462
5718
6347
14574
7472
14686
9806
2120
1430
1913
10973
6673
7640
2733
2398
6148
2749
766
7536
6336
13782
9769
13710
3900
8480
10775
8649
1241
8877
10510
436
9579
12509
2437
9836
97
8779
12944
8006
13989
12929
9132
12582
14091
9357
10276
14702
11120
11397
6066
14006
6775
10709
11997
159
5777
1760
12520
13112
9061
3185
13071
938
10377
14858
913
1709
6319
8844
9474
14644
1952
692
6288
4296
1518
802
10543
5062
8605
12716
1566
9063
4194
11661
7361
9523
3262
14823
13193
5160
14780
10140
9253
3416
984
7242
10421
9313
9389
13321
5010
1894
4495
9599
2532
6089
4102
14644
8306
3858
3867
3587
9862
10103
11422
2945
10586
8658
7081
5013
4018
3885
5230
7469
6770
11328
13842
2472
10787
10443
294
2078
10028
4586
10086
831
871
8440
5812
14779
12500
13298
1973
4492
6848
6213
7468
6050
7402
11552
476
8599
10490
1104
621
2406
6120
11160
2569
5091
8818
1515
9234
8505
5208
11262
1100
13445
4590
7885
777
6823
3195
81
4018
11536
2292
7290
1491
9761
11208
14833
10700
9406
12908
7351
12638
4228
5231
2108
5592
1856
13619
11051
8729
10490
10607
3460
1612
8485
5797
5133
3507
2169
10364
12879
9839
1099
10330
6314
11429
5905
10432
14102
6642
7018
13345
7117
7207
9877
3413
3422
3688
6470
10073
10509
948
9887
7100
14294
3535
12337
2626
2645
11966
12227
13567
2019
13009
10583
7876
14963
10484
3790
10621
8097
2568
7935
5116
4755
10375
370
10024
6848
3209
11730
14001
167
3806
6000
7649
11504
8778
9181
8719
13390
11115
6750
14130
194
7374
8173
5
3367
5833
5191
811
4338
13255
5418
9541
9729
3993
6171
9264
7445
3047
3137
6408
3134
12868
13321
1092
10512
1495
10731
8198
6705
8090
8280
11971
3504
6557
5533
5627
1932
8206
7853
5082
9030
6257
1360
13526
2162
5321
12669
11227
5087
6737
2752
5434
12654
7111
3197
253
8816
3943
1211
11390
8488
464
11960
6044
990
7030
11894
901
3574
13571
5540
10174
14900
715
158
14138
12633
5146
11166
9879
11530
13266
2181
10002
9460
9733
6386
5982
1484
7382
9279
8524
10763
12844
6734
11981
2069
11430
7102
9435
7180
295
13894
8996
14759
1403
486
4659
7648
1771
4116
3740
4866
3550
8242
5063
7526
3573
12456
9126
9775
14925
9512
12565
6483
12877
10047
7553
7708
11346
1263
8356
13949
2150
13692
14764
979
10979
1884
254
9459
13546
4408
12666
2365
312
7543
12696
5550
4351
11067
6122
11961
9589
4588
8305
980
9839
865
4884
6586
12009
8875
14006
14084
11367
12764
11344
4811
4903
6333
11078
9029
6131
946
10942
11909
11297
6779
6932
92
10970
1122
9116
1881
11678
10804
2602
3924
12631
7566
170
4251
2575
14674
975
1282
6550
251
7437
3520
12570
11076
7524
3686
4203
2819
1072
6255
11022
2384
9060
13495
7115
7188
7687
14718
9943
8679
4294
13799
7304
4304
11948
9185
7564
14546
8625
4423
1579
12467
2356
11213
10855
4474
3986
14869
176
7396
11497
10143
12872
9472
9196
13310
14906
4140
8765
7052
10474
10680
10852
8103
9846
12478
9545
7659
10286
5111
9160
13459
8595
13644
2545
5332
14842
14487
9868
5141
10385
3427
7665
1979
5954
10727
14130
588
12662
3588
14564
1300
10999
12867
3321
11831
5508
9515
535
1361
1843
4067
3546
10379
5203
9810
625
2077
14952
2418
8875
12180
5333
13232
1187
2256
14983
2448
2921
11832
2153
7917
11616
14470
11996
1655
7717
13589
9529
7422
4514
611
10603
13705
857
9133
2168
14002
288
734
14361
6614
7777
2009
13018
14255
9422
2007
3131
11497
12912
4501
3042
2476
11166
14150
6324
2842
1525
11979
4304
4081
13036
8977
12377
5306
2171
3303
467
5580
8743
11197
2510
14153
6596
13299
10526
11584
14117
5211
10564
464
14568
11270
835
12576
2962
9881
9798
11423
9118
1676
9683
834
10327
6492
9121
12689
7844
2514
14094
13947
9307
2992
6152
2390
9868
6884
3063
9950
4517
10582
1418
6130
13665
8527
6054
3948
10366
13159
12804
8868
11985
5743
4674
2235
10715
1417
6736
316
10661
3260
4013
10117
2600
10428
651
12498
12018
1526
12686
2053
503
10154
6877
9621
4078
9757
9347
8174
14473
5906
11098
13876
10157
4576
11629
11921
13834
9803
5800
7638
9904
7358
8273
1366
9309
585
8872
5843
7091
9533
11278
3377
5821
3843
10929
4631
14050
1648
8718
9247
5267
13194
5529
14644
10700
5071
5656
6646
14456
14080
7616
1540
4095
8009
12362
8814
11748
7525
10493
10088
10823
12619
8317
8356
3896
12088
9665
14474
1812
6301
8718
13548
12019
11492
12858
13750
1332
2272
9391
2109
13156
2807
11701
14866
14705
8617
9760
6692
5711
1163
9691
12851
1638
2233
762
12797
12469
7441
204
7434
9444
9464
14060
6686
2338
14673
11375
12398
12174
11879
2069
14146
11376
14466
10417
3129
998
2285
2083
5192
6874
11072
9567
8111
10100
5786
3690
5082
7242
2065
5358
5779
9739
9022
605
9594
1821
4542
7726
11640
6576
2127
13527
4140
8488
2321
1813
4425
1000
9933
6534
1593
719
579
5664
13183
8016
1131
11131
5765
12385
9920
12145
4817
10880
6754
1405
7327
1821
6768
1298
12816
13382
2986
6457
1101
4112
648
13728
11010
1076
3635
5277
5892
13028
11420
8019
2401
4756
13442
8032
12130
14152
7574
298
14702
8020
6971
7581
10469
11126
4105
4072
6060
4766
11256
8157
14302
9903
1814
11905
4327
10550
14021
11042
2754
9470
14536
5575
7573
5665
13945
2821
12853
1932
12526
816
13339
12141
2349
3543
4178
12054
11481
4282
4084
6581
1827
7447
7509
12220
3626
1800
11806
13777
3274
2641
5115
921
7777
830
13122
9295
2831
11778
3335
4050
12668
622
13877
11383
9064
5049
6346
10493
11352
101
10413
12390
13614
9114
14565
5775
9196
9606
14790
163
9232
14958
8027
8133
3506
9028
5303
11691
14123
7332
1983
14293
5468
3299
4031
2323
10945
13922
711
2179
5082
11112
14755
7050
14004
3556
8582
8234
12294
13898
1692
3882
7588
5957
9001
11215
11659
14927
4345
9593
7654
8036
13797
13
4476
7838
11118
660
6858
14744
933
1895
13858
3100
13109
3190
8306
7828
13165
8285
6396
11563
2735
769
2529
5709
5938
4977
14766
13725
4972
5736
13517
9928
7290
12178
4607
12437
11494
7156
4174
863
12037
11671
9425
6761
8021
109
4792
397
13791
9774
64
13978
11052
9167
11373
3473
14653
1236
6286
3818
5510
2724
10804
7375
13094
14883
3673
6784
11876
4553
3123
81
2125
7412
1402
4512
7398
11560
11008
4002
10863
13260
7111
1358
3180
1781
13367
11775
111
3888
3863
2144
236
4179
12353
3013
4158
11046
1416
8877
11015
3549
8847
1362
3410
3482
11221
1076
3159
10066
9597
7906
9777
10053
732
13585
2459
7074
352
4134
7105
4244
1128
7811
8781
4938
7262
14116
5979
12509
13525
8094
4586
5938
14578
4318
5041
3184
4767
14986
4023
10197
10921
13794
3975
9162
3700
11506
7252
13048
13064
2554
13743
6268
2522
10311
1017
2810
8041
4368
3522
436
5586
28
629
5266
9587
8843
13406
14159
7404
13572
3404
7560
2175
9103
6632
9949
4505
6063
6277
749
4892
4052
7348
5734
6186
12047
13796
2524
13450
3375
2734
13236
6909
5810
13249
5851
14332
1095
6472
457
8357
12362
436
12098
7979
13786
10186
14626
10078
4402
1898
5091
3533
13008
5309
14365
2494
928
4824
13454
469
9190
12553
10889
2637
13077
8091
9716
3687
13912
8378
10329
10386
14255
9851
1846
5287
9741
13656
9276
11054
7903
1001
1528
1300
3516
5068
11446
11310
822
5843
13821
464
6914
12873
10920
5500
9101
5396
6608
6947
5667
14691
316
6488
1207
1474
5447
14840
2033
9402
13253
14850
14698
13395
1537
11698
10359
11273
1202
8767
1589
10838
11633
10859
261
3620
793
12981
7263
11137
1633
5871
11573
5068
10329
6764
12411
13142
3959
2704
10478
4628
3034
11531
13500
10604
5616
1034
1076
10665
1654
7474
3858
9243
8523
3166
1705
5593
1637
9019
10419
4783
9242
6066
12589
1108
1318
4349
11454
4749
5964
5557
8088
11659
1442
13923
3801
2716
11177
247
6029
10832
618
14068
12914
2140
2021
13420
2810
8748
13668
9417
9835
3644
9349
11069
11682
12848
14421
8293
13487
14630
13221
4291
6653
6625
7399
5254
10035
11942
1181
3115
13818
11163
9541
3116
9416
5281
10280
13304
8420
14039
6618
7331
4207
2878
889
5011
5826
3698
11527
8767
12440
1854
1803
1453
2795
14279
10240
14540
2091
2365
12392
9281
10058
1729
13172
246
6475
4846
2236
5099
6750
7113
8791
14797
2160
1499
10891
4296
13165
7026
9374
7685
14534
4685
14606
11436
9061
10384
8138
6660
7169
6370
7880
13120
4697
284
2138
13826
5812
2005
1060
7653
12412
7824
773
3591
3706
9295
6793
10664
6787
8821
7223
5651
2708
7922
3855
4829
11309
13809
8401
6709
3225
13441
2268
11023
1814
5284
2110
2122
11374
9877
5848
1546
9468
9551
5530
333
2193
10569
8108
9742
13744
9436
10730
5410
4489
724
4451
4679
4122
8901
14879
6878
9256
92
14195
2964
2855
8437
4558
1432
5341
13747
298
12213
14900
4377
1818
952
6358
13664
11440
7180
453
933
10753
13632
12166
7446
6159
9410
11900
1781
12955
5317
7077
7992
1208
7475
12680
8910
8319
13202
10113
14540
3628
60
7412
650
14054
4736
5773
14522
5870
11047
1022
10957
14642
12289
1955
830
14034
4891
4664
11461
9633
7846
7235
13105
11085
13697
2696
13470
7715
7288
6019
12851
14118
4998
4431
5133
4637
6028
4852
26
12196
14532
14338
4392
8890
7268
1154
2700
5524
2287
4450
8369
5984
12024
163
9932
11218
6083
7602
2798
4039
4704
6236
14853
1094
11658
2057
12374
4173
10882
12332
9229
7798
14053
1050
8327
6388
7010
14878
3059
2866
7772
4385
5198
10913
2359
9851
9519
13792
4820
1786
2472
1609
7955
9396
6543
12076
11541
8381
12834
2606
10508
7954
6922
10885
5407
4369
5028
6274
14742
4986
4816
12840
12909
12896
1860
13836
6404
13623
14211
11597
2015
8062
2063
11598
11051
7874
2829
7942
6553
11359
7999
8515
3313
7572
9840
2437
12117
4177
34
8902
10033
13231
10659
14164
11300
6398
760
187
210
297
2219
6039
10890
14155
11566
10691
1621
5851
3208
8810
379
11950
14641
9515
8063
4437
13973
989
13530
7190
13309
8919
11563
7444
8503
6584
10709
13802
1243
5765
5725
642
1152
13700
9760
1526
166
2371
4791
9098
9716
14792
2524
10956
10864
4343
13400
4942
9240
13262
3044
10812
14082
8263
1225
11065
14807
9482
294
2858
8975
12935
13739
1441
12474
7475
306
6435
11374
8636
4784
11296
4434
12207
983
7223
14191
3099
13460
7260
1061
6375
689
1469
1333
10812
14453
4135
10543
10691
10118
3731
4360
4351
14317
9470
428
10329
14141
1236
14704
4010
12929
6896
14999
771
3015
6827
7961
13004
3000
13696
14139
7821
8531
2046
2256
4229
11005
7975
4026
4558
5666
6891
6223
3337
5563
1575
879
12557
11864
9367
7276
9467
9943
6060
11254
3696
7818
11710
1060
5030
940
14691
6218
7347
1254
7676
7848
11246
13724
8124
10615
12685
9765
975
6013
840
11128
11925
468
13239
530
11891
1648
11010
8437
9546
14606
1713
11506
5357
10921
7362
337
8634
8208
9291
5053
14041
3943
8045
14417
12056
5674
7104
1347
3808
12641
1801
6781
5954
3502
4917
12329
6940
6142
14648
2137
996
11391
5444
3716
10304
4027
13510
247
3149
879
8573
12396
8230
13249
4660
2520
5397
7706
444
7679
4618
5460
983
14606
246
4462
13435
2589
10394
8574
6442
13804
14070
13708
11886
4506
3680
587
2470
6168
5519
305
1185
10235
13880
5815
13805
5780
2633
9045
6413
12951
14962
7865
3937
1803
11071
8412
12612
12124
11382
7704
13069
10886
12374
11822
5627
849
10694
8639
8316
8022
417
14385
6781
1868
8373
5235
979
14044
6048
11782
14885
10759
2639
241
7360
7962
10580
4655
1299
11260
11183
807
1565
6841
4127
9345
5743
5248
12394
10898
4035
6098
11259
13657
9150
9784
2376
1917
6195
1023
1874
2375
5507
8420
10008
8525
3158
10629
14662
1251
25
10655
10687
775
11247
13543
11650
368
6128
5712
5883
3075
13434
1763
11172
3564
8047
6908
1165
12327
6134
8160
13106
2754
14609
5311
1739
12666
3871
12050
14580
1540
11472
152
3010
7984
8627
13743
362
5172
1247
3249
9190
10284
4558
653
10392
14153
162
8727
11731
8772
9502
5777
2374
2471
3885
14070
8940
1980
13689
13990
4147
1146
443
11371
12505
3341
13810
14909
6736
3877
8308
13004
11145
12577
6663
5697
10804
8113
7287
758
12693
12838
6019
10850
7501
6958
12389
4428
6409
13767
7595
1607
13276
11594
5839
10146
4159
9711
2457
13878
8933
632
3477
2286
1248
4565
2078
11054
9583
4956
3052
12617
9843
9531
3434
12173
11280
9999
1817
9162
6719
10595
12655
11134
6870
11332
11131
4981
14611
6063
8234
5294
8784
3768
10114
5958
4383
13822
14670
1402
719
9156
9676
4522
8646
11657
9895
8547
13635
7343
1988
11256
10254
10590
11182
12162
3778
5748
9816
3648
9164
1975
13081
11056
2913
11339
1065
4746
2219
11628
5961
11851
11306
3725
5057
652
3188
14116
378
10230
13849
3620
5600
623
12781
7488
7720
14337
10299
5435
9926
9176
9771
3350
2044
14319
6626
11417
1704
5595
13918
9745
10674
12227
8390
10348
1971
8876
14078
11168
7738
3111
707
10554
3526
9277
11776
11377
3512
9429
12298
88
3281
6169
1284
188
5266
11928
6042
11533
1838
6833
12085
9887
14128
13743
12022
12124
2658
5938
4054
1333
10279
3108
13960
771
737
6570
13764
10651
11030
8032
4750
540
7878
3994
14450
3611
7990
3577
14351
14185
9055
202
4942
166
657
10225
5690
5887
10008
3788
13868
11753
11343
327
1597
8411
516
5378
12106
5248
11181
7998
2241
13258
10558
5906
4499
12638
5884
9480
10220
3147
1069
4861
2358
3453
13743
395
12972
6503
2200
4815
11117
9832
12002
7092
13337
5013
7775
13935
13251
7227
1490
14389
6583
9073
13338
5709
12296
8630
8242
12856
9102
13870
4123
6957
8722
14034
10403
2079
4837
14738
10126
10769
10795
13759
14776
11099
1731
2316
1902
695
437
9163
3102
5597
2021
1880
4512
12052
7675
8390
14322
8668
13970
8535
14306
7161
2261
14184
4410
6494
6578
2463
5356
11935
9033
11612
14442
3384
5621
1695
336
2553
5283
6445
5139
5778
7807
4379
11381
8685
5647
529
3006
8432
8522
8717
674
12436
3857
7205
12304
7793
1716
14583
12511
13349
1699
259
8127
2301
8138
14007
5968
7444
14533
14946
11933
5250
4006
13998
5710
14099
13324
5566
1358
6743
6399
4070
12876
12153
4776
13262
222
5461
14764
13400
1368
2941
2615
9237
1759
14083
2059
14714
13746
11318
13637
10738
287
7785
10960
10729
2354
7974
13986
2189
5463
2391
12919
4803
7195
1971
12355
10811
9093
254
10139
13207
14240
1432
5046
675
14194
7439
4420
6805
3717
14215
14729
12497
7758
12250
4934
12391
12187
8199
1058
6788
2107
1683
4647
2964
3623
2112
9591
1406
8387
9946
6912
2530
13182
8696
13281
6171
46
5268
7223
2960
10255
1561
6683
2718
7094
1055
10895
11416
10854
6891
11159
8318
9413
4142
8709
7312
13282
9044
7542
3143
4545
4991
8703
6772
10932
2394
12140
5423
12085
7566
14004
13154
3306
10173
224
71
8306
11563
13004
2815
915
417
6320
8959
12754
2297
1288
735
9991
1894
9186
12095
5166
5011
9719
6328
2887
14439
14291
14013
11856
7300
6225
6848
3641
13639
14197
7399
423
3638
11979
11898
12034
6039
5542
613
9481
2978
12033
14207
10639
6981
7760
5225
3807
2413
13200
7834
3446
8286
5240
7703
10053
223
13481
5354
6263
3092
13787
12308
11095
6508
4128
7410
8973
2242
13108
12228
5995
6640
13754
1861
13203
5879
10632
6760
8821
13548
1041
4276
7288
8196
11009
13099
6401
14721
11022
13595
12656
11174
9153
7575
9370
4655
2591
1262
8239
123
2403
12081
2111
13897
8824
1040
14209
7618
1657
3390
9558
1233
13749
8169
13947
5080
3266
12489
10555
3986
5079
7110
10522
7651
10814
12924
2684
8487
9227
11362
11285
12604
6498
4352
1375
9055
105
4530
4566
3083
54
12538
185
479
8881
2062
14110
10462
5040
5512
10234
4560
5552
13882
6143
13458
2472
3615
8210
6073
13176
8272
10506
11271
11197
345
1344
7156
12095
12269
9470
3183
5523
4013
2815
3778
1296
4792
5810
12940
11047
1819
12028
12817
12618
13364
11274
966
13602
400
13047
2379
5007
5312
6940
1137
7596
1686
12676
11585
11554
13054
10336
5228
11618
14328
5412
13478
7639
12528
6749
7871
6458
13276
11865
1855
2982
1293
6923
9669
8010
12196
6284
716
1627
11423
9784
11863
12089
11075
11652
2372
10561
1257
8729
13423
14257
1353
12957
5799
1254
3316
7175
11717
5042
9384
3911
6824
12135
8651
13090
5796
14563
11924
14379
869
3516
12868
5676
11500
11452
8617
985
811
3933
12956
8262
7689
13927
12264
9396
1299
1032
5833
1706
839
6494
8028
12584
11612
6932
5413
8067
2314
13118
3718
14666
7147
5147
9905
490
11873
1101
3025
7734
11727
12271
12374
14332
13447
3210
9745
7148
89
13967
7604
4572
13078
14810
7528
342
3526
5811
181
5715
14331
12422
10178
8144
748
14531
4816
1532
861
1956
11238
1019
8174
13233
12031
9508
12488
10175
7417
10173
2730
6043
7742
8642
10301
11508
9318
12765
2733
2894
3006
11940
1328
10429
13029
13588
1520
308
6867
677
6056
11045
12408
12383
2940
14504
10624
1505
6448
6218
7995
942
219
14712
5306
11679
9283
3796
3026
7419
3838
1154
13390
4046
6062
3026
8120
2184
13991
2251
13573
5317
4309
50
4835
13815
4444
7563
11235
7222
14414
6147
5755
1070
2383
12862
11611
9605
14520
7598
7291
6078
11155
12580
4392
11273
9154
891
13665
11890
7072
10492
8761
7981
12305
14715
153
649
14123
14002
12977
2422
5351
14411
12881
5378
531
2204
11758
7198
2950
7433
9625
6361
1737
10581
4175
12373
13310
1833
11005
8814
8976
3564
11486
4585
217
7417
1133
2792
2071
10231
8821
12472
8116
2927
5746
12628
9008
7300
5762
6864
705
296
7841
1940
2742
5826
11559
2527
2584
12397
10914
14817
7838
9015
8252
2249
163
14543
9656
2863
14760
3817
3820
863
10155
3034
2848
12956
8400
14957
4917
3860
8232
5897
3526
4783
10657
2049
4348
2745
332
959
13850
7683
14337
8874
10481
12380
12985
11516
1007
340
3173
2320
10642
3500
3070
10298
520
