2401
2069
6666
2581
1870
11383
11876
2310
3731
8969
11068
6879
6261
9143
5974
7948
12505
721
10259
7934
9761
8779
8583
5629
1186
8979
586
10884
8385
583
8487
9152
1486
8231
5664
3424
676
1950
12110
8011
6380
3530
2429
5360
1787
6988
10263
10546
5485
7428
6120
8710
566
11389
10047
5930
2066
5844
7061
12696
2954
762
10901
5001
4699
3876
3604
9804
1608
4609
621
8180
7447
2807
4432
315
10270
9440
9327
5135
3648
11350
10542
850
7304
10462
238
1685
9390
4205
12835
4499
5214
7035
8521
11689
6782
4443
7531
12026
1416
885
9919
4902
1818
717
3377
6237
9375
10991
473
11057
10233
654
10131
14
7896
10277
10172
3694
2645
9935
8083
1191
11820
2630
5850
905
10064
5396
1598
11728
5190
9503
1852
5732
9205
3272
8178
6145
2672
4385
11182
1206
11315
8477
5100
9545
2957
4448
5378
4031
12299
3092
10879
12146
6157
6510
10347
12794
2280
2051
6171
1123
6108
2551
5679
6744
3879
1329
8692
4212
8568
9678
6396
4904
9014
10834
1700
3321
6973
8176
6018
11054
9089
9090
4595
12610
4374
3246
7290
4749
2347
6769
1739
10605
4625
9191
9634
8059
10500
9431
12318
8420
12125
11924
1909
5935
10373
3602
1062
1508
12148
5915
7816
12200
3811
11749
4824
9405
7708
1727
9354
702
8071
8898
11696
1308
3021
11805
7226
4406
2293
5328
10972
5200
10430
4787
8578
12800
7500
12981
2982
5304
11307
3749
266
9830
347
7569
146
4861
9527
2759
11381
10048
10632
8138
2987
7126
3312
2666
6546
606
10905
5822
1353
12684
4334
4334
942
1988
2693
2264
5876
327
7851
724
11498
6079
3098
315
3424
5611
9801
4986
4579
10440
12782
9913
2409
5717
8779
1522
12262
6085
587
1393
11984
6176
4034
9495
2330
2847
5166
166
12581
2788
12634
601
98
10961
5884
7370
12578
11239
744
12026
7052
11716
6238
6070
12307
440
12299
2890
8473
4356
6834
499
10028
6309
8941
5484
2471
10192
11514
7205
12570
8185
3085
12158
10158
5536
7892
10548
8760
6467
12242
6373
4311
8810
3187
1367
6660
12425
7776
1236
11676
9156
5310
7202
10062
4684
2566
5493
1973
3071
2779
836
5588
9046
10820
4592
6814
10688
10986
6871
2824
2877
6891
7519
9941
3885
3926
5278
315
8981
1997
1978
3245
1020
7333
278
8768
10439
3670
4265
3497
6348
4196
7940
5415
12634
7642
1134
7998
6445
5680
2961
1501
8820
9167
912
8318
7429
6752
11999
6177
4108
10421
3507
8678
8496
2310
8386
10225
5179
11562
1123
10619
9290
4935
8931
6066
6846
5233
605
4508
10603
4636
962
9919
12095
6723
4289
12099
8288
1349
11998
11818
4205
6504
9658
11361
785
10124
10339
12694
7669
7329
7529
1449
4723
11695
5650
12104
1200
10924
2810
7604
4633
3217
2187
2412
9847
2432
2071
3687
11137
12171
8716
5412
4743
11130
4591
6828
2562
9852
7735
2592
868
10594
8206
6839
12422
1784
7909
12793
11297
4000
4510
3663
6552
2082
8340
11074
7188
9592
7308
5695
2721
3817
9363
12381
5422
10887
6669
2369
450
9017
8324
11381
3254
1240
9406
357
293
2663
6831
4187
11428
918
3985
1846
4003
12594
11206
637
8015
5306
3667
6931
12550
11151
12785
11773
3199
5321
8397
7632
11938
4048
7643
5843
5385
3098
2498
9194
7925
10598
12919
7209
11827
9449
4808
1338
1731
2299
8952
9232
4996
1035
6494
6940
7382
918
1916
1709
6977
5909
3344
9764
11807
1624
2270
6988
2903
9414
5804
8941
10194
11693
2626
4165
2531
11543
224
11878
5401
10085
3644
36
9994
3689
8670
5485
8141
11786
8398
6490
4727
7780
2975
750
12679
737
1488
3539
11579
9051
12007
6144
3529
12774
2996
976
10254
11698
3388
6771
1991
11419
10428
991
11618
6535
2273
11258
2883
431
481
11713
8002
12945
3740
10846
7703
6864
11455
11862
1105
6292
107
5900
5828
7769
3353
857
12538
6460
29
11431
11892
4704
4186
8384
6856
7824
3629
3176
690
11244
2194
7640
496
12003
8027
9194
1310
4940
9723
1507
12503
3616
265
5934
3948
11225
7787
5003
2083
3049
726
8573
814
2964
6169
3854
2774
3821
9440
12687
927
305
7455
1638
2730
1053
289
12629
5929
5794
5756
4532
265
1733
5215
3852
12048
10878
7011
7224
7626
11396
3310
11481
11733
7540
2845
4236
8618
860
10353
3201
10384
1268
3683
934
4421
12660
3112
1867
320
993
2975
2193
5915
766
12948
6538
1447
1309
1489
12614
1950
200
3325
433
11191
6741
4447
8505
5820
6495
3133
1059
3651
11875
11446
5695
10798
6338
963
137
2461
3758
1773
11610
1020
4399
6826
8293
2704
10453
9291
242
12923
9718
8451
5014
9457
843
1961
10390
550
8056
10637
9143
11717
7603
8188
4994
385
6935
7945
3310
8967
4110
11316
8771
4091
12662
8039
4846
12449
4703
9981
4353
11431
5249
5611
4375
11535
3793
7943
3838
2892
3388
1643
3721
12545
3066
900
9984
2152
4127
2414
10933
7854
3085
746
8060
10366
9612
2448
354
3760
3604
614
3632
11937
7050
3006
10267
5003
8927
6722
6793
3618
3142
2479
11553
2611
6158
3390
12711
945
5146
3727
12526
8073
8705
7302
4001
3290
2564
9352
7072
12256
9175
5885
8827
3586
9043
1432
985
2682
4823
6416
2672
900
2065
5137
12998
990
1246
7836
6682
12277
3522
5303
7434
11330
10790
7736
3595
9360
1925
1916
4774
5523
890
7664
10715
10577
6881
5404
11814
7325
2707
7002
3836
10767
10807
5672
10416
983
8067
10167
12512
6335
4922
8798
11658
2959
3868
6337
8157
1422
6298
6909
1056
12488
3957
1882
6649
10816
8526
9776
11425
11536
12815
6391
5804
9355
9548
1089
9687
7716
9741
715
3348
1012
11017
6905
1584
826
12504
331
9490
6994
3777
11615
6553
7002
12866
631
10795
12373
5071
6894
10452
926
5290
7859
1508
3188
922
9898
8153
5516
5753
8572
5886
6341
518
1316
8367
6935
2299
8548
1555
3483
8561
12775
5921
4722
7433
8052
3230
12141
11661
6837
6975
12654
4278
10142
8775
5455
11903
12504
3621
9177
6777
12510
2263
784
4471
9768
10285
7156
11137
540
856
4451
12951
5445
12814
7786
2403
3642
11543
12509
10146
2964
11701
2728
8403
3483
1465
10086
11082
1970
2234
5450
9863
4336
6588
10558
9303
10219
241
6174
1982
4895
3608
10961
2447
8742
12111
12551
2269
6151
11891
3605
3956
12879
782
4622
3003
3548
12588
3963
2609
2936
5300
1983
9600
3875
2282
3710
4330
5811
11551
7968
3829
9591
11110
11030
10463
3778
6421
6289
9023
10037
8685
3828
10365
744
4981
4237
682
11803
2090
1791
7538
8120
10904
10837
12407
4134
7028
10018
2972
7423
11005
3659
6313
472
5085
4673
3107
8668
1400
5761
10989
8762
2473
11239
7134
12128
3277
2380
12590
9546
6051
299
3756
4252
10507
3507
8399
1514
1853
3204
1006
3656
5309
9658
5195
7557
6102
4960
4999
4887
3863
10060
3443
4895
9755
12377
8206
1712
2910
110
10493
2674
10634
2581
2327
4752
4952
3889
7296
4483
6790
1261
3701
7067
7015
9441
6332
9678
1645
821
6289
7438
6704
12636
11890
3624
11363
11215
12645
11157
1841
9582
9428
7968
7550
1952
5334
1080
4324
408
3772
8215
12916
8281
611
10981
7517
9825
9479
7427
682
12562
5952
8469
8190
5091
2
12209
2045
10757
8947
12518
1327
11287
9689
9281
2217
9972
5166
9855
6611
10057
10686
629
12563
3657
8107
5641
7192
5750
10780
5855
12326
2380
11689
4965
1054
12628
10680
693
10325
8542
1441
2571
8296
769
2476
2468
11761
7197
3499
7071
11881
138
3682
11136
2310
10656
12576
5089
12293
6730
7785
8970
6805
11610
11975
3099
4090
8776
11418
10201
12278
5209
1260
6468
2502
12426
9780
6561
7609
11233
8785
7599
3082
9207
2976
12241
743
7496
4317
11190
4802
8972
10152
9134
12035
8336
11656
3667
2702
9447
5488
8404
9303
6190
11132
4119
3417
3169
1503
423
2721
4536
102
10513
6987
5929
1320
8052
618
2121
9201
1265
12345
7396
3420
10942
145
6170
5040
7039
11062
10169
3422
9088
10422
2880
5811
1969
7368
12891
7670
2940
7593
9352
5438
3695
8874
4059
10892
1534
11353
9414
11082
8888
3097
3479
5738
6368
8745
1724
1023
3206
10635
9096
149
9638
690
4209
3326
6340
4114
5898
11161
5260
5656
8492
6940
998
11428
3589
5619
5721
8011
9100
4260
12386
1966
3472
8280
8170
7894
1420
3801
11710
1026
3617
7558
9165
4911
2417
900
12787
5918
3086
972
6418
8000
2937
11581
8278
9903
2857
6787
5115
7104
11779
7355
11151
4773
4628
7943
2901
2044
9336
8428
4666
3066
1604
11817
1472
759
6747
9520
2510
4473
4890
4754
11581
7954
12625
8818
12507
10555
5901
5979
4316
657
11129
8203
2689
5321
1236
10921
7536
12045
5617
3717
763
1352
4299
10582
11649
3410
12241
1364
12937
11023
2365
7318
12243
11072
12210
2028
7117
5994
9014
6445
651
3757
1873
9630
2665
1660
9517
3104
6724
9517
12411
4086
8642
11407
795
1661
889
11693
11724
12952
8968
11391
6144
1702
7542
3842
2428
12518
925
774
12275
7796
9021
2956
7058
3596
12755
11379
5682
992
12419
8240
29
2088
12420
11986
7020
1077
12395
3548
12925
4104
5719
788
3486
12512
12309
7294
9237
12145
6468
9416
1584
7014
7418
10512
1471
8106
10424
766
5098
10675
9933
10813
7580
9335
10186
915
7918
1857
11634
5800
11465
3272
7521
11101
1199
3576
12830
9663
12606
3914
11806
12104
2833
2663
6715
9044
7050
1990
10555
4344
8738
3510
3582
10296
7414
3978
2454
1745
3970
2351
11332
3988
12219
9830
2510
6946
10306
4397
8332
5280
6003
8864
1879
10678
11698
1077
4518
5736
11831
6447
8454
6432
3539
8394
6558
3961
5075
8955
11850
9851
2842
12915
11094
3727
2196
3051
7485
10460
701
8547
2442
7191
8387
4875
1359
4855
7842
10542
5647
8
2530
3705
2312
2286
8282
12221
4628
11254
12365
7266
8859
12766
2643
5950
5011
7710
8630
3424
11837
7366
6740
553
10873
6754
12754
6081
12328
12959
1073
1762
11443
9286
5437
9159
12123
2615
7664
12595
2533
648
100
3498
3548
9636
7569
9309
12891
276
3193
8849
7337
12866
2740
11234
5318
8127
606
10369
9199
3441
158
11433
7300
7193
1849
5703
2805
11321
12028
277
2965
11047
7480
6982
2461
3275
11734
7665
11629
8408
11684
6723
8889
12570
9850
1987
6572
12737
6101
898
1270
9674
6109
3047
4544
8209
6276
2121
4631
7643
5150
4228
3029
12515
2335
11129
7509
9913
8469
2675
2205
6452
953
6468
599
10123
12262
7621
9380
8279
10471
11320
4054
10658
7519
6700
3726
12114
7803
6401
7174
12701
6700
7570
5066
9120
3289
7361
3757
12045
1342
4104
7082
5797
5255
9913
10308
10640
12850
2571
10113
12415
1645
9604
12314
11291
2936
6668
9210
7147
884
6100
12487
11428
1280
12696
4491
3071
1761
1513
6041
12472
574
7361
3350
6756
9735
2985
9350
2418
3078
10240
7781
2366
2205
6742
5020
4207
5664
11754
3274
8167
8455
5699
5154
7133
6440
5696
1281
1573
580
6610
12718
8588
5520
2952
4659
8774
566
10269
6525
7984
7142
5929
8134
4161
12967
6818
12861
6842
1756
9569
11444
10110
10450
7824
6600
10927
11946
10457
1574
6309
10736
619
11398
733
3946
7616
6263
12306
5527
10395
11175
2238
1186
1632
7485
108
783
11430
12152
10123
7551
4089
1724
4232
12468
6632
7205
6104
4879
11507
1313
12612
6206
3610
2399
9875
1630
11739
2464
1566
1915
11380
5009
7242
692
11290
10394
6751
3369
1721
1858
3889
12799
3479
11447
3782
1959
3073
1793
11436
11829
156
1870
3639
6335
6679
11143
8265
2329
8299
10602
3707
6019
6669
10059
3876
6628
11965
10320
11051
7288
6549
11391
9680
6624
3056
8849
6256
4712
8929
12672
5606
10258
2537
6336
6607
12065
10272
4252
88
12114
1552
12692
1242
1104
3711
3648
4429
170
57
8714
2487
7416
6643
2064
5738
11651
5408
1545
6367
3614
5980
8764
5860
10448
8442
10299
2795
2125
7456
9852
4362
7003
6778
9897
7032
7031
4616
1318
249
4304
7097
707
4200
10732
5532
266
1549
9909
8587
2266
3128
3810
4269
1872
7851
6188
9121
852
1432
3107
9961
4985
6091
11077
7338
4888
6813
5340
6042
1235
5106
11936
5191
332
10099
12418
4709
9216
8984
1450
7033
5355
8003
6570
648
5542
1228
11230
2185
4675
1551
1203
3412
5341
3327
12037
3643
1804
6445
11702
2790
3580
7402
2342
11738
9780
12918
3750
8034
8953
6521
12858
12975
11221
946
1488
12601
1818
4000
9834
6586
12020
1622
8406
4329
1926
3168
11201
3503
1417
7244
5011
5530
4975
12053
1447
197
12535
12474
11324
5920
12962
3941
12775
12881
11756
12913
8895
6418
12148
5357
3170
5929
4785
6506
5708
4409
220
5423
5772
1553
10958
12821
4705
1726
9246
2965
1794
126
6395
8326
6785
7118
8811
9798
9944
2699
11276
7728
2312
5672
6001
6271
2343
570
2120
1142
7612
3193
9159
3515
10605
1367
2724
3384
11164
4199
9136
4383
1623
9195
585
7716
2123
3804
3262
12170
438
980
4946
9470
3814
10179
3870
5389
5798
12325
9728
11782
1214
343
9651
5622
734
772
1569
7645
5235
2767
3613
3784
11237
10419
6092
12742
6753
7972
548
11707
131
678
9310
12685
10193
11673
2384
11717
1644
6173
6076
2907
4632
1337
7578
11779
9743
5172
7491
12201
1708
5944
12019
1058
7971
327
7019
3383
9540
5531
8889
3843
4845
10567
6727
1208
9692
8626
125
10423
7296
9248
10030
9049
9435
8450
4750
3630
11999
2423
1272
5232
2247
10244
8664
10088
8901
4001
8998
7026
11536
11095
3627
8303
12129
12297
10099
4484
2794
7067
9658
823
12600
11155
9834
4932
11134
12270
376
7724
5172
9639
9385
5685
10764
962
10583
9692
12750
5454
12276
8203
795
7711
6590
1616
8414
5506
5077
12527
4360
1230
3336
6718
7069
7200
82
2202
10185
4807
9630
9076
7376
7111
4753
8243
3624
7801
11015
4283
4502
9097
1578
11889
12900
6497
2856
12223
10052
9052
12237
269
6679
7123
9339
2405
5386
8573
12626
4453
7877
4387
7768
12662
5810
12160
9525
12210
6268
7646
3433
6899
5498
11105
8674
7155
5087
10836
301
10674
345
4315
2477
10990
8732
12881
5797
9045
1829
6327
7316
1812
2226
247
3859
550
12212
6892
11347
10309
12274
7938
7044
9226
6720
9434
8574
1358
7109
9260
10373
5465
6670
2303
5263
6569
8077
10180
2524
7031
1438
7407
2277
2302
8882
5640
1008
9794
3809
10634
7470
7401
3958
11952
7988
151
3303
3490
11496
11870
439
11644
3795
3852
9138
3087
7389
3678
7545
10890
4353
6099
12766
10852
1073
10738
6369
31
7530
6091
2533
12527
6004
1011
6745
10170
6031
11070
11273
1156
7015
6264
1385
10403
6265
8119
980
11874
6897
6137
10013
8588
8419
3966
10077
4545
5589
3899
251
6415
3279
6739
936
8173
12095
7267
4488
3968
5174
847
1565
11312
12643
3870
10939
11211
6682
1144
11833
5855
12882
7527
440
12481
12993
3788
116
6313
3246
7402
1530
4515
6002
5501
7433
10020
9630
7803
7212
921
1931
2975
8514
522
4272
774
11698
3080
4326
5052
5887
6238
5201
1493
8930
1205
9084
1646
371
4219
602
5960
1544
7689
5179
456
6091
7286
1030
12470
12745
4194
10080
10420
11896
10132
554
9247
9392
172
960
7210
5825
1068
2637
477
7861
4452
1440
5987
11338
10074
12000
6993
9909
1166
3085
2671
2720
2010
559
9717
4852
4569
11441
6526
6178
1672
4420
2818
438
10010
1122
8091
4911
3491
8930
11705
10182
5940
10294
11698
1369
3320
4982
11371
5833
259
3384
4779
10506
11318
101
8740
45
9830
2888
2946
558
2966
1143
5103
5394
7292
11966
8868
7133
4183
10527
522
7199
687
6457
6842
11055
3766
11253
5901
4216
10695
9959
79
3084
5989
1008
6025
7974
11702
5657
818
4283
3076
11611
10502
5509
10326
3025
657
8796
19
8798
3236
439
8299
6120
2058
764
5603
10802
6844
8063
8902
5886
5044
8885
10721
1630
10014
6775
11953
12621
11968
11497
6672
8368
9101
6078
11866
12964
6230
3606
2213
11303
11914
10375
7170
10753
12561
10904
10133
3672
3663
3577
7044
6879
12727
9098
12091
9406
4475
12682
8165
8471
10676
5326
9102
12399
9456
5640
789
5042
4827
9755
5599
12871
3221
8623
6514
4938
3902
4207
11899
4153
12001
4018
1012
7810
9648
3266
6980
10440
12771
6570
406
6950
3194
5892
8474
8971
10396
6192
6156
5033
11624
6750
127
8396
781
10857
9351
11231
2047
8882
640
2320
7765
5734
4099
10989
9119
3543
4248
7228
10794
7132
900
7030
2436
9914
9573
9788
3875
3173
97
7565
6524
8284
6709
10261
9850
11981
6832
8457
2529
1139
11406
10488
446
20
5355
12199
5072
9284
11327
9872
9763
11650
5845
11034
7507
3638
6226
2454
12892
5326
10001
6618
2220
6650
7299
4873
64
11724
10211
394
8129
3183
9837
11986
10081
12119
10476
7910
2647
6170
2656
8150
7864
10257
12860
4070
5828
3215
12607
9362
11486
10418
7317
9847
12458
10017
9073
10589
5758
742
10686
4540
32
12079
5870
228
2954
6352
11125
10561
566
9992
7294
2679
10153
8600
2088
3062
4369
3874
7694
12725
7184
5276
8816
9824
10544
7044
8152
2036
12651
6953
4194
8722
1671
8221
10645
10967
9938
839
7648
858
12055
4833
1373
9672
11695
8389
11548
9922
5545
2150
4792
4856
5138
6888
132
12276
10044
10065
6485
2152
1057
12364
73
2142
5014
3064
4157
11603
3783
1310
5774
704
4493
5840
12229
4168
5614
12891
11968
6156
4122
11104
506
5608
4706
7304
8295
6894
9297
9505
10596
1422
12497
2387
3946
11652
2234
7812
3938
1563
7169
9060
2283
11868
2878
11895
2070
5703
9454
7163
8797
12707
8763
4092
1412
823
4222
3144
7673
3006
6889
8357
8847
349
4229
1421
607
8506
10577
9516
10843
2045
6574
2755
12440
7736
2880
6889
7083
4802
12527
2790
9236
8815
6024
6918
12993
6504
12901
1123
11529
5948
3795
9006
9340
9268
11787
10491
3027
2689
10576
2315
12573
12341
7111
11203
9612
10536
6684
9355
330
4411
694
10731
9881
9990
7523
10412
1771
10345
5082
912
8237
4164
5917
12755
10363
3069
3328
3980
12126
3074
4160
3296
3597
3701
1155
4600
5595
9483
12408
4035
4756
7046
9524
11649
6351
48
2436
7017
8564
10056
2990
10409
6515
9737
11717
9511
5249
5418
11923
369
1934
199
3670
9275
1481
3998
9063
9623
7453
7681
7397
1975
11193
5847
1726
11366
3495
11456
2072
1009
1083
11017
8788
6722
11087
4660
5243
7440
4332
8702
2194
9617
7782
4407
4728
10559
2304
10196
12706
12212
4925
7827
10952
12795
768
10640
12633
9536
6799
6100
11199
11829
12076
5216
7359
7669
7235
8308
12248
352
54
9638
10256
4057
5141
11258
4770
1203
2082
10017
10152
5841
8744
1475
5537
5869
8164
7502
11304
1372
3401
7783
208
11441
1716
4763
11383
3306
7386
3458
5667
12846
5891
169
8056
11240
6774
8087
3880
11046
3869
2676
1479
12923
12392
7650
460
12574
2100
11495
3377
44
2548
604
549
7912
4784
7171
4140
901
2725
7573
10124
10258
7584
6088
12053
11854
2165
7248
5624
6956
3757
12433
2512
10620
11487
1621
3848
8690
6822
6233
5051
12208
883
7612
4373
1737
11257
5774
10235
1001
7642
11775
7551
1640
617
3791
8782
8251
1168
11745
668
893
11488
7299
9121
5551
10041
3153
8775
5557
6105
1718
11188
8046
11156
11784
5901
12767
8909
10824
9741
9168
2253
9962
4395
5866
3618
1120
12056
12647
3385
7925
5613
537
2545
12020
605
1309
4941
5331
10677
8284
6213
5205
10622
2886
8755
7766
4285
648
7674
3554
4317
6745
6021
8315
11242
6889
5754
2861
9950
8
7668
2482
7256
7995
1460
4922
2771
9103
4011
1076
12731
6042
1111
6557
8012
11302
3548
9136
40
12682
11337
1574
3970
8912
10397
3340
6360
2314
10781
10837
11458
8102
235
11787
1378
11292
9795
2825
10125
5476
2288
2214
4979
12020
6483
417
9688
4516
4343
12113
1546
5950
5950
1324
5130
1080
5793
9951
7604
4126
2165
441
4249
2685
5291
701
528
1957
2017
7974
267
1656
6916
7000
8244
7557
7717
7603
1202
11693
12467
6177
6025
1940
10340
6711
9175
12769
988
8135
8780
503
481
3673
4739
7874
1687
6470
4335
11203
5326
9879
12107
10025
4088
5157
2262
7107
572
3920
7400
6149
11624
6976
9691
3650
10089
4069
9726
3203
2420
4738
1385
9821
3096
11995
3249
10477
4249
9815
557
7821
12050
6374
555
8637
1363
8812
4245
12881
8979
3495
10824
3852
4238
7569
4573
9157
2920
5528
8537
7627
7831
11431
10029
5343
12830
9088
965
5674
4964
5064
6714
1472
5627
7964
4005
9398
11354
8325
10518
9687
2629
1067
9707
7938
9580
9590
5238
1804
9686
9596
11
213
9660
7648
7401
6573
9645
1995
1083
7723
5862
2370
7920
11048
4678
11708
5982
5719
2760
9048
2335
12611
10330
11257
2668
9917
10407
2900
8987
12599
4445
1162
601
3736
3574
6356
4127
8645
11157
2084
10336
7664
10276
1327
3968
9990
10676
2362
346
7986
1330
7753
8682
1448
4228
7780
11077
3448
9320
2729
6319
471
5037
84
6384
1222
5772
9694
7374
3380
3022
7524
10147
8424
9815
2568
4356
286
12101
11456
5405
12879
557
7317
2932
5420
11010
3659
6312
5560
3264
2393
3331
9978
5353
847
5399
7872
8471
2989
1606
8998
7531
8913
551
4371
1557
3081
6157
10591
1843
9536
7579
3565
963
324
651
7824
9627
9848
4146
10251
4564
9589
11621
4996
4421
8818
6121
4221
11427
12899
5203
1689
236
9400
2371
1327
11774
10929
5025
10486
2883
1095
12763
5598
1547
7948
9673
7015
566
5472
9810
1706
11218
3676
8972
9080
6791
7410
7615
8519
10240
4307
9708
12529
1235
6722
2533
6668
5834
8203
12613
8597
2313
4603
11017
2585
5258
12095
6862
12640
5305
11920
1480
8279
10877
12520
5313
2033
2925
9806
9901
6652
10161
1327
3222
1383
11321
6919
7120
10215
6910
603
5585
1755
11826
9559
10567
6015
8554
127
6472
5941
5882
1315
7977
1125
7553
11112
10110
6984
8910
9460
11376
2744
12674
2290
1089
9552
12918
8533
11380
3503
3610
6399
12614
1515
6024
3391
12378
6910
6781
10864
3779
9108
11982
8952
6128
11719
8443
9271
5419
11975
2674
9272
4421
4506
7435
4456
9461
6737
7760
7145
10095
10582
2440
1329
8229
4820
2568
67
7071
10098
2457
10568
4100
7342
8261
7919
5248
4838
10802
7930
3584
9207
929
2751
8989
2573
12774
9577
10195
1652
5558
3349
8691
5007
4071
2230
12509
4022
8615
12143
8930
5791
8018
10304
850
1125
10179
3052
794
12096
3360
1143
6048
168
12686
1878
11831
11744
1163
4142
8877
12088
10614
8736
3315
6636
777
5388
9658
10440
6642
3920
470
12504
8782
8810
6098
8824
11530
763
6665
3963
4164
7462
10170
6848
8331
9873
8225
10347
8852
11920
10311
279
10320
4463
10060
11755
2617
3141
3414
8973
6745
9279
11812
3936
7286
4039
6999
4841
12640
5913
2309
2241
4635
11831
5991
5281
8601
8175
6125
1454
12348
10920
4462
5095
371
5167
4392
9898
283
466
6089
8425
7473
9921
4214
12684
10216
6895
4174
2952
8050
9840
1258
1025
8954
2791
9043
1165
9335
7947
11056
5904
8609
12007
2658
8803
824
661
708
11566
5272
4734
4301
7446
19
11687
7456
8189
1361
861
11088
6129
12923
3914
12287
5814
466
9622
6171
3939
7166
2563
5564
8500
7372
7651
3183
11471
3863
11144
4026
10319
2466
10155
4987
8613
11231
11455
290
900
3601
2999
4308
11985
8056
5939
3744
1679
1887
345
7491
5801
4083
4178
8409
1744
5773
10745
6863
2197
11184
6025
1763
6394
8366
11763
478
7508
3049
3621
10868
1664
6987
10676
4232
7219
7154
11163
668
5539
7882
8710
1043
3500
7589
7372
7003
12873
8647
514
4646
3132
9961
9740
5222
11000
1420
1624
6442
9081
2805
11807
7118
4715
3753
230
9133
8535
7548
10872
12234
1492
6416
5538
4119
3771
3650
1773
6887
11167
648
5879
3598
11767
9741
10159
4866
9102
2504
11527
10351
11624
12318
8045
7553
4170
8650
3986
5614
12106
3207
4001
8983
3536
4954
2997
9319
11939
3239
8214
10775
12797
8661
11067
10314
6257
4769
10423
3585
6490
4029
1536
243
7448
3839
12122
1803
5833
8277
7212
11607
10742
2271
6043
8129
10742
2817
5359
5956
11489
7243
8969
11259
8564
7132
641
2160
9356
9142
5707
3641
2614
2079
21
7470
684
3600
679
10149
353
2333
12121
11493
5277
12353
10770
3321
9722
4148
55
95
10344
10077
77
549
11680
9909
3018
2070
7813
4691
4645
6656
2254
9942
5028
6389
2039
4198
750
3368
12434
2530
10217
7441
4131
10899
4543
8144
5833
2707
11921
5143
9058
8586
8614
5859
3430
1441
6803
5491
2661
9868
1015
7576
12829
6537
12477
6391
8905
4856
9651
10470
4594
1738
9201
2225
1853
2750
1229
4119
1869
4278
2455
4191
2047
7688
5369
660
11593
4584
11597
1256
12130
3693
9930
6599
8993
6313
9840
9876
8280
8709
9534
4641
11330
2562
11966
457
8597
99
10389
7315
6310
1127
2415
1924
9937
7935
8751
657
3041
9684
3588
2435
7316
10337
1828
4532
1165
8110
11001
11704
9342
9941
10879
635
4585
10081
4704
8685
9646
2384
4139
8498
281
2181
1965
8882
1930
1444
12807
7430
10491
8352
2822
9249
6704
11192
7434
11576
946
2442
738
12984
4615
12639
3407
3378
2843
11855
2569
12274
4131
7307
58
5148
7273
527
3773
8142
7427
2264
7382
12107
4851
8152
5381
8697
2494
10131
6169
260
4822
2733
6441
8414
12663
12569
5478
11833
822
4626
5305
10148
12814
2845
11049
8683
5577
8766
6320
12578
1237
6865
9418
8746
1655
5126
8994
10076
6966
2860
4866
1793
4436
10103
10126
12848
6913
4597
9990
4769
6043
887
4833
720
2209
5178
9885
2872
402
12227
3128
1256
8650
11148
4017
4708
12678
11172
9551
436
10376
2542
5094
11159
2122
4570
2886
7369
3859
12813
2188
5932
7011
5913
3125
11304
11264
9382
3831
10794
5567
6965
11955
1351
12280
2199
11263
9851
7440
12044
4230
7633
8837
6961
9638
4273
5251
3683
10772
9770
7093
9911
7910
10872
10677
5431
9293
8678
2674
5001
12245
10721
7067
8815
7273
4294
1737
10501
7365
1934
8311
8864
6156
12281
7018
2132
9697
5490
1847
9141
5155
8816
1564
9293
10508
9135
3125
6554
12748
4069
565
6469
2404
7274
10443
9566
663
8222
10810
10724
4295
4909
6921
5343
8030
78
480
10106
1869
9130
10352
1627
11834
836
8707
4104
9479
11464
12491
6066
6997
1556
9685
6103
8193
7100
9740
12108
5541
2771
6257
1709
7255
977
1159
5593
2377
5172
5174
7487
6294
7439
10729
9013
3955
6560
7085
5342
4766
5642
10040
6344
5062
7087
4581
9664
7091
11052
9665
9412
2863
10641
4260
520
3682
5500
7492
9117
997
1037
981
2520
4885
424
10104
8556
1701
90
1762
12762
5503
12434
901
10726
3431
8067
8437
3392
2795
7217
848
5375
7760
6464
10216
11699
9717
8687
9697
3628
5319
5748
9814
5718
6770
3934
2759
8644
10989
8917
3564
203
10534
5101
917
9959
12745
11955
425
12034
9284
12077
12990
838
6788
3568
2464
5358
7642
7090
4940
9275
6399
12128
6489
10483
3796
12218
6357
1507
11306
3520
10139
4436
6248
67
12487
6676
8505
9411
1640
10424
4768
1624
3719
1825
1424
7026
4314
2033
10578
10324
172
1671
1649
2952
11376
5050
11634
11289
11309
553
11514
1194
9474
12641
10142
9941
11564
2313
10735
3655
3446
5660
11074
9707
12458
4046
97
4722
3641
7045
783
5417
2228
9846
11305
12178
6848
11039
4115
1083
4051
10910
2754
7370
8110
5584
6620
3694
3077
777
5038
10882
3918
6792
2824
7831
7965
10881
6458
8168
2306
1661
2921
9861
7722
8804
6981
10785
8107
6048
6201
2063
9625
3251
6343
8760
10858
8602
11493
4540
3956
10314
6145
5385
6909
4015
4204
4910
2927
2485
2227
12469
2594
8452
4670
646
8335
825
9036
3292
9178
7628
12141
9039
4074
4534
6528
8141
387
158
4690
4257
843
7949
8036
9738
3808
2868
9248
10654
2944
8611
1337
5792
8871
11192
7916
3779
6781
6648
10634
7400
8436
11631
5306
1282
6088
914
1043
9454
5981
12365
2991
6306
7444
4061
9164
4563
9790
6074
1826
51
6059
5203
9159
7274
2358
860
4847
701
11528
12523
9976
12276
10855
8415
9632
1221
10200
10006
3044
3660
5636
12586
7596
10309
1154
443
8527
4572
8181
1991
7555
6645
6979
10291
9026
6732
5348
9403
9959
10736
10784
12091
11098
11065
11298
9348
7126
1190
815
12696
4285
3974
3832
7992
7010
9828
3619
3835
844
3699
337
10124
10641
1156
6687
9197
11393
8385
9760
5036
12734
5732
3376
4769
3302
3223
1118
10644
801
6635
8431
2491
12263
10202
12082
3340
11251
11515
7948
7485
7352
8053
1719
12697
96
5928
12594
10041
10148
7992
6295
473
10324
4185
10742
8879
11150
4803
10636
10524
11705
8855
248
12926
7457
8541
12443
7312
354
2403
249
398
969
8691
9387
10464
1824
12564
789
7121
6201
9147
8486
10635
731
7559
3776
7944
8607
11749
10219
3593
6865
7708
888
788
1443
8550
4093
4642
9931
11801
2792
12215
11304
5260
280
4634
1175
9202
11491
12307
4615
7754
3737
5287
1839
6403
2701
1520
10902
4953
11554
11778
7331
1814
12348
2404
2334
6366
6555
2454
2636
5607
4301
315
4692
6005
7738
9206
10280
6344
2581
1574
8566
5527
2731
3509
10067
573
10477
8362
12206
5870
8109
6334
9361
11085
9136
5366
2074
2745
8048
10481
6240
4806
7190
8508
5473
9341
7922
8498
6105
2221
4650
4680
2479
6437
3901
4750
1890
10975
8657
1189
5845
10171
2371
476
5206
11615
10162
8899
6102
2140
1465
147
8157
7263
10999
2975
4125
7453
11709
173
11628
5784
10765
8058
667
7644
3624
2352
10905
9360
3643
696
8140
830
11986
1979
7141
6428
1769
12964
595
693
2816
7799
3002
10522
2068
10013
10406
9995
7121
3093
2793
1555
7109
170
3861
1820
625
7448
6899
3249
12515
6498
11320
4901
8894
4088
6145
9536
6463
666
1719
4346
12290
816
8746
10399
9532
284
1023
3639
8679
657
4278
4796
7440
11790
5764
7000
5072
3932
809
8024
3483
1860
10491
8690
5961
5534
4423
2841
3838
10241
7908
3984
1470
12833
3780
8939
12599
525
11393
1297
9043
4515
864
5503
7742
10171
3780
3138
2728
927
7199
5065
4255
2563
9111
11974
4414
12833
8457
5618
5242
3886
12908
9571
5069
10769
8624
3910
5204
3758
7520
694
8610
5747
435
6482
11101
8666
12979
4418
2449
256
3345
10849
9739
3457
7040
10852
12594
6790
6418
5854
6174
8584
4195
4539
9181
4102
11405
2377
2839
10242
6136
5147
2318
12385
887
1071
9515
6714
7663
9037
9484
12070
8446
12429
3881
4274
12747
7507
3937
1239
9769
1035
3659
2192
6822
1294
11621
4292
4784
8591
6270
11081
2511
4395
9846
547
10005
8611
9113
6847
4309
1608
236
4937
5496
2132
7619
4040
12475
10600
2089
2776
3622
133
75
9774
10515
1494
4601
3542
2801
10939
2282
7352
12086
9716
5749
10041
3546
619
3490
2171
3093
10652
5362
12131
2932
3378
3191
8600
7903
5639
5084
10336
5022
12626
9787
11109
4811
1070
1084
10785
10830
195
2347
11016
5269
12398
8580
1904
985
9387
5083
588
3715
3414
7593
8184
8027
4147
3256
87
6109
11599
5488
1792
2032
4525
4796
11833
1925
5679
4689
229
4584
4569
8011
4899
5035
10393
11957
10723
4367
4728
12259
11920
11100
6351
1496
4882
4218
12817
7448
8731
9343
1255
2153
12002
9499
12444
4303
1130
8387
2527
4360
5146
4310
2362
10059
1107
5779
11791
1426
3556
2221
5819
4104
11935
6600
7731
373
2434
3003
5502
10517
5192
2115
189
1627
1507
12734
844
5501
1120
9328
2395
4692
11229
4521
6093
7463
7386
7761
12041
599
660
2803
5905
5576
1650
4941
5750
7199
2347
4286
5602
9463
9080
7557
10527
12289
3036
11421
1531
5949
11016
7304
3746
5571
12943
8199
2843
12352
613
8299
10066
10191
991
5378
10193
2900
7497
9869
12260
5438
572
10643
9760
7076
10776
10103
516
4895
1519
11084
9223
234
12967
2158
11327
10715
7488
11905
618
3346
10741
11579
1428
3651
921
3208
75
4889
3236
9704
7551
9782
2968
6637
8259
3185
7811
1266
6271
12516
2751
4990
7263
4904
2058
11499
1272
12568
1718
4042
8962
10266
6942
5980
1772
2176
4286
7785
2554
10836
10713
1434
8585
794
8200
5094
6646
9989
9144
4021
8716
3891
5503
1017
10674
4785
236
9592
1251
4869
1633
10474
4628
7204
5571
8204
11104
11295
2480
2923
12184
12493
10201
7449
4404
1206
8173
1005
12721
917
5915
10784
2515
3692
7812
4778
8893
2330
9186
493
348
12754
2389
10540
10244
11319
12939
6353
10466
5188
5048
4528
9422
5792
3495
11089
12648
5778
2944
11754
6234
539
7739
10946
11746
4384
7123
6320
1091
10796
11456
9204
553
3297
9368
10755
11621
287
8740
3441
7137
5713
3242
1761
10827
8478
12280
8705
2776
2913
7090
10997
3520
7531
560
8201
12360
3038
5239
8665
897
5118
4112
10223
5513
5613
5277
9816
9492
2109
6494
11645
9622
7300
1520
9629
7117
1215
5043
10553
12169
4292
10225
3585
3787
1452
4159
1062
752
5538
2688
11924
7042
7274
7005
9164
4918
4894
4310
10089
11283
10151
9592
10571
9410
12322
11939
12329
6355
953
10037
6383
12116
8068
7033
6667
11037
10020
12646
5787
8125
2428
10157
5654
9589
2867
11201
3757
12307
4008
3019
4529
1165
3332
5492
12232
6292
6951
2148
11379
5242
9861
8108
10028
9071
10518
3362
12009
9783
12022
988
6363
7183
6397
11067
1922
2526
8867
9706
5472
7401
3344
8045
635
3575
2151
2911
7110
7855
4915
12430
7765
560
7479
3890
3337
10688
234
5627
10468
8999
2477
12785
12491
6845
1375
4996
4608
6605
5297
2612
1779
3430
12258
4778
12558
1666
5857
10568
6940
3494
2317
11455
12455
5811
7876
10214
2758
6280
11604
2153
7305
10160
2617
647
6288
12571
12302
3707
11518
1668
2257
6739
3992
2795
6851
5654
6610
1954
12725
11371
11497
4361
4880
11907
2465
620
7436
3044
11851
4797
1826
4238
341
3088
2509
9273
3559
7830
9559
4831
7117
12899
55
2140
3709
4549
9304
8096
11135
209
3159
3232
2366
11759
6849
4497
4031
8940
12288
4028
8096
1120
8517
3568
12451
4916
11982
8579
974
7515
6666
10603
15
12852
6636
7140
2550
10415
6464
6419
6469
679
5030
4515
1976
10274
2326
556
5567
9159
2430
4023
8371
9944
9883
12935
9907
1678
11965
7387
7901
5468
6371
9662
8722
8464
240
5147
1565
4288
6878
10077
8067
9107
1308
6786
12330
2388
11831
6294
9411
8775
8031
11264
10598
4971
3180
6178
5605
9943
6225
4928
12650
6951
11970
305
10301
12618
9614
11815
3753
10362
5520
5850
11409
719
7263
5316
11624
10777
8352
6024
7129
12048
9004
6957
2113
10708
7644
3415
2001
2784
3068
6972
8967
11935
1611
1125
6011
6963
12440
6819
6001
777
3028
8280
295
2961
8194
9862
5536
1764
5686
1441
8053
3896
1096
7215
1022
12292
2922
8454
7444
5327
3975
7372
3767
937
986
11142
11244
8459
1439
3906
7306
8972
856
3224
5871
3096
6921
8339
1759
2935
7710
2105
9148
4654
10284
7870
9581
6629
5452
10774
2311
11661
5777
9993
2193
835
6813
12795
2823
5479
1753
12535
3489
11321
11238
670
9967
10118
10722
732
3924
5794
3013
3687
6985
6666
1492
4806
12876
1200
262
5266
5877
425
10597
8923
11887
8827
12929
5009
11647
5405
9161
10587
11807
5561
11044
2832
1649
1954
793
9528
5574
12307
945
6412
8467
7859
9775
8621
691
12152
1522
8787
7758
4757
9176
8324
5686
12833
5598
2845
3512
12985
11947
5521
521
5468
5175
2175
4061
12138
9427
6650
7056
12962
10240
8259
10275
9878
3447
1943
6444
6300
5302
2240
7041
8425
11759
113
1771
11838
8428
11204
8639
5101
12912
4481
3674
8431
865
11341
12070
6976
7854
7195
10726
12012
11310
12031
6752
3054
9771
10614
12644
12905
7774
7936
3724
4128
5543
10476
7529
11559
201
4566
7913
3896
9952
599
9125
8566
8946
7481
5628
10405
3201
85
10491
5257
11752
4284
12060
10712
10554
7172
3304
6377
12724
5941
11229
5248
9269
8736
12333
2432
1333
7449
6341
118
3151
8605
10798
4566
4294
2923
12184
2536
703
10760
12907
12491
2356
5582
5364
7665
10730
10884
1254
1319
7066
6592
1397
4494
2729
10795
3793
6096
7879
8431
4926
1312
1740
10937
9474
11420
10581
11412
7047
1352
5454
1134
8200
2195
9225
5345
7576
5306
11641
6737
5626
8201
3257
9767
533
5169
5898
7354
9864
12045
1706
181
5140
9635
3793
6267
1533
6344
524
9933
7095
4417
12676
10809
10177
6604
3671
12067
728
4340
7651
1521
4351
12326
12469
5612
10949
11262
3698
7864
11448
4350
10582
1868
9100
5208
2480
4289
8389
11090
5947
4121
12088
738
3715
5473
7414
717
10570
5570
1830
11630
4823
7589
1672
11166
6426
5706
11238
5630
1507
8858
759
6519
2028
926
8582
1389
10964
5979
6172
12986
7768
5714
2148
2456
1492
11528
12224
8332
3287
4313
1062
9259
9279
6513
9729
2496
1457
7525
11280
10251
11332
803
12357
10535
1808
7026
10530
9062
10183
4833
6861
2554
353
10348
9258
12044
3823
1214
2892
5096
11288
12441
12968
11236
12433
8791
2443
11017
11192
10895
8756
10079
8319
8295
4453
8156
1719
7026
2397
1431
6578
9757
6219
5804
11912
12286
404
10238
8512
3084
3183
8594
5018
12459
12659
97
9652
3221
6332
11227
8960
5076
6960
10896
7817
1081
5111
11077
12859
9817
7743
1216
672
12052
1566
1550
6565
970
2580
2125
7107
1247
3272
5420
6906
5729
8635
2730
3143
1445
10284
7585
7675
9969
9384
10896
11183
8380
7017
7452
11839
10081
1806
5946
343
600
6438
1173
2104
1791
1111
4241
11877
4569
4478
5621
1048
6596
9761
6988
11404
6223
10075
7479
4541
5848
456
9186
9534
6251
12924
1927
2680
10792
4980
9720
10245
6539
5864
6062
2088
2241
206
8710
3439
6905
2690
4456
1733
4730
2458
3978
3624
9052
11742
4030
1510
2988
6914
2320
1504
6158
8490
12888
11539
9452
10392
130
9473
8580
3657
4196
10137
11938
3167
5193
6815
716
9612
4704
367
2665
7626
4455
4331
2588
2608
6537
5191
9143
5369
10674
6274
9885
9920
2025
5452
3517
5406
6022
2855
3713
10471
3414
2735
5869
6922
2187
6290
7392
3868
1928
11470
4090
5517
5259
9350
11602
9210
9133
10078
3296
10546
1617
309
225
2833
8929
11402
4215
11371
7323
12556
710
4548
6276
2519
21
9749
8386
5855
1719
8897
5456
7824
7337
1008
9697
2120
11514
9893
9711
7415
1642
6229
1619
4007
2049
12252
4547
7228
9090
3589
7199
11152
9301
1389
1828
3514
4851
7489
5634
8295
5430
8806
5586
1878
1164
11036
6984
10041
10400
10102
8688
8066
8378
4229
4153
1090
5867
7557
744
12448
3998
3165
8957
4717
9256
12409
11932
1058
1610
5853
4203
9752
6291
8660
2055
4524
10589
2912
1579
661
7599
11019
7048
8417
7055
2851
2955
2445
3633
8018
8145
215
12384
2116
3412
11322
421
11772
2202
3215
12961
1024
12388
5226
3148
11297
11640
3270
3946
9228
5052
10450
5749
10152
6493
6022
7943
3510
2552
6564
5477
2680
5623
12225
5334
9191
1511
5499
8182
7655
3525
7275
10428
10164
4594
12322
9124
5325
2573
3591
9344
870
4026
7706
10010
7373
6250
9672
4898
12516
5526
9717
12150
2727
9991
5753
7602
4763
7502
148
1406
7655
76
10919
4043
2721
5054
7797
12500
4250
6381
1536
7056
11759
10978
11119
5157
4470
2050
4914
12802
5741
8848
5556
194
3493
9401
6845
9709
2368
1926
11027
9593
313
10027
7123
837
36
11014
9677
3632
851
10092
7054
5799
7334
3589
10177
2759
12898
2599
12313
3798
806
8959
1380
6772
9096
7027
5399
9674
1246
4512
7665
2054
1221
1879
8872
628
403
7134
9234
8180
10102
10168
7932
978
11111
3401
3437
515
984
3235
3672
8725
10968
6272
12136
12103
2006
9122
684
4372
103
10728
12931
142
3169
12399
4988
4647
4299
8186
2488
9776
11448
9894
8014
2696
2488
5667
11810
422
3407
6655
9626
9835
9734
7075
4849
8736
10030
3720
9490
2518
2671
1032
12603
3681
7241
11697
11851
7398
2908
629
11809
8641
12298
12502
8049
11538
6559
11505
3164
11945
9835
8695
1153
3083
11006
8435
3659
2176
9985
10873
4020
7943
5426
1
7367
12403
7315
5750
2435
5318
11266
2566
4605
8917
12312
12095
3289
4425
2518
9464
775
9293
9045
7682
9347
6405
1771
4403
2014
12286
5009
10365
3319
1090
5781
9969
3884
4699
605
8138
696
3128
10254
3252
1342
1535
1764
5548
6705
2091
1843
3094
3168
8714
7691
2216
3690
3903
12382
4548
10177
670
2418
12853
7823
9026
6426
4110
12432
4340
10650
10954
5629
865
11563
7810
11129
1128
4911
3257
11977
6424
2898
8207
5741
5532
6987
8158
5461
5436
8337
1502
6085
6514
11446
1629
18
8906
10462
752
8173
3262
11323
6741
8378
5858
369
4038
962
143
6263
5119
1832
5214
458
11404
1516
4419
5530
10580
6588
5259
163
2522
11626
8397
8643
350
4321
91
5494
6385
12776
9469
4762
2799
11352
9832
5892
7786
1374
6262
5259
4112
1221
37
4576
6175
6339
12421
6427
11238
1496
6812
3774
3335
10762
7724
1763
7134
3726
5096
8910
12578
1652
7271
12132
3104
5874
1819
12102
12178
9536
7172
1758
9600
10627
11980
10961
7859
2003
7230
9004
2085
7053
5899
3247
8561
4758
206
4025
12489
11514
11674
9832
888
6545
8341
12682
10236
4193
8348
7942
10052
4427
9767
9284
6898
1988
6281
5876
11220
4626
1972
5408
1101
11880
2072
3025
12850
9220
11307
10953
8303
7807
1543
7018
9550
6553
9410
12375
5929
2546
5605
6487
5662
10157
12360
8148
8017
10847
10911
5476
11786
9336
630
2250
11898
5623
7763
272
11847
1888
6975
7180
4426
5888
12867
1552
12655
8261
9357
11431
12683
7679
6208
3406
1077
6737
10404
5895
10325
4901
430
462
7366
5303
7507
6579
7088
9202
10771
10770
10175
4384
9162
1188
5053
1146
608
8091
142
9879
9176
3302
5074
1734
2218
3200
8097
5885
4384
12967
3284
3268
5666
9821
4338
10689
10796
10212
11234
12449
8017
5933
443
1421
277
4215
11975
5388
108
6755
1350
6721
7393
7918
6742
7616
7312
7368
2047
112
2214
8571
10175
4256
2901
5122
2677
6226
11706
11657
1286
12750
4255
8826
12488
12966
2108
6127
1208
5761
6898
8071
2579
4444
11532
11316
5839
8647
3039
715
1008
12337
585
7494
549
5630
11286
6967
8443
5821
9108
8782
7419
10390
11191
2823
9991
10572
8681
7230
4305
8609
9794
10902
1641
12620
4749
9292
12917
3442
4891
1326
4353
8553
10053
9518
8684
5
5789
6962
7266
2234
8267
556
4560
5445
914
4543
6843
8738
4905
769
7108
2870
11073
12243
12061
87
9424
4158
7627
6649
352
9836
489
1915
6485
8479
10706
9377
9551
4598
386
7357
7475
2458
11279
8642
5554
6631
12578
7535
1621
7232
1621
586
2889
8917
7334
9459
9086
1552
7785
7870
6709
3442
8577
4598
11668
11344
3994
9558
7947
12367
8212
9554
11463
33
4831
8366
6601
4574
12964
9831
1990
3932
5699
8500
11081
10819
3218
3547
1132
3504
7400
1399
9779
6518
1686
12347
7014
10316
3756
266
12920
7966
8904
8153
1659
268
11295
904
9441
10891
3269
3067
571
964
824
772
5753
1186
8635
11665
5556
4121
3276
1851
3919
1483
10784
1064
516
2077
12485
5376
4841
11402
11244
11162
11725
10998
3131
2951
9697
5893
1696
7201
1205
2129
957
5520
6432
12634
2351
8844
5219
5604
4873
6721
1150
3443
5983
11968
10395
7731
1626
7033
122
8615
2186
4891
1429
5124
7732
5159
6882
12839
10306
9697
9892
12844
6051
6986
6190
11086
3870
4278
1730
11137
2373
1849
11344
825
7528
3426
7569
919
116
5874
12570
5266
8650
10751
10943
12909
5275
7481
3447
5190
8401
7968
12693
44
10351
5462
5268
1679
1510
2651
1814
927
4932
9755
9797
7157
12896
11737
12969
8895
6248
7369
269
7927
610
12790
6036
5008
5649
9672
7467
2343
7005
10145
7443
12933
1105
5731
7294
2004
10979
3867
4715
12071
2473
9558
1578
11044
11439
682
6886
12986
9132
6050
4267
9316
4493
3318
6210
11097
3540
2421
7777
7402
4892
11846
6774
3536
6178
8821
1442
3824
2165
1072
1559
3450
5161
3397
2576
1722
6252
4974
7779
8813
6719
9504
4972
7754
6270
3087
7573
10595
1383
5449
4988
10107
11607
12045
4547
2046
9911
4865
5168
5454
8940
4845
7223
9882
11253
2771
9175
10684
8895
8041
5105
12897
530
12145
8249
7886
396
9092
12136
3061
11166
12466
5451
11837
3236
9294
10644
853
8978
5968
8796
8988
8301
12257
6894
2030
10053
5595
8651
1036
12598
3144
6967
7327
3852
6864
8781
1548
535
3292
12370
6806
7855
9481
7377
471
1499
11901
3536
4297
5910
11960
3808
7277
3560
4778
9853
11182
8005
2882
8985
37
6757
2767
2234
11843
3591
8148
6397
4457
10747
5917
7670
6689
8913
11896
12474
10563
2064
5505
4676
3839
8663
50
587
4180
9046
6291
10043
6588
8189
8740
1871
6937
1653
11340
12806
10506
10631
8015
9044
9332
1043
5451
431
4297
12834
9760
2764
11605
1125
9200
1907
3424
9482
565
6235
189
8097
6730
11909
4861
12638
5109
9962
11473
6634
11052
3787
7027
12015
2782
10943
3592
5894
9638
10783
68
8365
2756
7645
188
12769
196
6210
10579
9213
7603
742
2931
1042
938
12488
1060
4361
1905
9980
3069
1679
4903
4437
8918
9831
758
7434
2811
524
12530
355
1361
8275
9685
9149
10873
4511
1769
4879
9524
8758
7762
11333
2997
1713
10578
4781
6444
2491
11068
10608
5082
1624
9975
11698
3409
8671
7587
8756
9521
2074
931
3550
6871
8036
4291
12657
12033
4248
1127
2584
12758
8560
2800
9373
254
10863
470
3817
9821
6413
4143
3561
10050
3787
9713
3670
1878
11176
1444
9407
11478
12047
5430
12367
10085
5099
3513
7576
11697
1794
11639
11797
5321
459
206
4870
6966
5721
9834
7689
1179
9595
8545
11144
10849
1164
7357
7589
5690
2862
9327
12193
11021
7539
40
7047
268
10919
2284
2781
12924
435
9925
11083
7705
3420
5246
7915
7312
12304
4430
3680
5958
2965
9665
2661
1598
11168
8159
7709
5191
5672
12462
8809
6620
8274
12732
7453
5282
3007
6657
8381
2277
9625
5969
4208
5499
10779
3196
711
2905
8391
12958
12482
12298
9076
8547
12392
10120
4873
3851
10673
7928
1340
7662
11061
8687
5427
1617
12870
8724
12586
11180
4808
2124
293
2675
9231
689
2302
1559
12119
508
11919
12852
444
4125
6911
8429
2571
1310
256
6590
11788
9557
2477
5504
10169
10835
5710
43
8815
8080
6224
10488
5557
9376
3762
12159
10085
3072
12057
12796
2014
1763
2521
8725
5749
11206
12368
7185
1261
11961
1732
12009
11790
4854
12667
3119
12510
5988
9835
7675
3527
10308
5233
2728
352
537
1292
3266
1988
5864
2472
2127
10400
10560
5554
8329
4745
1920
1144
7993
8111
820
5391
8754
5513
12574
2645
1508
1040
11800
2033
7696
5051
2945
4278
4877
3173
8404
10322
2045
212
4551
2997
5335
606
11402
9983
1383
8054
9373
5147
1724
10581
10249
5157
12984
11583
1708
4136
9273
9147
3304
9549
3464
12306
6051
10821
2966
10170
3268
2683
11639
7445
6319
158
8647
2538
7974
5692
5734
3428
5134
11337
3109
6200
3685
11429
11625
6619
12931
3867
11212
3601
7119
12666
796
5255
5730
11497
6530
1011
6371
8460
1623
7019
5664
2416
5320
1408
4545
11723
5652
711
12562
4941
10832
12387
9852
7223
4834
7656
1246
7164
1102
1111
11011
1184
4114
164
479
2762
12738
8344
12328
11349
11575
8749
5939
6509
449
9900
2390
6279
10650
9870
6750
4324
3720
170
3690
9821
4362
11333
5224
5734
11412
5923
9684
11459
11048
5055
532
1389
1349
9832
273
5298
4473
4260
1178
10343
6925
9335
1794
4166
5424
7000
7874
5954
5196
708
11145
9359
11199
10720
5916
8821
11478
437
12968
9171
3698
4707
1981
11030
5028
6747
10098
6805
11974
3962
8684
8583
8490
4316
687
9444
10476
8976
7114
8164
5192
423
1186
8828
4235
1645
9783
4499
579
10624
6809
9997
8133
10940
815
2547
5767
1027
9080
4823
6446
3994
11635
2520
7595
4583
6106
11767
7433
6599
2952
8650
10233
805
922
6800
7784
12844
8801
3832
7501
12081
10657
821
1091
6015
5751
12937
1834
8161
10434
5668
11509
10668
4753
5735
6062
531
10562
3214
7207
3375
6562
2222
7575
9061
10334
8208
3429
734
6045
12215
479
4076
10278
4499
8795
1763
7251
4290
9838
9124
322
6845
9429
647
12278
1008
9656
10581
3370
6451
11974
583
6057
8516
12589
4224
1407
1453
10925
1567
11960
6336
7774
8760
10138
1994
3125
3777
45
4359
8349
4606
7358
11603
6504
10452
3671
2321
2156
8202
768
3820
3963
12534
2230
570
7389
10871
6833
2242
5037
4766
7706
4683
12559
10039
12021
503
4891
5577
550
2858
8462
3559
2881
4847
1342
4749
1728
1015
7595
369
10387
8561
8022
8123
9897
5279
2200
12148
5516
7553
6134
4594
5311
2422
4589
7760
6963
7107
10023
8338
9244
9915
4659
7191
11610
7856
10580
6779
10870
3728
1593
12903
12894
11291
9165
7960
9636
2348
12261
9235
11450
11120
11164
5044
12950
1060
1511
8031
10531
10088
1979
10193
10066
3572
8065
3946
5073
7500
7911
5523
7770
5565
6134
1677
12684
5046
7097
3735
11124
1956
1026
7794
1847
5054
574
9670
8383
12233
1025
11151
260
9210
6541
2251
2977
3312
10129
872
2807
10972
607
7379
814
2489
11876
611
12987
11714
9603
3890
3582
12400
4874
10826
2005
177
11545
2243
2985
1927
7518
12192
5098
12307
10635
8148
9597
8830
3300
9087
3408
5200
3123
9249
1743
10814
9055
2524
7553
794
7204
8356
12296
8978
10026
3773
6033
10846
6201
10496
262
3089
9559
7585
4166
1558
3599
5797
5786
10578
8386
8963
10902
12752
1039
9524
11548
845
610
11256
1183
9523
7519
12268
11860
5969
6508
5544
5728
12455
12084
2660
5373
4936
5097
8333
3545
499
4535
7449
503
964
12036
1948
11904
5943
2268
10250
7833
4143
382
11263
9864
5355
10898
4725
12588
4792
12601
5043
4726
7761
9688
10769
4566
58
10735
6579
9310
1637
6871
7867
9117
8950
4819
3760
3378
6545
12719
7941
2654
2955
7676
5543
8761
5840
1408
6798
6006
4573
2508
6413
4252
2427
11772
1335
1984
12261
80
361
10260
4961
3264
7023
8233
12924
9490
9705
5119
12138
9103
12072
381
7727
3700
7792
2116
6421
5969
3617
8644
6934
11856
11783
11449
12693
12701
2463
4511
492
180
7517
10405
4768
4654
5418
1979
1645
1106
2107
9914
10529
7865
11244
5363
1957
12908
10807
12978
9125
3744
1295
2984
4337
4179
1520
2286
11550
9916
7146
7452
3095
4874
10533
12790
7186
11344
3885
9570
3619
11556
5574
3853
1023
11364
4635
5111
5656
5980
4697
9829
1423
8264
2819
10979
3449
6344
4676
9112
7172
2233
10140
10813
8012
9954
5938
5154
4337
8702
47
8833
7341
235
6778
6051
12524
536
8710
12171
2984
5076
9842
12497
8675
6117
6495
2615
4561
5413
6308
1578
2668
2172
7523
9733
7542
6451
10237
642
10631
1861
2128
12585
7225
11234
9310
8480
837
3794
3215
12985
5065
8039
9543
6548
4537
865
3142
8326
4613
7193
4998
8307
10007
3923
4409
8721
1038
6845
7928
1490
5888
10850
1164
5194
8753
755
3579
5820
4297
8721
1723
10729
3740
12139
6586
1835
9363
3944
3983
550
12033
8835
2123
11685
6618
7074
12545
628
1924
12855
3329
4032
7696
6263
6560
5722
10513
12917
3283
8148
4492
7339
12583
10612
4344
6836
6332
4069
3136
12227
2430
11781
1250
7891
288
5281
10381
10522
935
4614
12359
3964
4567
1543
6573
5772
11325
6101
11035
7310
8626
9496
6105
4754
4899
342
12732
11166
10936
1034
3838
5807
7188
4753
11342
9055
2295
12500
3975
3840
5210
5801
9825
12144
6463
2108
7516
4002
10859
4542
3725
5042
9598
7655
8468
3894
2253
10306
486
10664
4207
3202
461
9409
12203
12772
11842
12078
1421
2617
11164
8035
12131
2581
2350
701
8497
3934
12405
4855
9866
7027
762
5895
2252
9054
5724
7630
9908
7285
413
10012
9669
11456
10528
1704
8719
22
12420
881
1579
5697
6757
7293
9531
8015
1059
4162
5380
3263
3865
7779
8704
4607
818
1705
8043
10724
9002
11954
7606
10794
10414
7889
6074
5358
3910
6906
8049
3638
3931
107
11103
11302
5811
336
9612
195
3331
4138
11913
7732
2613
843
8391
8273
4664
3275
9570
9169
2431
12129
5292
8925
3567
11494
9614
4982
634
10777
2033
12944
5719
2772
11450
742
9419
5796
9815
9649
12435
6264
3165
12331
5650
10888
6966
5917
4236
6108
11200
8045
2186
944
8771
12257
6609
908
6459
11014
7467
11773
3371
8814
3845
4708
11712
7422
12040
584
12635
1826
10464
4564
10305
5210
1886
1934
1394
475
10557
4768
4556
12331
12477
10661
765
7805
2448
4728
10853
3005
11471
5785
2802
10222
9687
9965
6092
5914
3004
10712
12932
11013
7279
286
2937
3639
4009
12176
8894
2480
10930
1037
10770
1722
5961
10110
10266
1061
116
8445
10762
11438
7633
9270
6881
5593
11995
7136
4321
12401
9685
3667
7839
7903
3072
9036
7324
8427
6764
4591
103
490
6127
2522
1361
2275
6736
5468
10602
6654
236
1761
1844
10012
2442
774
3015
7573
7488
9060
1241
7933
6267
992
5754
4087
1827
1206
5036
8070
11682
2136
2595
9384
12180
9532
11045
6484
3073
6894
3877
7733
7398
8833
7604
5877
7370
12511
7750
11058
5815
1925
3601
12775
1255
1569
11972
5336
10517
4365
5724
76
1978
8601
12633
7327
5350
9577
527
832
10003
4673
1725
7332
4535
9513
8323
9694
1202
866
11569
5194
8494
3202
9856
6886
4271
3941
5363
11290
10146
4741
7961
12745
9684
1166
10262
9077
2634
4114
7577
6328
12978
8321
10532
6248
8172
10997
7350
10438
7746
12081
5369
8269
5921
3610
3299
190
4937
3608
11897
12636
9620
9003
4036
4326
3934
4876
8725
3275
4241
2514
5770
2335
2481
12752
9592
6903
4570
11984
5241
1170
3631
657
1939
4717
7397
1256
9169
650
2139
12796
672
11074
9312
9451
8257
7548
1232
5113
7550
10000
5338
7852
7661
4807
3892
11384
8508
12495
4127
10432
12136
9324
5166
3477
8490
969
7872
7927
1933
2001
10507
5223
12651
9493
7654
10204
10640
1018
8387
9357
7240
9101
9832
12952
3086
6773
10259
12913
12208
8340
10784
3540
10303
1560
7669
7567
210
9083
10136
6804
12615
4187
2228
929
11793
2486
7952
6517
1727
13000
11550
750
7804
863
7621
6374
5908
11452
12652
6146
6319
12649
12135
292
1629
6626
5392
6339
5821
8424
10039
7003
7599
2070
5672
5246
3493
5139
5799
2750
7410
495
1696
12194
2501
213
175
380
9602
8072
9829
51
7045
11500
4007
11421
2962
8805
3351
6384
77
12776
6853
8125
5244
11811
8271
1896
2782
11356
10386
7971
172
3130
10015
9220
10361
4978
447
237
2161
979
1545
1555
1663
5599
7609
7983
5073
3695
10384
4177
11163
10167
6287
8092
8117
5378
10999
1452
5885
6363
8014
11469
476
4165
1574
10932
12937
5728
11284
2718
2290
10117
10307
10710
3786
127
6675
11153
1581
11210
11477
5511
4975
1368
1711
4041
8778
7016
6302
4736
6976
5053
4377
1515
7823
4020
4325
4333
8060
2237
7176
2014
3592
851
3634
1734
10274
10960
6704
7196
4506
412
2726
4613
4550
11822
12861
4579
1920
9240
8292
5162
12709
9160
12382
7060
3328
12618
3133
9109
4108
9435
10127
10657
11147
3481
2857
2787
6575
9480
7337
9014
2565
7573
11283
10575
387
8215
8331
6650
8144
7623
2902
4392
5261
5396
7089
11586
6416
3494
3947
6490
5174
3721
10970
6720
5321
400
11771
10763
4692
3839
7448
5953
378
182
7857
11342
4022
4738
2024
123
114
160
10256
5536
11964
6107
11947
8140
6876
3486
7000
298
11617
7135
12741
10433
2897
2212
1437
10295
8387
5383
9438
8030
12382
1983
7114
10875
6024
1526
8010
8354
6883
1636
6881
5551
12468
9144
11737
2631
8357
1548
4098
1765
5304
11495
688
708
8792
486
4322
7328
7605
12698
8547
5366
5954
1259
2981
250
2162
7691
832
12898
12111
10719
6101
2286
1802
4450
10409
6513
9157
4088
10384
5386
10001
2859
309
12783
6480
11895
9711
11820
12989
11703
6858
12021
6844
10672
4372
12797
1462
7150
6872
6910
1508
3233
3674
1157
4055
2489
2173
6562
8413
7326
2703
11757
4170
4749
6886
6637
9816
11432
7535
10854
4061
76
5127
12640
5841
9000
4205
3932
5855
11061
11726
3120
1736
6698
319
2144
10173
6334
1589
9482
4268
5712
8498
7644
7964
4152
1024
4143
920
4274
10234
3480
2361
74
7330
6147
1956
10087
2884
6258
1871
7827
12526
4665
12531
4189
12173
6610
3991
7655
1736
3465
6263
9994
8452
1788
7871
1941
12301
9792
9441
3174
6814
10992
51
9756
7049
8998
622
5328
4696
5713
3068
8392
4611
6976
8214
11
12385
4110
3616
2491
12238
11699
7882
8666
3956
10799
8482
8054
10869
2414
12252
4491
4086
65
6839
5681
12855
333
4760
11188
563
8972
9841
12668
12090
10076
4244
832
1002
10476
10822
10455
5223
3951
3344
10864
10410
11312
10864
12509
11727
7911
12405
5966
10203
2732
5726
4063
6467
11304
5554
6383
9475
8316
11407
11211
7352
8963
1007
841
6170
10237
5759
738
6841
7000
537
7147
7126
1313
1000
4675
7675
500
8553
5844
4489
5774
12457
4896
9299
11459
12483
3154
8313
12154
9528
385
8982
3150
6353
2841
12599
12174
9100
7928
10797
1095
11086
3676
9226
3555
5413
7401
5549
3538
6792
9335
5710
9462
12416
4636
2781
8899
5538
11886
3083
11530
129
4553
8050
6660
11596
2009
10539
11973
683
4011
8116
1188
11934
9941
1901
4572
4726
3464
10601
12619
7976
38
2677
6751
9330
5283
7074
11935
468
1625
9564
11091
11047
4966
11838
444
9348
12416
6505
10747
7127
1407
12357
10206
9310
8997
7384
1151
10904
6554
5853
11496
9932
543
8764
11926
5943
4305
12576
2454
670
4837
6648
11533
6337
5074
12034
4232
2417
4496
7170
8248
1809
9146
11383
11670
5664
7689
678
12434
9757
3942
5896
11985
12551
12850
12631
11357
2828
7175
9446
8790
585
9123
5249
9673
7042
2320
6067
2479
11152
3113
8766
7666
393
2453
11006
4657
10017
9377
8778
2306
8112
7673
3361
688
3174
5773
7493
4705
4626
3568
6076
4536
8451
12430
4644
4548
9723
6904
3430
4763
4473
300
1473
684
4164
4189
2358
4936
4462
9187
5218
10412
4116
1646
1497
9327
8452
173
6047
1290
11499
1425
5221
6131
4199
643
6141
8187
4427
6831
5559
2954
7271
10201
8687
10143
959
7894
6900
1572
12445
4256
6164
6854
1164
10415
9360
11399
5544
12128
3413
12673
12269
1213
3636
11029
2758
5166
8003
4196
754
7900
8069
8566
7952
4173
8186
10792
10873
7314
4677
11891
1251
3316
3309
11532
7122
7315
6642
2045
4364
2762
4817
12136
6569
10925
11244
4210
11098
1173
5808
1246
12278
6552
5699
7281
11923
2142
4151
2804
11435
1998
2029
7690
8088
4145
4391
3230
8622
3250
12167
3362
368
12457
5195
6340
2690
9269
3828
7485
9325
11178
4221
12407
8532
5173
4387
7761
12185
10943
8930
11293
3992
11256
314
8508
2020
741
8615
11759
3556
11516
4176
12270
2765
9154
8317
10909
12216
1136
8479
789
11247
315
803
4193
11366
2019
10003
5429
12907
5857
7816
7654
11871
11809
1084
4061
5397
10107
763
993
10627
7967
11704
118
9619
12351
6925
1527
127
2758
4785
9592
5078
12024
4438
647
12898
8970
12054
3557
4862
8756
313
954
10194
6754
4776
3723
1828
8417
2432
5567
1228
7999
9299
9999
9345
4310
9352
3775
11425
9902
3450
3545
11738
8456
11417
10791
272
1427
7907
11455
7788
8123
11098
4609
8025
11649
2270
2544
12296
5337
546
10925
7081
829
11490
12298
3559
7615
3942
11325
10381
2787
11823
6684
6195
2671
7279
840
6205
8770
6766
1502
4272
12674
264
641
170
4038
1707
2505
9930
12177
12776
10368
2250
3605
7606
738
2368
4506
9918
7633
10647
7225
1315
4142
10217
9438
10453
40
10149
9303
5982
12195
1957
2224
12554
11286
4103
11624
6795
10698
10839
2733
302
1448
6693
12279
4685
1368
6891
4687
12346
5462
12990
1015
8818
2614
8658
11770
3725
3869
1087
7034
10342
9019
936
8547
11380
4346
3952
7065
10350
658
7410
8741
3079
7012
12429
1717
5023
5825
8823
6431
11410
6390
4932
6987
10125
7449
8381
10897
11641
5662
11230
9440
392
11171
3210
5461
10353
8603
9997
5265
701
11786
12855
6294
12032
7189
12234
10452
5271
1809
1363
900
8856
7353
766
6197
9982
1145
878
3759
5081
9303
5334
11671
7470
672
3126
6298
5242
6132
3309
12307
7197
3363
2139
6334
7345
11172
1173
11514
7605
4674
2812
7483
1697
6659
12334
9796
6997
12624
9879
9494
9310
9123
7075
10547
2801
12264
3331
6464
11587
1026
4512
11157
7777
12627
5425
11448
6269
2585
1550
10690
4760
9263
6287
5760
8484
10861
5187
11801
2849
6291
654
10712
4425
5899
12975
3220
801
5898
6389
5780
2816
8698
2196
11183
7130
9843
2744
7681
615
3100
6933
872
7726
614
7252
8698
6245
5928
150
353
10592
2224
12604
7135
214
2756
10726
1192
713
2361
3418
12252
12658
7425
6580
7322
5430
3779
145
12249
10837
11514
10771
8484
11021
4694
5295
1433
7296
574
9532
4235
11891
10590
2169
1669
10803
1643
2295
8979
6499
12063
6417
7482
12808
945
10131
11931
643
4026
11152
11998
21
3477
12010
2994
9609
4974
6313
2636
1985
521
8554
5601
10513
4356
5936
2648
3922
2319
5533
9659
12176
8019
11794
12224
4251
2012
9143
5905
8898
2433
9015
8722
9771
10851
3110
12992
7134
514
7301
8859
6806
1899
647
243
6204
12333
1681
2685
3806
1075
3757
10460
7558
4858
302
7700
9631
4863
1143
7713
12475
5511
2755
9727
11572
2323
8164
4440
5873
5069
8712
3989
12967
6163
9052
4955
2837
11111
4114
6904
6311
1423
8203
12330
3944
2460
34
8177
9676
9051
6003
3262
12218
2344
84
5042
6576
11901
2129
6930
2581
11561
11159
7694
4979
1010
7347
12700
12784
1616
1279
959
11537
5800
8163
2782
11591
7008
6113
6528
3277
3734
11363
11459
12995
3607
3141
540
11126
10917
5041
839
1475
9941
3735
480
1129
2196
12131
12229
4774
1314
11104
7142
11811
8323
12218
12375
8459
3671
6367
2939
10903
3768
5393
1222
12176
8346
5419
8061
4743
2986
1724
8234
1541
10591
9094
3055
6452
3403
12931
3026
8592
10518
10256
12051
7302
4132
1700
8921
4770
6058
1572
7573
3798
9314
3279
4027
10167
12525
10730
453
6667
12138
3881
4567
6242
9588
1695
7213
4266
9250
5107
1260
6518
12992
5165
508
2181
7869
3369
10916
999
11614
10065
2569
6472
4582
8482
2396
7931
4765
2007
2126
584
8423
8530
12651
4609
3769
3120
4075
1386
2280
8452
1967
8701
4326
10991
10928
3706
1424
5661
5891
11551
9181
1567
2826
7936
1323
1841
4500
5215
1368
9582
2263
9253
5929
10962
85
8217
5036
1463
5356
2841
10537
3529
10032
11714
1989
8601
3251
8461
822
1839
6179
1478
2505
1960
8587
5464
2728
1071
10893
11955
12039
6232
782
10349
1816
4169
1593
9535
10146
6461
9058
8837
4907
12938
9173
6253
10282
4488
11443
5607
1908
7365
9485
10078
2071
128
11958
11358
11688
2981
75
1615
6370
12870
3909
10548
2867
12483
2737
11495
9687
6169
7231
10378
4656
12081
7830
2252
3031
8937
549
11696
12823
11898
7493
5647
497
1360
3292
3127
10136
2425
10845
3613
5100
9007
290
12363
12651
6736
3473
7307
5691
6040
2775
233
360
7925
1277
6087
12080
681
6864
1916
7126
7556
10854
8458
431
3934
11175
7233
10379
3608
12508
12557
8734
2259
4274
1930
12699
4248
3952
9195
797
5758
7015
4700
10476
4508
8647
8828
7314
9532
1944
6048
2136
11431
916
9126
4021
6788
2360
8996
1855
7366
10104
11729
10536
5560
3231
10900
5804
1441
5045
5985
12611
12709
2826
4952
7012
9105
417
609
5983
2767
11378
10888
6403
314
9993
5958
11206
7903
4590
11929
12528
6478
8810
6050
5358
769
4492
7683
6116
3107
7417
10356
6889
496
2878
6218
9579
3621
6028
12593
11978
8592
7263
10964
6172
5313
4896
6687
10249
3526
9449
3554
2372
10722
556
9625
9927
1752
8342
7833
6664
4102
1458
9993
11548
2626
3006
12135
8323
1226
4362
7561
4763
10666
6568
7766
6544
8624
2876
4
7571
5209
8585
9771
2624
12391
8871
3642
3790
10524
2995
11538
6054
5131
2664
12144
164
6209
5138
10852
10707
3549
2477
6492
7866
5768
10360
11645
9068
9513
7761
12184
7144
1233
2264
9715
886
10515
9256
9098
5377
6878
11679
4953
8028
5644
4481
6851
10635
1955
7525
4279
3764
10259
11468
9967
12740
11511
7664
2252
5382
5668
11164
10981
4510
6242
8137
1911
9463
12647
5072
9685
3770
10592
6311
11735
12929
7750
586
7569
3006
404
6416
12901
5247
1698
4020
10312
1010
2934
4655
5005
11074
10233
6639
3408
11655
1474
280
2634
1392
2514
1611
12272
8771
12451
7224
6182
4023
3946
5486
12561
11375
734
7472
8391
18
3391
7308
9259
1884
11667
12976
3473
324
5828
1913
3940
12280
8351
10985
8598
6967
419
6389
2006
10589
7152
1186
1122
8999
3333
2182
4241
3233
7019
5528
3700
10662
9718
917
1125
11704
12656
9850
11490
345
274
2834
5434
4523
10028
11692
462
5997
4031
2125
2236
9511
5355
3967
10500
7042
1438
11472
8525
10463
7404
2940
5777
12376
12412
4340
6415
7848
7310
12013
1555
5693
324
11182
7450
8942
7819
12118
12347
12116
3286
2879
11260
6828
10006
9719
6221
7085
4079
6688
6897
2573
1008
12188
9043
6696
10733
9912
7134
885
6801
1416
2384
11938
2684
12565
1864
10625
11713
2111
1986
8686
6121
9660
8244
1359
4672
3241
2260
4331
5281
8897
11609
12602
5412
8577
10469
11203
557
11867
490
4675
6721
3498
6987
1658
3018
305
9896
2061
11355
5968
4317
4978
1384
7506
4774
7987
1216
8418
8590
951
11812
11698
2800
1101
9925
3452
1127
5055
6587
5574
4710
5955
1205
10767
12971
5554
6397
12415
6465
9024
11528
1449
4159
8822
7654
11134
8504
11474
3364
11173
7597
1511
5570
7521
7750
8434
10440
9247
9057
5254
8576
5067
7334
7398
6135
5805
10345
6043
11995
3293
420
2256
724
6889
10342
1609
11423
12472
4006
7363
8628
8569
5815
8007
7585
266
8306
10887
8252
12030
7908
6289
1294
2358
9345
4289
4438
5023
8802
1012
8182
7143
6924
10497
3760
1794
9841
3410
10826
9842
5811
8079
12089
10616
9891
8941
8965
11505
1715
9360
5479
5948
2235
5123
8303
3619
6697
506
6689
6234
7340
12362
1279
1676
2834
1841
4091
12310
2508
7988
3046
6691
4190
1574
6039
4453
1383
9153
3767
4971
10335
7529
11613
9992
12008
8007
1316
8106
6153
7373
9811
9584
7992
2151
1822
4923
10834
8272
12438
141
12639
10599
3210
4064
6091
639
3174
3095
4979
6165
10647
9384
3011
8336
10220
4938
208
12791
2675
9242
6223
4424
5209
908
8652
8505
11017
9423
4948
1937
5312
5997
2759
4197
12269
4083
5415
10428
10385
2713
11793
5045
657
7663
1661
12684
6395
473
5994
4107
4794
7648
2904
6649
7538
10027
12363
4650
3532
11676
3382
7917
1009
1299
2737
5512
2141
10103
4602
10177
6964
9543
5263
5315
10477
11596
10168
11253
6882
9264
7244
1897
9275
6154
9444
2214
9017
10188
3315
3650
2912
6562
11174
1295
8906
11315
687
6104
8064
11803
8127
1318
4120
889
5961
3816
4873
4014
8484
10188
2066
2598
3370
11971
6107
9051
12049
8079
7679
7509
12490
2302
8491
8397
5121
3484
3878
12874
8190
6806
3436
8038
10069
6362
3371
9617
5804
3639
1730
4550
12668
6620
12086
317
388
4466
2191
6784
2352
6146
7482
5864
803
12268
7845
961
12420
5417
10762
11097
1030
11626
6201
6962
4426
563
10425
7157
6107
7646
7013
9674
5533
3254
2619
1286
2495
6913
1122
2001
9660
10027
5260
2347
8945
10628
9500
5322
3569
6673
740
7471
6547
1663
1293
10569
12784
1349
12371
7378
1206
4755
12224
3169
117
9223
4413
877
2134
12809
7422
3024
10183
3658
3839
1042
5871
11269
4608
12450
10446
11770
10481
11021
9557
7723
12005
11761
4174
11683
11834
706
6620
2766
1176
7246
7694
369
7698
6521
11496
6972
12851
12714
9275
6137
5699
8529
4729
1941
2597
12628
3533
7281
11104
5316
10737
7590
11434
8988
1614
7521
7373
9737
8701
7361
9442
7580
762
12821
8530
4172
9916
321
251
2495
11335
12221
4506
6230
442
10871
1959
131
5806
1243
11956
6656
5526
6527
5952
10805
1102
946
7047
5093
9911
10234
181
2130
5297
2821
3889
4190
11421
3422
9704
5806
239
8098
7912
2322
2708
2142
12407
10084
8841
11085
3731
12473
10208
1875
11998
6107
5032
11378
11963
5327
195
4090
8456
3085
12644
5560
8646
10354
3301
2019
6656
12688
6224
4988
6747
1258
3348
1485
10933
4366
1945
2537
7977
9206
2444
7641
2521
11597
1063
10664
1983
6504
5995
11199
8432
5318
620
7523
3393
9126
8422
1682
4136
4743
2116
2518
2747
11036
11485
6428
3664
1124
4031
2527
8453
476
598
6447
981
109
5485
10858
5359
12594
2588
2566
1664
6491
8986
4205
6393
3982
6033
4218
1536
5192
40
5321
9448
4507
2657
642
11982
2320
8040
12328
9829
10929
9119
9124
4950
11860
3644
6624
7034
3190
9257
9529
12930
2337
6024
6712
4266
9074
11645
2431
11057
7444
11824
8694
11558
9711
9662
11159
3791
6635
3723
5929
6058
12259
8738
3139
1759
3652
11169
3356
10516
12070
63
9880
6251
7199
10176
12376
2839
5934
12031
10782
12434
7929
8380
12037
1856
3636
10868
1103
295
5468
2513
5023
1598
1736
9208
800
12903
5130
6324
7065
1563
4980
5909
7444
10320
471
11999
2277
4449
3888
9335
7371
8841
3534
10788
931
9816
10818
12364
10148
4370
6628
6515
3677
4272
1251
2686
1650
12100
12452
11025
4199
12382
536
7127
88
7106
1758
10299
3463
14
10961
7258
7416
10055
4077
8540
10995
7625
4908
3098
11085
2442
4146
1946
12881
3652
9841
5879
4977
10514
9924
11636
11386
10611
595
7752
2068
8782
2462
2413
730
11808
10840
835
11435
2276
10802
5420
10626
2388
4521
8117
661
894
1936
4691
2279
10965
11386
7530
12649
700
12763
187
11406
2651
5443
8412
6866
12241
5726
2202
12524
2563
4962
4637
4526
1143
10222
1070
9307
2314
7132
7331
2031
6638
5697
2290
5248
11099
2705
11917
10439
5219
3814
1661
11791
12438
1581
11254
2401
11331
2261
2725
4461
1849
6748
10954
3266
4018
2809
6161
12956
6165
902
7558
999
2244
11661
3669
6369
7847
3691
10350
7923
1933
4333
7483
8266
10622
9118
1970
6353
2203
8270
11769
962
7064
7012
7598
6511
5022
6356
6723
4069
2287
11524
2332
11580
5289
4887
1606
8552
7950
1814
10776
9938
12523
7830
4628
1747
10691
6467
10854
6163
866
8463
4658
11806
7690
3772
3058
7854
7864
4410
10356
7434
11748
2728
10612
9758
198
769
7531
93
2184
8710
10711
7603
2021
9832
7871
10640
4585
646
2627
9879
602
6021
5358
145
5542
8056
6711
3991
12361
3070
4709
8214
2301
3076
9099
3277
5834
10751
5431
161
9628
10399
10388
4319
10205
8719
170
12234
1438
4910
9790
5110
3864
11004
8552
8749
11735
5765
10174
2337
11483
11518
3907
11190
7
11270
11020
5303
2552
2733
384
1852
6114
7310
1375
946
3571
5287
6739
10969
7888
4694
5396
4323
10965
6447
2950
8301
1015
2573
4064
4963
314
11167
12993
8822
372
12894
7747
1854
9591
1802
2763
11279
9975
1783
1796
4125
5739
147
6107
1329
9252
12170
11003
12922
11668
9936
8023
8363
12615
1087
1464
2687
813
3168
1061
4669
90
5714
11130
10870
1720
3309
11744
148
7206
11045
11318
1637
4206
7034
9653
12196
11153
7305
3899
7440
1058
4417
8498
12526
9179
3665
1462
5696
6925
2333
7079
2317
5663
11666
9859
10470
10594
7149
495
6121
10859
11093
10851
557
4499
9435
11445
10973
2632
12533
1966
8547
3013
5302
5504
2897
9624
12219
11720
12546
3933
9804
7950
11661
6069
11077
8257
7001
7297
6721
10366
9945
4186
8786
4932
936
12658
1405
12280
1102
4110
3755
3655
3494
4968
12914
5626
4269
12098
12861
11218
6270
6782
6137
1325
10138
947
4918
11523
4903
1068
4674
3951
4608
4523
6532
34
10258
930
1733
1654
4042
2480
10699
8332
3804
3880
2607
5881
4866
4672
4266
12666
1189
6305
1131
1102
9969
2114
4592
12650
11583
10705
1829
730
5765
8916
11198
3777
9008
5568
2239
2251
12200
1837
879
11869
9057
1989
12558
1601
4219
9239
3914
5100
11789
5722
12363
5760
1342
2963
11364
6374
7821
6882
3024
11939
5809
2946
1762
2771
2161
8676
5674
11399
3265
4799
4439
10512
4514
5556
12758
934
1823
4226
502
842
12235
7052
7801
4115
4487
4387
2602
7410
9229
4516
755
1946
1054
2353
7280
2682
8692
2560
3199
12820
2577
10517
1531
3118
7127
11545
1002
82
6348
4586
11465
2153
6662
396
6616
10697
2748
2649
11952
5433
11787
5742
3034
7285
7802
674
10291
5864
10290
12928
6528
3763
8528
3211
6982
5802
9957
2498
3850
12560
12104
8655
2576
11197
6797
12478
1174
1662
5410
1890
9963
10922
10184
7134
9502
2586
4889
1873
7620
12787
4707
7761
4952
11656
5260
1718
1221
10529
1534
7695
3915
8339
739
6581
5864
3426
3522
8113
6459
12749
2009
5943
122
2702
3531
667
8845
1495
6493
2670
11199
9384
4720
11907
5610
9375
2338
12964
4598
3267
3748
70
1000
5469
5515
739
7284
9883
2719
691
12804
9466
5024
36
9739
8826
3208
7816
10998
8436
6934
7910
7945
11490
5308
5296
5879
11236
5441
3780
3356
6184
7898
4288
11723
8037
3232
1765
9540
6362
11229
3569
5367
5043
174
11165
3674
6534
940
9093
4947
3688
7372
5880
5949
285
2013
8931
2308
6779
8460
7641
3664
12965
4333
9018
8411
1309
10102
8412
9384
9499
7059
10406
9714
1722
12057
2858
5658
5171
11843
11312
5988
6194
2742
4100
7595
9227
10494
7324
8586
9707
7896
10620
4696
7296
742
65
12812
10828
6541
7624
2824
10913
12053
2510
3428
11662
2770
11967
2266
12865
2474
6271
7661
11835
5290
1891
5131
2807
1998
10317
11213
10354
12775
11173
4553
7388
12673
10930
9110
8130
1328
143
1681
12142
12566
8482
3995
11785
10679
7162
8295
11729
4497
8598
6585
3675
5548
8974
10682
11685
7979
11118
6600
10997
1774
11984
4059
11183
6683
11829
6604
10559
11977
5895
12750
5826
3234
6530
9610
9556
9522
2803
9733
6918
381
6430
323
12747
7876
9582
12199
6127
5218
9331
12323
7827
10620
11883
2681
1478
12518
1476
922
7793
12529
10686
8933
3753
12018
11044
3510
12739
4816
12433
3858
8597
12411
247
9693
10771
1315
9763
8922
11503
12100
10274
5346
849
10069
433
4362
188
7185
4790
9553
8092
4561
10292
2198
11385
5229
8959
946
3309
10830
1645
3175
1021
4962
12624
5278
11536
5922
9944
5807
12216
12354
11342
7931
8782
7380
6191
1478
1489
8499
6325
283
3231
11371
10615
12709
12646
6683
2286
5627
9002
7174
7537
8341
12011
6615
7228
3948
1162
10567
4016
4374
4491
7267
5752
8107
9288
66
2742
6957
3025
3724
7018
420
6931
8021
9615
10564
10040
1128
11051
2719
4864
7228
8387
6557
1518
2851
2195
5131
6923
3792
11469
11716
8426
3021
2330
12625
839
10057
11704
8496
4135
3702
12422
12951
4661
5792
7525
6077
559
5471
12521
2859
7137
8183
8969
8726
1942
7548
4532
11045
4429
8219
3814
2430
10955
12720
5979
8323
11231
5392
6561
10144
3344
4675
9158
4712
8609
12189
6246
9796
10240
10418
4899
6961
10414
7604
6439
7188
668
2476
3953
7176
11393
11899
6676
2941
8919
10308
4168
4579
10719
8047
11581
6488
1029
5959
3567
2330
6607
6693
2148
651
9473
261
1569
11432
7576
12199
5638
10723
12071
277
712
8310
10192
2778
5829
1448
2663
7487
11812
6131
5769
3260
12486
693
9096
1969
10401
614
6646
10271
8268
7607
3539
10827
7626
348
7062
10960
12353
1279
4909
4342
9347
4157
9044
9680
5899
7440
6684
11934
7117
9153
10742
11910
9616
7693
11027
1242
12826
3986
2727
9939
3262
1216
11855
1493
10936
12486
9011
8154
12672
8172
10613
192
3560
6818
2892
7140
6095
6790
8045
11492
2106
12697
12534
9715
9252
6267
1577
1061
4929
5174
6325
3517
4775
9087
8288
2031
8561
12168
4894
1334
5217
1320
2895
5537
8029
6467
7808
3537
