12599
3946
16080
15286
15277
17868
13673
12514
16382
15792
2787
9164
913
5722
1203
17063
9693
1029
10908
8264
3682
3281
15208
14148
5727
7104
13078
17226
12982
12380
14918
13041
9512
1747
6861
4586
16748
17362
11694
15032
12333
13236
5825
10147
5300
9394
731
14946
9793
7798
10514
6700
13935
10102
3008
10429
4761
12476
26
3251
15091
2508
7112
16887
4209
11694
824
4858
9882
2964
9959
13276
9165
9111
15217
9618
5716
15460
2211
1734
9064
14921
589
12618
9258
8477
12364
448
10820
1436
2391
16459
8871
15825
17281
9448
4315
11331
8456
3492
2868
11645
1438
3762
7756
17674
7954
14078
8691
805
5249
7965
6298
5875
17345
12044
4221
14439
1290
3012
12258
7834
1915
1539
15023
17305
10166
10973
11157
12508
17174
17216
7498
7691
3536
348
14168
1237
6906
2064
750
4964
14092
17289
17127
4796
16904
5139
1861
16310
15258
17222
1615
7728
5716
8974
9679
15343
1527
17218
7415
15865
10767
8669
17528
3947
4478
8094
11803
17593
12108
6426
12570
10159
16700
4687
15866
10867
11456
11420
3386
8330
8565
11172
8363
4006
24
9750
15287
10457
9705
13189
1847
3780
14365
5024
3159
885
13188
11172
15241
17266
2010
2060
8849
8104
5616
4510
4121
5189
8324
2707
13469
3153
8721
12705
9687
15990
2955
2073
2930
1262
1689
786
10462
13415
10553
11497
4957
4082
6446
2426
17276
17252
10624
7271
17653
17695
13671
12763
3346
17087
3359
1475
16264
7029
4227
14175
6532
10959
12695
9332
11004
8905
712
8075
5570
8106
10167
9510
3962
9141
14185
13563
16961
17568
2637
12271
10587
16884
5269
13189
4191
14665
11094
3752
1718
11172
4688
2833
13676
8996
11493
16163
14309
17768
227
17570
10774
14377
2375
17436
2823
9626
6031
5879
3112
6445
117
16243
882
17146
4822
7484
5038
15713
779
4951
2549
11627
14811
4896
5958
13122
12092
12280
15782
14940
8292
1178
3457
9961
15084
5572
16268
4656
16633
13359
8139
3134
1138
6303
354
12276
128
10934
8614
595
4395
17870
9424
17447
1310
17915
11077
1828
12893
15099
4226
875
16376
4337
17897
9022
10442
14249
8833
718
12127
11061
6621
7611
2234
13092
11934
11223
2166
16098
12098
9776
640
10920
10316
13192
4049
12375
8700
5103
17487
6420
7798
6420
9478
12396
4925
44
11548
708
1481
6244
7046
4569
9621
12252
8201
4963
5705
16414
11443
5129
17252
13227
6029
5539
12712
510
14054
17361
10214
11737
10251
2860
11725
15293
154
800
12945
13009
15723
6033
8149
4042
9581
5724
7027
13579
1513
2313
13672
13433
4552
9544
13157
2932
4745
15489
15115
11411
15829
5886
9200
17856
11658
9963
17967
11374
1492
15409
1503
649
17703
13129
3881
920
13890
17054
2745
15716
1654
13708
2684
5857
13327
8794
14404
8813
4967
1082
9807
11456
12809
16691
8036
13880
11685
6281
9309
1431
8822
14260
11521
8927
3037
11006
12819
6454
9265
173
1138
10995
4842
1386
16641
9243
10391
2625
16021
1995
1983
4294
1011
3484
1667
13189
8815
2337
7613
8799
9759
7111
12848
6050
1023
5400
9556
16419
13314
2351
16501
5067
14417
4651
17750
14975
833
13268
4629
2945
5228
11898
17018
9739
17540
11623
1302
6435
2427
17054
17720
8272
5930
4374
5963
13436
11149
17547
10273
1242
16587
4655
10193
2372
8340
1292
11917
6038
124
2073
12569
6973
16915
1181
7720
2688
6086
7531
1343
15807
13230
2917
12511
15105
3715
5609
15251
6362
1579
10142
883
2147
11952
789
14749
1917
16663
3856
3030
7665
6922
9681
15980
1057
17007
9746
14024
11394
7165
15938
9812
5054
1869
1818
6425
4353
6724
4976
7801
15854
16652
10285
4611
11041
2300
16451
13136
14528
14103
15028
14896
14505
15848
13113
1389
2647
17510
7329
12913
2120
10717
8681
16971
11773
13772
15396
1816
6625
12528
17771
13103
454
1115
12898
9407
16474
7622
1151
15695
5734
4750
7053
1989
17093
7873
9499
13497
16093
2562
1496
10225
11005
9778
15442
14721
5363
10633
5484
4627
16677
6509
2938
4667
16024
1474
1745
11970
14123
7219
10942
11781
12934
12282
7091
10766
9563
15646
10136
10642
2765
6073
6086
17633
1998
17573
13477
16997
4488
805
10883
10218
3132
8188
202
17672
1580
13188
7113
4457
5667
16303
7598
6269
13978
13748
17012
5294
2860
10281
2224
16355
12653
11905
489
3547
7197
9374
13372
7381
10750
7035
10633
282
12879
14251
9680
1775
2174
7222
7974
15043
15049
7483
15344
5102
14833
1890
6473
14438
7804
4574
10305
8937
13427
16332
11255
11257
17802
2272
3329
9313
12290
1410
7847
13121
10299
6
2050
3673
4069
7919
1718
17876
5447
1115
15152
695
15945
15332
12126
8666
3678
3369
14948
1507
1359
16924
1546
2470
13384
14084
5831
12563
6993
17337
14174
5025
11179
9257
10465
15120
15161
4703
5131
10575
1468
3474
2663
7427
14278
11116
16696
1834
10485
5660
7248
2136
10958
15702
3463
17100
6192
16767
16931
16920
13081
15292
11613
17049
6080
11486
11333
17282
7972
10001
12466
15220
6255
2145
2045
9397
17619
4503
4057
15097
10493
7014
669
13587
4771
12016
6900
14482
13021
6898
14650
15384
4135
12993
12187
4540
17552
10182
7856
7874
16309
7544
17489
16674
17412
13481
2981
7971
12416
15361
15912
5199
14363
12182
4380
15725
11161
8348
2216
5065
15023
4181
9074
1171
11201
8801
7130
3243
2256
9331
6532
17326
13267
12854
11444
10113
15810
17827
12546
8382
11462
17249
8504
3228
17644
6478
1976
9819
14740
4231
9666
9502
9568
17217
4081
16657
16421
11590
17641
165
6504
9831
9603
11694
15222
15641
4269
7345
17122
3055
15995
899
8947
8838
9522
7003
13099
13637
2251
6304
4066
16842
8799
14927
10622
351
3110
11449
5247
430
12845
15670
6800
8982
3485
10546
16322
9492
8326
14896
2566
15839
158
2968
6052
1891
4037
10784
368
870
10517
839
17754
8325
1928
1590
13511
7892
2725
129
14087
13709
13849
13475
15610
9305
8333
16358
13393
4269
14925
7214
5748
10113
1694
17391
5899
4817
2074
4384
8131
8601
9851
3933
8641
13933
5248
11685
9619
17427
12673
12418
9332
14729
2557
9994
3490
14134
17691
14373
17436
7138
1420
7868
125
2366
6679
6601
17566
13600
10925
7004
11651
15087
10629
5479
12211
1440
14982
15376
2639
16117
9279
4960
8267
14821
17604
10956
10338
852
11436
13530
13485
9010
14571
16291
4225
11053
2045
10586
14122
9171
16138
4963
8177
3193
1731
14778
14977
930
12164
2770
581
10337
12670
6331
8855
6337
7923
11336
4537
16701
12935
4544
17764
11558
16746
13001
17327
15797
9424
538
10080
10335
15724
2239
2074
3050
1240
13384
14912
10192
3900
10395
3821
10760
3371
6768
774
12229
671
9226
2726
2236
14258
10991
14996
14192
12174
475
787
8479
12523
1442
6804
16732
9726
3710
5245
6180
10540
7757
1381
14266
14587
5773
6857
12933
5341
10963
7574
2316
17205
17811
17436
1273
4361
14900
9319
3664
16376
9039
7389
17632
2919
8271
4696
14040
5679
2399
9409
862
14732
6082
9447
5813
1388
6586
17549
7834
6722
5196
10802
9676
3243
2296
15647
2749
9770
2939
14363
13330
15013
17601
13781
9459
14939
3926
6727
1610
13326
856
8403
15062
7056
6919
6331
8253
11036
4569
14151
17802
11559
11929
4419
3546
4698
14556
12216
17906
8853
6450
13744
2207
12038
410
13689
7787
9526
213
10474
7502
554
14329
1643
2733
4945
14610
10629
11107
1136
4448
3259
7490
127
9909
10540
4181
2820
8752
6628
16118
8655
1188
10154
17982
16292
30
1067
10194
10293
7850
8127
504
6327
13895
2384
12360
9861
17350
610
9454
13679
10973
15831
7183
16708
13884
7152
104
9116
5795
15437
12965
4797
10210
6344
9803
14289
14767
7937
8604
16393
5885
13710
6084
135
14156
16444
16831
3176
6054
16009
7394
9845
10664
12752
12374
8966
12935
13708
14862
10380
3807
12979
17965
4807
2617
8661
9466
6491
656
9104
10192
4427
15102
11952
9164
16508
12351
2414
8317
5269
3645
13508
12068
11813
3080
14024
7006
941
17490
4727
10904
15260
9907
16252
13150
1658
1055
8796
3591
437
9382
4904
5373
7503
2458
16774
12941
3493
6394
15401
14537
371
10021
3657
16256
5640
15075
14244
14380
10672
11993
7479
72
13739
14437
6223
6800
2024
7252
3254
14503
936
4344
8440
7766
7649
8280
4852
467
15214
16222
4947
15465
1142
5735
3413
3862
3576
15907
6415
2205
4533
4947
10881
10087
8376
3524
16959
15464
11123
17689
13419
14389
506
14744
14715
15875
3690
3964
5630
4266
425
10177
17393
14439
7359
402
6760
15454
11859
11240
9809
4245
16283
871
14573
943
6498
18
5120
2196
3821
8853
14920
5372
9673
15551
2675
8333
17603
16744
11689
9418
9365
6995
16407
5579
10558
12274
3546
14179
3915
10136
8444
17559
12787
16240
12481
14242
984
9483
905
5719
14016
6451
16132
9744
4361
508
5981
5489
11830
6522
16071
2983
14134
16120
7536
8103
14386
7357
1240
8099
3818
8203
13875
9560
6669
3905
5895
9145
4545
17247
11517
1398
438
10448
2084
14364
7601
6596
201
15452
6748
12539
2520
15152
557
5059
17083
13679
6313
6602
3118
14775
17771
16633
9386
9663
11373
4029
13371
12869
6511
4233
17060
7012
16217
1830
8541
5003
1553
2898
5677
6097
7821
5158
12216
15519
10748
12365
5386
17632
13824
13586
8398
2199
17862
14610
948
13323
7836
2056
13764
13106
17079
14358
14498
9008
4347
10595
3095
4840
9369
3473
8619
13741
7641
16746
16611
6753
11459
5060
3625
13353
17731
13348
7487
3612
14127
5022
13611
3751
8218
15524
6399
4895
4717
16630
7068
13628
11425
11930
3503
3712
1018
14991
3290
9252
4227
16175
16753
13437
7672
3447
6952
7143
7683
11740
528
11069
11648
14479
144
2425
12928
4311
16325
4696
1588
3120
4613
11348
13707
7850
13822
8514
8597
1969
8916
3152
2751
8828
14622
1733
6497
4321
12576
6238
11219
3478
11388
11411
12229
14011
15134
13166
3748
1277
2513
4724
9812
745
17683
5751
8758
10776
5416
16834
6404
7301
6890
7316
5786
3798
5071
8777
2868
405
6314
12670
16833
4348
15667
10956
4371
6484
15192
13567
9314
7753
5164
4233
1704
4162
15449
194
14735
15585
14219
4897
15894
3188
9653
15548
12409
5929
17855
7070
8536
17672
1382
3929
6644
14563
1189
9815
149
15667
14760
4987
7678
6347
4235
13231
9677
8213
6872
7649
13178
13807
15346
3049
6357
6698
2220
620
14707
10398
2284
14321
5041
5737
5260
10069
3042
12809
8010
7424
16450
7397
13451
4427
15710
3470
97
4182
4606
11552
10993
15435
12460
15540
15510
6344
7559
13825
15577
14631
17875
12751
4306
15115
5322
92
1126
10404
2843
6879
2793
3511
8415
9813
1297
17310
17761
5041
502
8077
13627
12951
16929
3444
3769
12505
7035
16475
5823
16686
10586
14254
12378
5590
7524
1008
3390
6608
8194
2586
12766
1162
14487
12277
154
4375
16861
5088
17899
656
9922
14869
10426
15670
15652
15012
10086
2263
10264
8939
2805
2309
9417
9929
17664
8729
10360
8016
1414
6039
9736
3601
2615
4062
10569
1541
15137
2625
16361
6670
2935
17107
10241
16235
323
9439
10168
15224
8725
8979
9829
7817
16146
17367
4373
4057
7709
5176
4961
5522
5284
5994
3677
4161
13483
6148
10126
6595
5537
7374
12064
9259
16850
14881
8519
6608
5627
1830
9176
16548
52
17166
17351
10568
8635
10873
1973
10121
6471
11698
15433
11055
1490
14543
6144
1174
2751
2034
16185
15081
7518
8840
7737
1836
15530
3842
4025
13708
12286
4985
6458
454
3772
9878
13203
3881
7936
16041
4704
7793
15348
8677
470
3941
10107
17905
548
3286
10071
15322
8333
14392
6493
2207
10220
6918
17587
2363
9330
1301
1354
15576
843
183
1897
14165
5942
9891
141
5664
9402
5155
17441
7072
9173
14724
10407
8819
13238
6645
9965
8227
17059
841
11718
16267
17438
7035
3450
16886
12431
14061
10670
5114
2942
2561
7208
1703
10126
16465
8993
8660
4986
15939
3738
8898
3751
15455
16549
6964
13575
2477
16867
12500
9552
12138
14557
253
11769
6775
17709
8515
4746
15105
5529
13793
12855
5311
12534
8152
15943
11174
3371
4067
17749
4757
15779
3138
14879
2279
76
2713
16837
1325
10098
12578
1521
556
7651
8008
9920
9522
3478
1948
1523
1422
2784
11754
5260
13338
1723
16291
14098
15296
1536
5427
4757
14240
2816
9860
17951
6447
14162
12567
514
11061
2837
2137
4797
10924
3376
2340
415
17601
15682
8126
7593
8992
15330
16853
14524
5093
2226
6830
16145
11313
5153
10471
17154
5444
8732
7231
17130
10114
2843
7622
14786
8486
8095
868
13756
15385
13612
12206
8094
13173
5940
12031
11704
17427
4868
7573
10464
233
1260
4978
10925
16099
2953
6889
15064
716
1937
4025
1824
17741
12279
14406
7447
13364
13340
2092
6367
15634
13046
17453
12472
14740
845
6194
6440
269
11554
17445
1098
15510
17168
17725
14687
2668
11518
8524
9193
16365
147
6070
14405
4714
13499
14496
8740
13153
16372
1242
2698
747
7184
3106
13784
5525
15144
2258
3122
7818
17772
1358
7469
11050
15847
69
12627
17581
12465
6273
15255
3073
13549
3765
14147
6731
11782
10960
1250
11979
12340
13324
10613
571
2973
545
9578
239
8536
6378
4579
11489
6375
5322
5465
742
15054
9060
16805
15902
1015
2867
5469
8698
17779
11754
6775
9562
16314
6377
9432
1163
6532
2594
4566
14149
2838
7558
14185
9442
17006
17090
14631
99
14017
17932
17903
6661
17624
13164
14993
4724
5877
11993
13527
15827
3477
8439
16194
11279
12020
1593
11309
16468
16484
15998
10520
9241
12822
16118
15016
10495
2344
14752
12076
2583
17482
1594
3945
7830
323
9301
4022
4379
17629
3889
12684
1502
11944
14628
10032
14555
6750
13857
5404
11351
10638
9832
8067
15191
17863
10752
4018
9319
9201
15587
1165
2485
1158
7915
11649
5879
12197
11693
15550
15230
16263
4064
7471
15450
1846
12355
6181
10856
4752
285
15326
17192
1071
8147
4912
2410
17633
6495
8149
1404
4728
4358
8460
17515
5856
11749
8057
3354
17660
6655
16307
3438
10496
3721
10125
7347
2994
15822
8280
12152
8853
6018
11925
14110
12087
6633
8049
8977
5656
13480
1730
4888
13502
8255
9537
7199
16570
15573
7508
11115
15508
12436
8912
15690
17526
1766
7624
15756
13790
2553
11204
4052
5849
9401
11303
10195
11588
1280
15271
15003
8475
6794
12060
6913
7434
8140
4202
4097
14577
16340
9232
14331
3177
5320
8829
5522
14126
598
15583
3242
14801
10703
10598
5122
4353
14665
17491
6211
11174
2481
4405
11628
11897
7432
11362
3168
11991
4855
280
7654
2128
7292
11048
5400
14777
10571
12148
5521
12513
9998
5181
15654
772
11513
16221
16841
13759
13233
2865
3817
6183
17059
12671
1440
7663
9615
17583
1692
11430
13253
3603
167
8162
16033
9343
7005
2488
3171
3468
15824
6622
14000
6326
1334
12217
14443
4369
17752
4048
3915
9622
7215
11254
4322
14902
12127
2328
5588
6285
7722
11851
15632
1085
17963
17625
5778
7585
863
16642
15427
15545
15512
2708
8591
15999
7347
12309
9418
10164
9870
10642
8553
5178
14199
4274
8940
6288
15756
13849
5374
16775
11954
17451
16036
3938
14946
17531
7024
15558
823
472
349
7892
7259
13374
1888
9396
13357
256
14535
922
8589
8862
10445
16831
5950
679
7548
6065
17313
5153
2804
12464
13701
9851
3314
12421
13760
978
17955
13943
2399
17041
14825
9699
15532
6582
9497
9683
7953
12386
5413
6803
7610
9973
2474
10252
5781
7835
6598
13505
3644
913
9971
1872
3119
256
10178
15888
10053
3735
6055
4658
16161
4552
4777
11982
1487
11918
3567
595
16882
7458
17165
10173
17913
4844
14284
15562
15975
7214
16018
6158
14147
2193
12813
1753
676
17207
7467
15857
620
8138
4388
3744
3489
4303
14493
4232
6994
10889
1199
17128
5132
7944
12705
11094
7860
4134
5996
1947
12702
4561
8632
2912
4102
3759
17844
1025
16076
9284
9598
9724
16734
394
17864
12009
15586
15214
9832
9408
11245
15659
5097
16615
4280
11785
16697
17680
2342
13187
5009
2683
5741
6111
3979
16136
722
17326
10522
9083
2345
8598
593
8503
10059
12620
9636
5669
13266
7725
15876
17877
6708
13001
13720
11937
1292
16757
7773
6712
6407
3575
7533
8609
312
3530
16989
2855
3393
10912
10755
910
14281
7065
7132
6110
9286
8365
16542
16607
10228
15806
7646
8754
10833
853
14354
15185
15508
507
8530
598
12612
5146
17598
5857
17188
16202
15332
6774
9155
5257
12722
12720
8572
1861
8642
9448
1319
10191
11991
13467
13054
10070
10242
2947
15715
11663
9668
1134
17812
15355
3236
10367
7060
1319
6540
5230
126
11089
10279
5269
5536
17127
10232
3722
16257
12258
11092
3457
9101
17418
4887
15754
519
2447
8695
12438
11531
14097
9049
6182
17482
5845
6001
948
4789
1924
16967
3434
13028
13253
4410
11586
5783
9303
4388
10026
10421
5955
13972
2430
6781
4677
1631
11951
16235
14041
11037
2734
7626
581
5232
11102
4941
1776
6400
15939
5545
8743
8085
6283
6144
8719
1447
4070
17565
6904
187
12407
3993
5106
13728
12000
4187
6391
12155
17753
3660
8614
16820
5885
17061
9592
6108
12832
7235
7159
13621
16691
15751
11227
2925
13767
2217
16566
11472
1853
4335
310
13189
4113
8705
12266
11638
435
11588
15666
9653
6089
15637
14948
14548
13242
10539
6314
3214
4310
16861
1764
4752
3607
16944
5051
4907
10230
9454
4780
6355
11210
15490
15109
3426
12980
15388
8076
3908
12455
15799
13593
2084
2214
8488
754
4883
12563
4600
4308
10041
2827
4972
14858
13252
10745
765
1050
15252
9590
16618
800
8910
15581
9962
3223
2931
12745
13737
11508
5066
8697
5863
15082
7309
5264
11794
13268
2734
17843
17092
12096
14188
8717
12450
15661
10916
7416
9431
1681
14499
17174
3216
8415
12666
12884
3377
12520
16628
4881
1586
14410
6189
881
4181
15300
6153
12235
2523
11701
1118
10392
12976
92
8140
2214
8495
4689
4592
14885
1343
4681
584
4218
6890
18000
2816
13776
9769
14931
9931
16395
12328
11512
5765
7772
4406
7368
7106
11466
12043
6094
9463
14466
13468
649
3492
732
737
7454
5270
10612
2861
13974
5820
7775
903
11145
5553
1744
1973
1659
16008
7962
17590
15415
3902
7556
11137
7576
10147
16875
1139
8884
6115
6839
2505
8736
15175
14939
1172
1759
8109
16020
3739
9614
10406
4094
6929
13799
4859
11312
3868
14200
3803
8817
15243
2785
2347
487
10489
10750
2266
9950
9807
9238
17381
11900
4648
3995
4833
16251
11953
4103
5435
1139
13556
17933
2563
13157
6323
11776
5576
9939
14130
3257
14810
3469
11507
12050
5288
16376
8295
14659
4941
8038
9249
3195
5805
10219
8621
15224
11961
1160
4844
4134
5435
150
9751
4908
1050
5065
14709
12092
7546
7639
7558
519
15306
12273
6474
6014
15390
15865
5523
150
1356
1367
15937
17496
7811
14220
15125
5736
8692
13939
8549
1201
17727
11613
16189
15751
11113
5550
7997
2799
11377
9244
7233
3378
899
9796
910
11801
6568
12307
16732
2690
17607
11515
13873
2793
4520
7139
13121
9404
409
17211
9589
3962
677
8873
825
11559
1529
1000
9167
8577
7208
14538
14559
14160
6574
16401
13964
14915
6173
9298
9302
7660
9062
4273
9764
5404
7358
3694
4895
7897
16761
13988
10710
15873
14281
6409
15219
7401
6224
14406
8818
14705
8389
2506
5275
17747
5775
11373
2675
457
6625
12221
9274
2268
281
11192
8164
1127
5871
1351
15852
4217
6323
7664
13824
878
5910
11381
2340
1086
15731
9381
7413
1014
11570
15343
5532
1552
1471
11941
3587
10091
5892
17031
7249
3300
10254
6250
12707
122
12624
3395
5297
17053
4949
13959
4137
9351
5588
15654
554
13065
2751
4391
6772
6585
5359
7537
15296
5337
10177
2248
827
3315
42
15697
4939
2985
2960
13221
8426
11259
6827
9576
8276
7514
3365
6618
9087
1822
1265
4003
11624
2831
2002
14480
8812
13335
739
6410
17344
8158
16074
16583
11812
3116
4054
10176
10585
5666
1959
3520
14893
17971
10746
7582
269
2746
10253
10018
14385
7545
2660
8650
11661
11440
10277
1094
11334
17839
14715
15597
13246
15471
10508
8147
7953
4029
8507
13095
12257
14309
3542
15415
6400
5422
11960
6537
3146
5525
11634
11052
442
5647
13396
12613
16591
1661
9636
3263
15748
15742
11757
3551
8094
861
13565
17376
2557
5675
2447
3933
17613
3827
11959
17052
14369
12322
2788
9733
8987
7780
17200
10447
4875
15612
10224
14292
733
17911
10591
15395
6240
1089
11281
3911
15918
1442
8846
6007
1184
1765
17325
5896
5743
12065
17338
10893
6803
1470
10750
13630
7150
14329
14683
14945
7641
12873
4919
7467
227
10885
8371
12816
16639
11006
2278
13694
13697
16464
2711
5942
16106
9126
7420
4316
8965
13375
378
7142
16973
2132
8339
16762
12328
13115
7686
6356
9068
14056
327
2549
17950
17246
6286
4238
3647
12504
12885
13749
8022
8502
9624
8873
2689
10060
5468
4038
13420
154
2215
1122
6799
15290
698
10248
1882
7623
14853
11536
11640
6789
11317
607
14679
11198
9912
531
17470
5072
1920
15421
4800
695
17452
1900
870
2955
225
15275
6990
9901
2614
8660
3729
3801
7428
11143
15391
320
2348
15256
4614
3323
16289
17875
15696
9083
10333
10767
9047
3571
12002
12229
10347
13886
5080
16281
10552
15342
3857
1161
4275
3693
15647
77
12904
7819
17223
602
17568
7903
680
11645
9122
2404
12535
16259
13180
12294
15756
11575
5752
7646
8845
61
5780
14814
2040
3605
7475
13750
15902
8592
5909
12154
6473
3408
2270
1571
7124
15094
5746
7824
13176
13132
2445
14341
16133
17480
5303
10381
6756
5257
4671
8607
624
9508
14639
13093
6230
11191
4036
16698
10491
11685
3650
698
1978
3058
13888
4494
14281
7324
8376
767
13589
15608
10794
9836
6337
4005
2998
721
509
968
9535
13743
14763
8345
12679
3197
16414
4648
14182
6750
8242
17905
10577
5642
8954
14257
227
8766
16369
14739
7195
3736
13843
7668
6521
3633
16718
780
10705
10622
13892
9986
4597
7598
1318
9991
8392
6978
9294
16398
1321
6711
12123
1183
915
12086
14923
15804
8501
15932
13836
16329
11161
15443
4176
11322
4447
16973
13953
8773
10504
6460
2348
15969
13462
6184
8970
15284
13833
17375
8343
1585
8273
14346
11558
13299
104
4885
3051
16882
9290
4089
16872
2260
2877
13319
10721
12298
246
12965
9226
15314
3944
11948
9501
14894
8832
3035
10755
977
7122
400
14416
8388
15916
3812
9243
6445
8155
3869
17645
13911
14696
5869
15611
7906
3011
8006
5312
12703
16286
13164
616
11073
10306
15707
2626
17971
3503
10650
17536
17427
10162
377
15470
9220
3482
8994
14903
3598
8801
14739
11474
10922
10991
13707
213
2987
2513
2084
9105
11163
15347
15283
5090
11426
16650
7878
10684
714
17020
15344
13771
3516
17583
8745
17523
12522
16168
15139
11591
14
2603
15377
8078
10459
5856
11586
4460
14418
3017
3674
8571
5511
726
2115
8343
15660
17782
1490
8399
10606
16527
5308
3756
4632
6434
17884
7567
13078
5092
14928
2560
10011
14389
10154
17053
12133
12529
9920
7858
11982
9950
1716
14503
11405
1793
7175
10168
16160
1528
12732
14577
6003
6800
11674
7840
10249
12440
1018
2643
7071
16234
5016
16735
6697
11857
8821
3639
9935
15594
8332
17325
8180
2537
10257
1507
15721
9920
3160
863
1192
13608
17179
8188
7581
9496
5505
12895
7266
14647
9385
17184
2847
12262
8708
1389
16656
10627
2186
15644
797
1096
5124
4205
5185
4849
13154
6648
6954
10548
9373
8725
5650
3795
3718
15900
5244
383
17130
2173
8707
5282
15099
11206
6405
3952
11035
7866
6615
11826
12936
1367
11581
15474
17482
12549
802
4810
13606
2288
16199
15290
1314
3867
17599
3124
14313
6432
7789
11187
10746
14733
4916
9876
17453
10223
16292
8364
1139
5817
7069
10195
11166
16947
7306
15940
2315
12929
12546
5973
13652
151
7338
11061
8929
10339
11157
16782
8957
13499
7606
13302
15773
5665
12730
17012
1991
13023
12271
7732
3312
15977
7799
8795
2243
11455
9494
17665
7427
16148
6367
8738
12273
15633
3860
4212
15572
10771
7560
5402
17140
12215
4988
4782
2841
1880
1331
13400
16593
4983
4093
1902
11819
6689
17501
3239
11663
3105
17312
8922
3451
9690
16808
15140
165
8180
15817
4758
13331
3267
11783
10863
1568
8539
16780
2791
13951
5899
9025
3063
15595
2502
12632
13657
3362
17176
14980
10117
5703
14023
16301
11279
14835
8795
11262
921
16850
5180
14723
15455
351
7518
5155
13712
5772
1398
16751
3723
1899
1592
6516
4028
16792
17417
8068
3718
9932
3608
1036
17084
14831
1807
3055
12968
3331
17727
5728
15254
5236
4106
4822
9305
3512
12614
4251
5937
5735
1657
12684
10014
16118
1946
10670
7667
14406
11543
16518
14797
14845
1204
17431
6759
13477
5548
3983
6964
4712
15334
6753
12206
5031
12768
4346
337
8820
13806
3893
1175
2031
3670
15293
16245
17147
8133
11537
8759
1615
16003
353
3528
8754
10785
5922
13022
6102
2735
11205
17092
17528
9085
12522
4892
8794
10180
13363
13288
3426
442
10014
521
10974
8320
15732
1156
2898
17376
7931
14189
11831
3412
12679
1195
11493
1445
13206
2875
7882
4868
9348
14655
10391
1400
9187
6082
10218
16595
7646
2955
3733
14724
16179
6247
9486
15863
4606
10939
4027
8053
1020
1349
15096
11920
2576
16648
15859
14974
3017
3313
16362
9797
8911
17629
3228
8813
17780
17704
10542
11244
2375
5336
5023
686
5215
17331
15137
13715
1930
7304
5046
4785
8815
14674
2105
8007
4399
3248
15859
10646
2503
15127
192
2252
16140
12847
12182
10722
4482
1120
5254
10617
3724
10370
11695
14141
11580
15503
10624
10279
11693
13110
2268
24
9212
8543
6006
10426
14898
10415
12622
4752
2084
2686
6683
250
15056
16846
6541
3639
6379
4950
11483
2132
4818
13913
7928
3763
10218
3048
12840
14551
7375
13528
4035
2891
13403
1840
2712
7461
3935
828
17931
15308
6370
15246
14916
6940
8632
4208
11095
17113
5845
10212
7902
5683
875
7588
9903
746
16682
17055
3935
7858
11884
844
994
3463
8629
987
15957
3373
9574
5457
9283
14731
2874
6254
5034
6051
10385
13030
8882
16802
211
901
9003
14875
11309
8987
2441
6427
17010
5936
9503
15174
3793
14961
7818
12520
8787
3882
17785
12822
10642
8445
5773
17562
688
1376
1529
12494
9300
10566
6197
4996
10835
9497
2934
12372
11030
12201
17061
919
7060
17735
11076
16212
7400
10827
15270
1713
8475
12504
8825
5469
2651
17633
17336
15177
15477
9631
3502
3211
5480
13803
1752
10900
10280
11670
7765
879
6857
6706
14970
13535
1207
12152
14802
3658
8936
12192
13728
9479
4341
2806
14376
3211
13784
5231
15376
1215
15765
14757
8207
12816
15362
13436
10748
11232
17487
1276
16024
12542
14938
15852
17133
5914
8481
7652
17605
14036
6015
9489
14487
10045
8053
570
6100
12556
8296
1714
7260
9311
15284
12736
6618
11155
15138
8782
10414
9765
13011
13011
11693
8494
729
8119
163
10608
6138
3861
15491
10425
8810
15813
14905
17746
10202
15589
15914
8545
15721
6093
445
11070
10979
2279
6644
12143
1506
4653
555
15736
6354
16488
11441
1288
9298
4980
3839
12901
5545
10662
7767
4356
16082
2440
9693
17069
16340
8524
6065
7699
9963
12584
12977
8037
9368
9413
12407
3136
1969
11914
9782
12111
3601
16349
8625
17420
16480
3342
8785
14938
1737
14210
6321
6275
1143
5316
7316
12908
6417
3926
5925
7282
12601
8807
6921
1491
17763
1625
15221
12140
2855
3119
9945
13436
2384
11273
4564
11940
5784
5051
6433
17811
16781
3495
7877
14597
16911
3047
1651
12587
15668
7546
7042
1550
5301
6910
8520
14929
11853
13929
9612
9137
15682
7301
12177
2229
6690
13086
6966
1716
15545
497
8387
14736
1176
4933
2650
1172
15571
11926
13610
8027
96
17789
9905
14322
16168
14919
11828
14071
14572
2940
16983
2630
15316
3073
12416
9968
2701
5672
1766
9892
14711
12225
8842
6504
14692
9011
7882
17830
15706
2660
6254
11570
11588
4639
4954
4104
12854
5839
1877
1383
10558
10540
7803
14245
3938
6497
10104
2072
17062
6397
6193
10489
9252
16536
8681
9535
16730
13815
11073
6689
10681
6519
4068
7967
5824
15333
1037
5952
16168
16355
2962
2572
14616
12949
11610
17820
7699
3695
6780
7433
1808
3287
4674
16426
2885
3115
15462
11542
7961
12651
17352
8273
2392
12787
1545
10464
3433
10058
7501
17585
2375
16909
6575
14330
12579
11362
13608
3536
13351
7395
4427
538
14583
12823
12448
14472
11400
2016
13897
10799
15691
7370
13757
16961
598
13633
2625
8636
291
13371
17582
10153
3411
4594
6468
5190
8380
10191
15991
4135
9785
15725
11483
15365
8037
2685
3090
15123
16026
8935
15861
14237
16729
383
2145
15020
11609
16571
13486
13355
10931
13292
7915
16560
10724
6939
9452
14597
12698
16266
13845
13281
10114
17808
10931
3627
7750
12410
605
12253
13826
16676
17205
13707
17486
16855
15490
3233
1055
8140
8337
6272
14087
6110
10912
5255
12873
2237
1264
11609
11121
4478
539
11227
15045
7035
1834
10561
7629
13910
5059
2948
17348
811
11320
10500
6309
17543
6019
17255
14372
13040
15879
6272
1079
3481
1917
430
16901
16681
6739
11165
14694
15730
15715
704
13573
9942
14595
14820
15122
165
8532
7675
4364
538
9688
15744
6370
13465
3719
16166
11751
9378
93
618
6002
6227
3482
13717
1574
15731
7808
1073
11766
12631
1221
3544
15038
8104
16020
1061
4400
16120
581
6883
1689
10205
8096
2403
16637
12532
17650
12849
15912
15043
3698
5209
1516
9574
5942
15029
6587
12634
15625
2433
9589
13213
11859
13196
725
17979
8707
8102
6152
11022
10160
6381
4985
11024
12941
4645
6646
12037
12611
2357
2490
7273
8988
8279
13400
12254
8281
5155
17864
7678
10255
10011
11050
17054
6047
1392
1216
11403
9775
14495
13086
540
9196
6317
16124
1757
3406
8020
2258
3823
5562
917
10198
9611
14615
15049
16567
13709
6436
17953
15477
12905
6825
2968
17899
14058
9553
15840
13549
1158
3109
12075
7678
8381
1861
11763
16821
2794
6865
17335
11059
9219
10396
574
6094
9694
10550
8399
3481
16252
2823
11705
15114
12987
11728
52
773
1469
8108
17866
7678
7982
3989
2581
11629
16627
16890
903
14353
12134
12322
1088
5803
885
6298
7640
12170
3348
6567
14089
16072
2149
16910
1728
8026
6039
10155
16695
8246
6379
292
4910
4653
1466
7074
10087
13867
2702
12550
9263
8075
11287
3102
15429
1511
3079
10524
9771
120
58
17143
7375
15193
6290
5041
14981
10805
16556
15581
7360
12316
8960
11
13261
11201
13170
10205
14702
7337
12000
3686
8579
9849
9604
11712
17249
3316
7041
8582
1272
15972
5766
1722
16666
4251
8930
4792
4862
11074
17011
2319
14646
14958
82
12433
1956
16741
1184
10413
2869
8831
9238
17662
13323
5007
3191
11475
7512
9796
1930
7696
2350
5163
15043
9136
6897
6996
8914
2201
16377
1349
13862
9356
1920
3976
17952
6186
10738
14920
8332
10705
1409
4380
7170
13609
14689
565
9895
13529
9018
1994
2946
8803
4898
10136
5448
10309
236
768
767
13516
2292
3197
538
16825
14761
15664
6370
16587
7961
6307
15751
8012
3285
9423
160
14635
11859
15677
7414
12986
5956
4441
17544
13054
16876
9332
7263
6335
4360
11878
15781
5353
10388
1459
9268
6605
8711
10733
3489
11339
3992
7576
11723
16026
1137
16937
17333
2022
7751
507
7604
6695
5741
4599
8824
9227
4976
17237
14005
6058
16703
3588
1379
15961
9590
15365
9839
13622
16684
6602
3386
9623
13636
6331
1121
15609
4842
11426
9413
7567
14954
10901
16042
5861
9187
17223
6783
5397
16150
5301
4536
1
7622
7688
4719
6155
1359
16523
6602
4765
14477
16860
10263
4304
4463
9250
1915
12734
10136
11274
5006
9089
14312
7162
3562
1861
15062
11012
882
6402
8962
10796
11701
3876
7415
13599
8252
8538
8215
4234
2939
14568
2105
5502
5221
629
2762
14666
17176
8044
2936
9720
15363
794
13493
2570
15721
3782
3511
2953
6222
583
3207
14055
6947
14170
14769
17361
7862
14120
8308
6233
10682
14191
14945
3649
8777
154
8281
15657
6155
15026
9554
9477
16463
9984
3655
15333
6286
1713
4396
3894
9220
1344
4887
6972
2247
10534
6332
16399
2365
13111
4900
505
13284
7685
1604
14831
15846
13858
4442
17492
1414
8996
17742
16829
14944
594
13840
14613
15113
13961
456
14898
44
9055
1421
9751
4831
17630
11123
265
11380
11021
9338
17039
14287
13641
14017
2689
3199
1013
1729
16552
14270
16553
620
2343
11080
15060
3576
14022
5779
9493
3849
17397
17506
17719
15822
15013
2523
5982
2818
1457
10817
15449
734
2068
1921
10468
14409
14299
12296
15052
12747
9112
15822
13719
3738
11055
15501
4132
6822
14242
11129
10550
17126
5810
9078
16451
2997
9578
4431
11631
10563
10250
274
14666
10433
8555
6612
14500
3448
4480
14993
4942
15496
14242
12299
9926
5283
16213
9108
8941
6088
11210
4725
8055
1410
4462
3932
15683
17568
12281
4216
10156
8322
2328
3693
15521
8885
14099
2286
5825
17902
15960
14849
4474
15157
5355
4323
17822
12428
4817
10219
16818
15695
11544
10770
4080
15035
3372
4200
8810
9523
11288
3626
13050
9350
6735
4706
2961
13651
2620
15409
5781
13464
936
13124
7660
13359
17967
4754
2816
10974
377
7694
1167
12589
13662
16154
9140
12196
11879
13574
10155
1873
8617
9995
17222
2185
43
519
8902
1985
8480
12385
11717
2819
13055
897
14012
10064
2409
11296
5208
3502
10767
264
17770
10774
2471
179
6069
4581
11228
5181
2864
15024
9063
8599
10930
7237
247
8321
557
14788
16122
7098
7261
15321
296
1655
16487
1621
10125
9279
15010
8722
11237
16819
2414
181
8946
2878
5668
4381
14000
15855
390
11998
6632
9470
11054
488
6435
8813
3330
867
15626
4399
14271
5942
16581
15449
1019
3606
4461
11535
9707
5069
16460
15915
11061
15288
46
9647
1262
11618
8820
5930
8982
5406
6385
10121
14739
3850
6601
6431
5665
17031
15596
4874
15656
4491
14809
6415
10274
3085
7965
14381
1231
10556
5076
4264
14294
5045
17394
5466
3975
5927
15664
10553
1060
15331
4741
4244
14326
13015
1713
11108
3365
16951
5840
3916
665
10069
16005
17953
15662
17227
2294
15237
5307
12722
6092
17556
13238
3119
2543
10113
14551
652
14502
1060
4935
13045
15778
7053
11409
6203
3975
7526
8968
975
15857
6043
3848
15371
15335
13797
10348
4336
2103
12039
11156
14965
8430
17718
10851
7134
1289
8952
17791
4523
5910
16331
8484
7787
1686
9163
2858
6644
10016
7900
7921
15444
9894
14079
2723
17894
8419
15565
16208
14413
15562
12900
5230
1075
13357
16241
4171
516
7410
3231
13226
8132
16240
17099
7036
6639
10960
12894
11966
10669
1912
9217
3013
4142
8333
11391
16378
8096
10495
10249
12494
16732
5451
17990
11502
14152
9774
12639
1358
1869
15459
10530
9436
9457
7052
16048
14649
15290
14026
5533
11038
5855
3582
5852
6430
2717
71
5454
1607
11155
17977
15314
172
14898
13822
1155
14307
5138
2587
13321
2087
2860
3294
8693
4372
8940
1668
11359
16141
9862
1728
7892
14318
16271
776
14779
12759
1117
13137
11081
12734
17049
1811
11191
15766
12694
16316
6965
17023
3384
2993
11110
9698
994
12585
14899
13248
10281
3744
9348
6669
7369
6829
6025
5306
5264
17453
6021
15167
6508
423
6072
11937
2799
10616
16877
4782
7317
17312
3594
11239
1994
12948
6293
12932
9367
1199
11346
6921
15820
2912
22
14850
1024
14456
13269
15496
12310
12627
8241
2010
6023
7756
10316
5695
16148
937
15549
16819
10810
6815
9356
3675
17963
4840
13042
2314
2187
17796
2763
539
10712
16522
11738
2024
17044
8194
7357
5753
13867
6661
2829
11025
5667
3880
11789
13465
17865
13964
9975
3613
6465
5448
15700
482
8462
10329
1429
13747
6901
13054
9447
10744
9955
462
17141
3876
120
6702
14950
10618
9655
17781
8739
15979
10617
14070
13748
12966
16617
9265
14158
13847
7547
8269
3668
6404
3599
10292
11268
11297
1684
12588
8251
26
8048
5674
17983
17219
10283
11401
1162
1909
5432
16731
17222
4236
11347
7784
17549
1550
9062
16023
17666
15811
11509
16848
2316
16725
4070
14232
10111
11611
8000
3676
3441
14251
6960
10255
2448
13660
2725
3971
11861
13886
5771
1093
14886
9363
8663
9281
4284
7258
11699
7791
7747
2904
14398
3188
2772
16755
13966
4230
17683
17097
12419
9588
16810
9311
14158
3093
3853
13625
6704
14735
16243
9761
6280
17451
16030
16560
7575
262
3711
4382
14067
2490
11260
6080
14401
3081
2963
10223
4927
2304
3808
14510
11784
12553
10125
5150
4005
9266
7519
17517
8555
16632
2087
3944
9454
7512
8475
8598
11887
6519
16819
15516
11900
13403
4072
17462
17923
17146
10382
4876
8279
17441
8293
12453
2887
16537
13600
3617
17123
17146
3515
3164
1573
5033
4230
5808
1483
3135
748
14818
8914
12597
2937
11435
10086
17565
6468
2549
15188
14611
8370
6340
14534
17107
12421
2470
686
5136
10051
5346
15892
1309
8792
1268
7436
2273
9920
3263
2680
12816
12895
6043
12303
8019
11568
2604
3086
6791
7939
10240
10145
10053
6857
514
11372
15503
14297
10576
8544
13485
8296
4842
10515
1206
12160
2055
17573
268
1106
13752
14335
16230
11900
2425
9100
7151
2451
3674
6162
10156
4141
6359
14910
10805
4081
453
13001
3156
12530
8936
15717
2035
11868
14867
12918
17661
8814
17467
741
4585
15699
11899
17646
1464
7598
14805
8136
6875
17264
17462
13843
14898
1770
5546
5184
17611
11294
12393
6351
8281
12246
4442
10013
9988
17874
12162
269
5181
16481
11877
4262
12031
4102
9470
1071
16248
14395
16273
785
1109
15271
1344
16857
7242
6704
9415
922
12130
16259
3567
2579
4197
13712
4580
8108
11247
11241
10558
7011
13893
9358
15667
2941
14724
14290
17629
3111
7482
1953
17428
11977
9089
9916
10030
6082
15750
11176
6785
2790
5010
4164
12946
16390
6869
14997
3337
15525
15524
11015
9152
7901
852
13076
16935
14073
1983
7575
14372
13009
7794
11071
17883
1908
2739
5842
2387
9217
2336
2451
8679
17327
12493
5338
9633
8533
5403
14855
4020
6501
9586
13469
7982
1549
17602
4946
1426
10685
7205
14471
3106
17053
787
5318
7031
12367
10398
15912
3399
5110
5829
11496
15660
9980
7899
8100
5559
14456
15284
13056
14080
12999
3305
1662
4418
16891
2479
7239
10213
5385
7604
4921
3008
9634
591
709
898
6485
2659
5175
6627
16408
619
6770
3467
7138
14833
977
15828
5043
1786
6587
6369
7395
4774
3086
7286
1104
1519
2935
11374
14604
7963
14834
11498
11245
901
7644
4960
12935
12092
11707
13676
12662
12913
17267
9518
1247
3158
5841
14619
14268
7879
6233
12024
11969
11387
6015
1958
6737
11750
14734
16168
6741
1373
17629
690
12178
10079
17281
2507
555
2965
15571
13037
15435
10626
9961
3465
4910
5630
17781
14900
168
17323
9242
12210
9158
5144
17339
17090
1079
3021
13789
5431
10801
5346
7515
13277
5979
16947
13523
13046
8643
5351
7169
5260
8971
12918
11656
8092
3543
6100
5943
14959
16051
15359
11486
15873
4123
4847
14515
5214
16224
3308
14116
10831
14399
7262
5447
8765
15470
17677
12239
16626
2236
2556
4412
14595
7337
9831
6284
15203
5961
14695
7533
3522
9152
4475
4514
3050
11272
358
13045
7683
2160
6510
6258
15809
10649
6318
6955
6904
462
4788
12604
1551
14322
5524
16423
1688
1046
2176
9757
9153
6315
8131
9856
14895
3400
9730
10553
4373
11027
15062
15582
11875
6388
11060
7603
13954
7281
4974
13756
7623
13352
1162
13751
4440
17988
15174
3997
4998
12751
5424
14407
1321
16432
15354
4482
9959
11874
17790
1100
3718
2165
14782
3860
17914
11494
4722
12105
4440
846
8104
13029
3009
2890
15356
13593
5324
13256
11487
6074
14243
5334
17396
9304
12557
7302
9185
10930
9532
13477
10253
11783
5769
15634
3553
5313
13502
2442
12538
5695
5600
106
13983
3545
5383
2281
15703
3077
13464
463
240
2019
2636
3270
9261
1949
8811
2532
17190
3360
3470
8759
12727
15764
15040
7280
12947
13940
8147
11992
10265
16091
4696
13900
3053
10557
10044
8147
10629
15506
5556
6315
15265
3906
16373
1478
10081
15816
2256
4172
9235
16002
11680
7513
6503
2393
17825
12061
15559
4540
12268
976
17706
17002
6790
15020
9243
5439
4986
13182
5702
16714
3780
12381
271
6893
3654
2632
4882
10127
10052
12857
8627
5995
6171
13677
9267
16383
14907
5466
7462
13492
3251
8038
8789
7094
13647
9610
6826
1284
15851
17906
11273
16164
15839
12773
9917
14886
15282
7281
7750
4958
775
4235
17811
7469
16463
2980
3879
5402
12610
13479
5149
10177
8258
9304
4228
9661
16966
2910
7246
15775
17649
644
14809
10363
8882
13661
14695
14098
14190
2902
11564
1613
9209
13497
13631
16801
11311
610
511
16918
7933
2540
15073
16439
4931
3219
2524
13738
6455
10603
14671
13595
10483
13607
17620
2345
14281
3160
6678
3247
7173
1216
9128
17518
398
6066
4977
14155
17609
8058
7652
7362
6000
8490
11933
8023
6533
6883
10181
12948
433
7743
10184
1767
7349
17788
3632
12650
14996
388
6599
15185
17879
9199
8774
15090
5681
9324
8518
6602
11902
1240
13248
16157
5743
4826
11479
1033
8584
14743
16981
4054
6700
2299
10527
14874
15387
12745
6378
9163
2390
1851
1012
17834
955
15483
17391
545
15046
15739
11191
2792
10426
2749
11515
13952
7078
17220
15750
2107
1005
9139
1764
1207
11451
13448
2364
11536
9760
14399
12186
15650
5385
10451
662
17048
13722
14587
11731
9337
6110
7795
3342
2620
11280
3350
1653
15628
14149
13022
14573
8820
15839
17085
11887
14460
4941
4473
15960
11898
14041
6616
6591
9565
13184
9863
8050
6960
17460
6304
3195
16187
11543
6093
12804
4092
245
1991
11122
433
8950
4671
10424
11539
8556
13911
34
8712
2329
17524
16796
7161
11864
5336
11791
6759
782
9805
6909
7300
7560
7275
6638
3082
4555
14107
14440
4326
8719
15625
9765
2950
5479
3392
44
5017
13958
5535
4178
15151
5857
5937
14264
535
524
15261
15676
2474
7374
6249
415
15284
15574
9975
13806
9830
5183
17698
17435
15873
13245
14060
1171
16924
5388
1991
17382
6052
5602
8347
11256
17207
366
10717
8807
1021
1153
3874
233
3451
10098
2809
2609
8041
17384
3760
10633
708
14347
9141
14499
2042
10992
10461
6700
1309
13076
540
5338
6747
11391
6922
10658
17869
8267
456
4087
9126
13719
5585
13577
13264
13090
57
7969
11694
6145
17934
2724
11637
11047
16898
2337
16717
29
14042
4001
14009
10247
3068
9920
2642
9403
16201
13409
6086
15461
879
12291
11472
9910
15817
8985
11818
16597
6604
9258
12121
5124
15057
17914
12034
2241
7259
13406
10795
318
14290
15879
17540
1055
15181
3656
2521
13647
15026
3198
15818
15397
15832
4284
2368
8679
17862
2062
12960
7506
5001
6883
11206
14227
636
6289
3057
9507
11626
13161
9390
15364
10281
7691
13143
15767
11509
5725
13014
7282
12478
14632
10313
9027
16499
8010
16193
6418
10274
1859
2376
5293
8815
16559
17738
4659
7839
11703
14228
13767
5157
5415
5618
9927
14800
11463
5635
14930
9874
8871
24
14418
13423
14544
13094
9596
8300
15617
7038
10136
12660
13195
13116
8915
3624
3938
14435
1946
1998
1372
10392
17063
7598
15672
10085
11665
5387
1839
9525
9203
4828
10719
1381
14276
1948
3752
2443
2350
13871
6851
8042
8323
3509
9704
9164
5214
17966
4248
5963
5549
14229
11076
15239
17767
12923
14356
4825
2933
5374
4547
9260
9046
4048
10431
9550
13519
17507
3944
1548
117
15473
11816
17915
2437
13975
3992
16436
6795
16913
7374
8174
10125
17857
14136
13365
11767
13265
1624
10422
6796
4024
4220
9962
12600
5266
6359
9053
5857
2186
9798
17469
1886
6090
167
11195
7662
2671
431
8855
4536
5744
4189
11041
8599
12304
8602
8101
5549
2076
8380
11999
10313
9196
16551
8357
10615
14003
11881
15197
15589
12840
1392
7359
17987
398
4172
17191
9688
10363
438
6809
11701
6203
16248
7315
13644
5305
17768
13085
9319
5336
2725
8846
903
6611
7706
15804
9494
16138
393
12170
3649
12582
359
4320
3048
11183
2758
11922
10150
5039
9454
15407
17760
11960
16994
17926
16976
9955
5360
14999
4985
9899
805
616
5802
13746
8574
963
1443
9724
15097
9072
16261
4720
3727
9952
17008
12412
15716
378
8825
269
9720
7633
2406
9323
693
14795
9306
12400
3163
9111
15612
14224
10387
8374
6572
4690
4685
13696
16617
11955
6973
8775
8885
1398
9136
280
11932
5432
16391
13330
2973
13923
12688
13668
15669
97
6870
15850
12132
9369
3893
1966
14563
7491
12258
1113
9504
983
12828
16215
5040
3510
7868
11986
15967
7710
12954
1691
8855
9684
14140
12390
16144
11238
4095
4017
8884
3323
4310
5864
3246
10332
3745
17686
16528
14101
2871
6320
2322
561
11069
9242
9957
10096
6274
17694
11361
4593
11489
17145
12407
3045
12694
6758
13757
14536
1999
7654
17071
2447
17879
6256
16775
6234
13385
13555
13758
15516
2715
13044
16723
6206
16533
5570
4299
8263
417
591
1798
4091
15602
13068
2228
6125
11086
16784
2619
7296
5824
13138
16271
12717
17384
12713
8281
4741
1185
959
15483
14392
6078
9651
14343
5815
8007
17306
14641
10203
3922
10224
10627
233
13828
6644
5567
2112
10583
13722
14964
2800
17332
2419
5546
5832
2782
9001
16492
9970
15805
9069
16799
4440
15154
4437
17007
4368
342
5616
1505
9502
7603
4851
6042
5421
8360
17110
14547
908
7015
6364
6010
13634
6070
9433
15140
11475
13160
2261
10085
16840
4395
2001
5647
8394
5152
9511
9739
7673
9475
3605
3726
16075
616
5387
13884
10452
13755
16172
8807
822
4825
16661
45
1190
5071
14559
1610
10426
12697
8178
10289
2409
361
9258
17214
3841
9460
14949
5226
9856
5881
1302
15804
17990
17752
8352
17972
2407
6078
1748
17315
7783
5010
10713
9700
17131
16762
14696
13751
9935
8026
4026
8042
12943
16262
241
368
9047
3663
9481
15439
5671
6766
15575
5569
9753
822
10720
16769
10209
12317
8223
15234
12404
6082
14828
5752
9880
8366
5887
13449
4572
17760
5227
4168
181
12407
5858
7317
13271
13644
736
11061
7959
7322
4505
3405
6701
5542
8350
998
13908
3492
9111
8340
17110
8410
9411
1573
13838
12181
9804
3709
5516
7297
989
3019
7344
14500
4088
6677
3353
13403
10397
2333
7255
13636
16323
10927
7854
2860
15423
9877
3219
16457
12424
11692
9677
12976
4069
631
15590
7974
8571
5796
9403
17082
8486
4292
1168
14027
6868
14000
8926
14137
8703
10278
8449
7322
12601
699
15080
5348
5789
394
15692
16064
2258
6755
4912
4732
7110
5782
15040
17199
5878
10142
6876
9844
15398
1888
2317
17938
17916
14727
6962
4825
7704
5872
13425
9328
13968
13065
11774
10289
6949
17173
6432
7549
14477
17185
4999
14743
17880
4766
7901
17152
9699
12200
8813
7759
1936
2438
4146
46
212
6506
3325
10674
4112
10359
5885
3311
11059
13472
4154
8528
12871
127
4233
1340
14893
6948
5537
1621
5784
12577
1165
14639
158
942
909
11176
5119
7323
8747
10975
5258
15204
3731
9232
10347
6446
3013
16256
11117
10409
15638
16372
16008
15069
7996
7093
6370
5024
8358
16056
10140
14421
10055
6383
12460
6766
3520
9702
6430
8308
17848
14034
6189
9626
148
2147
4970
5595
3436
6455
1569
9695
17128
4876
14608
153
14649
12027
8283
4676
3360
3555
10276
9996
859
13126
1156
5513
13211
9806
11331
815
13378
7804
829
3850
6486
4638
3754
14010
13296
13126
3584
17201
5633
11318
1965
10719
303
597
14796
11977
12117
1161
5433
8422
14864
14681
2026
15945
1032
6618
16587
10763
4559
7378
14437
5903
6857
17226
2795
8975
4769
6453
6254
1382
5010
1707
7489
6971
17553
11559
4536
11597
1535
8664
2964
16783
3492
3782
1753
15075
10970
1712
14062
16095
8598
4558
5141
3072
13290
6250
5111
9894
10735
15550
149
7113
5030
12508
6501
11884
17729
15508
9659
12239
3901
15712
2336
1321
15393
4434
2239
7579
1236
13913
2031
2981
17148
3481
15928
3325
13146
11986
10062
7339
14499
11930
17377
1681
11003
12397
7832
8847
15658
7743
2468
15597
4636
7633
5100
3493
1231
3815
9575
11354
1761
10047
4176
12657
17167
5468
9827
9138
888
8135
6358
13764
8999
2187
13375
6713
6739
12746
7037
4142
1931
10747
16789
9517
9522
11844
7803
13655
16412
1726
3706
16773
11527
13623
2232
2437
1975
17075
15459
9799
8264
11794
9517
10005
13631
9619
2470
11370
12615
7194
17982
10364
6654
9733
1302
10559
5373
16039
10662
3926
14858
1536
9081
16698
7832
15247
7756
13006
5560
11197
5409
16373
3409
5651
13258
17351
4431
856
8188
1326
10972
11143
6165
4387
5923
648
2824
12930
3251
9865
11376
16716
14599
6694
14238
10352
11676
10916
17174
15316
3776
14765
570
10882
1796
8248
2388
6983
11331
584
14175
1986
7178
2685
14753
17166
2219
8377
13994
8827
1919
13987
3593
16138
12831
6142
1127
11719
16988
15395
907
2955
11404
690
15830
9093
3274
16731
12291
2415
10901
5737
14523
10941
3286
3364
15340
16618
488
16800
7979
17104
10536
15408
15644
2266
15764
8150
10708
2789
11356
2655
14413
16011
15956
13325
2981
10096
3012
844
12225
7731
5620
17932
5641
14232
4717
7786
4941
6914
2412
5278
15675
15423
8759
2717
12547
12348
4612
9482
8666
3561
4196
13487
15083
3263
11002
15001
13517
13096
10936
17714
10738
7433
6785
5217
7657
718
10720
12836
16807
15653
568
1537
16461
6584
10312
11223
4382
4281
7341
14499
7258
16800
1303
6975
2784
525
11922
16006
8431
7413
7742
15094
14335
4774
3503
7315
8961
4065
5213
3924
7327
5703
6941
11331
13592
14777
9557
16528
4741
16850
942
13576
2451
14145
1247
6860
17682
499
17795
5532
14129
12349
5779
816
7382
6861
17883
5341
14821
2486
10120
5965
17249
6429
1567
8462
15788
12668
11389
16852
14892
900
12671
4973
14428
15506
1483
11166
9061
14500
15146
13868
7896
12955
13075
3479
12761
15248
12048
504
14542
16845
17179
8647
8272
12118
2167
7984
16102
10133
8367
2629
16105
17790
17700
16355
17227
10016
12289
16230
11056
14992
17700
16347
7405
252
13624
13371
11004
9457
14603
5457
9785
7133
15457
2938
12196
9637
14433
4560
3541
4261
2851
1812
12474
1704
12730
10706
6751
17787
6878
11772
3656
14481
2505
3519
17175
14380
3832
9782
4783
4699
10908
1889
7109
16335
6140
14408
5683
11481
10414
12651
12456
9211
10226
11293
15369
17265
3349
5692
3518
7386
15456
4219
13613
13000
9897
1923
3249
6700
6999
17223
4681
9458
12836
17715
14388
4435
10642
5129
3088
3236
9958
6993
954
9454
3169
2363
9695
9406
16952
8485
5201
10100
5106
733
13328
11696
6198
16202
9729
14176
10572
11545
10854
16340
17279
10426
15404
12779
16488
16134
11246
14803
2345
9646
11679
12563
12947
16696
11894
7189
13911
9092
11237
8699
6710
7961
5567
6174
14926
2861
2392
14269
4271
6144
897
4346
12360
11758
17039
13544
7491
1236
7009
6718
4603
1277
16305
10867
6639
13019
6699
5620
9570
13479
2215
9754
568
16513
15398
14612
5879
7180
13316
914
7569
11294
10251
15334
12300
1346
11948
9654
1766
1395
3426
4979
15044
16332
6038
11019
4938
17802
8200
3254
7015
8834
17942
17055
684
3564
6516
15095
4232
13930
14996
764
363
12378
4105
10800
2607
11198
6941
10878
5445
12981
14387
14638
8298
8758
12879
12317
15206
4893
11539
12574
2888
7260
11429
2146
15365
12151
3639
13140
8299
8552
8980
17727
7320
15773
14716
8191
13081
14506
2030
4896
13314
2029
13300
14092
4053
17229
1754
9948
15037
3962
2127
12178
15001
1317
10723
10148
13703
7524
341
8516
13747
17971
16299
11465
11583
1480
11284
14311
14675
8993
905
16103
7060
14198
14431
13489
9928
1113
6770
1943
1867
1570
15075
13823
3698
7805
17792
4658
468
11644
13154
1810
12074
16902
3534
10835
11304
2177
9751
4406
5445
7711
5266
9493
15700
12396
14703
6443
6244
17867
12800
7187
11833
3724
8264
5216
7941
3694
14628
14042
4878
5328
17990
9342
9284
16590
2027
10133
3157
11055
8750
3582
805
750
16445
9169
11657
10440
16093
5509
3724
3155
5759
2207
12307
15752
15273
10047
12937
8156
11210
4933
13854
12217
5576
2214
11493
17603
11612
7171
7209
7942
12411
10627
6373
10004
8230
903
10601
5226
4454
15036
17627
12508
4570
12575
17188
13506
16030
16290
10121
3440
9469
2222
11732
17704
8522
6055
3329
6701
13232
6647
5534
7732
6250
7540
17065
13422
8245
17338
15898
14109
5763
4693
17888
10301
8844
15515
12614
14310
5158
14033
3255
12619
16668
2000
14569
10206
15483
13824
3981
3993
17624
15736
394
16500
12907
356
11529
12618
17827
14528
10550
11265
12142
337
14709
4080
9423
9582
2384
8318
16080
5867
7733
16954
2521
12000
5957
14090
9222
4969
5471
14763
16855
4824
7451
5517
10550
11443
14152
472
12006
12498
7001
1787
9369
11757
10058
3710
7940
5374
15268
9801
6217
2059
11963
3967
13056
1870
14082
9770
11061
10543
15854
10865
7066
3338
2241
6123
8574
1021
6330
3710
4681
9868
7944
7556
9153
12611
16009
11995
13183
7756
11669
16542
14856
15235
12303
1993
5314
10076
206
6261
3337
657
2000
2283
17824
6101
17871
17467
11055
12891
3620
17101
6311
12859
11401
1458
12103
13543
17878
15569
6346
6332
12212
3131
4608
16352
5185
15158
9522
3606
10934
6223
7759
261
13883
12612
6626
193
8201
10425
13237
6622
12179
17122
3462
6995
2375
5166
5453
3959
9942
4836
11562
6800
17975
8827
9036
2751
5117
16456
17339
2535
325
13316
4730
15748
6531
8085
12275
15447
12823
5708
15903
17571
10262
7701
7180
2294
17940
13340
2186
13332
14352
9414
10992
4312
13561
12022
12297
8651
15786
616
5699
15222
17937
16837
3665
15033
6384
7090
11031
8496
16200
7756
17527
11408
14390
7121
10548
6598
10807
11274
150
3289
7072
13568
2997
12622
14165
11993
16935
9695
12647
2027
15931
8637
1101
13708
7687
6359
15266
1132
5867
3504
1384
6673
4874
4254
17615
17302
237
9967
2023
5987
857
11976
16577
5891
15993
2271
10393
287
6365
6042
11713
3809
16906
16317
15629
14316
10975
10971
11382
12222
8438
13519
1339
17720
15140
17261
2485
17581
3002
1991
11936
4499
14663
17527
4915
11004
17300
6751
1326
16634
11303
580
10807
16925
16020
16781
12400
11657
1968
59
586
1754
5745
4862
15386
9789
6365
10126
9064
2034
1475
2387
15693
13374
13280
759
10007
8817
11681
9103
14227
3703
2875
10450
4026
15408
2949
16588
8763
14262
15860
13661
274
727
4818
17777
12025
10570
6452
746
5496
8425
11463
11807
1437
9057
5952
10120
15899
14401
5938
3112
17782
5552
12848
917
17462
6279
8501
11272
8947
11126
3854
6548
550
5830
4126
15670
11946
7730
2879
6219
12763
13915
12349
13929
12284
3798
3408
9843
11366
17728
16641
14773
5543
642
12784
15724
3250
10296
14957
10287
5672
14295
7455
1485
10077
17620
16457
4638
12260
13640
4210
15680
10111
2480
3236
3572
208
17119
14975
12202
10115
16586
9638
9434
3459
7995
12096
17493
2754
15504
15261
16039
49
17390
1932
16537
10359
9531
617
9492
14875
8738
5535
13425
4388
13978
935
4510
16830
3693
10114
11285
2089
17336
15944
10705
7825
9742
7233
1165
9157
15804
959
6594
10700
724
4040
11601
2903
13427
13479
3772
13964
11707
17549
8466
14596
5504
9478
13691
8824
1529
3275
10103
16970
4709
2385
10770
11234
5500
12404
9814
12675
17289
15599
4173
17626
289
8013
8945
4590
10833
976
14352
15642
13291
12294
14632
15033
14
14454
3172
2927
1697
7686
8697
15203
9259
3689
12787
7713
1787
2470
1914
14134
8637
7186
17403
3407
11930
3636
10515
10890
1269
4309
5759
2288
15520
14471
13784
5135
690
6137
660
11894
1545
6488
7982
14480
6584
4772
17745
5296
7410
338
7508
15043
3723
7455
4965
15037
14460
16467
12414
6791
4918
8672
6109
16446
7600
3406
5577
14868
17850
5249
3922
8694
11668
15682
7314
11260
3087
11370
14150
7998
16446
1528
12613
10249
9589
2083
7110
12099
14313
2945
12060
13585
1665
12066
1232
9698
7652
5358
10834
13895
13900
15249
4726
7705
14861
2724
4561
3628
17019
11655
17982
5135
5648
3604
7927
13409
16619
14700
7778
10025
11424
3097
14595
5656
872
4221
1137
5540
12909
5583
16503
16934
1421
16529
3484
12690
15298
8455
15326
7946
4487
113
14300
3545
17049
4524
4348
13316
8834
3740
4339
14749
17643
16140
5186
17553
3074
8536
1908
1172
5973
16744
9031
12904
5585
4142
11219
7669
5134
5767
7159
8542
16823
6232
15476
13604
11305
14019
5156
12944
11747
3745
10152
14655
9853
5554
11346
5993
15094
6948
4448
2794
10017
15092
7273
13896
17741
10810
17606
17457
11785
13989
16698
10083
16307
10539
10283
5729
14722
7580
1449
341
9436
17886
4953
13049
3231
12664
3753
5246
12181
13763
8485
17898
8649
5458
16523
12092
17000
10213
4653
3337
2286
9367
15161
15043
2664
3382
5683
14881
15972
16886
16306
10895
3334
15787
14232
598
10152
1932
13937
16997
17761
15296
75
961
11183
3138
4293
8268
14610
3607
8418
17296
16067
12875
3489
12758
7911
2923
6327
16106
11019
13302
8428
6917
7954
6230
11859
4227
7097
7103
2275
13371
7578
10377
8618
17173
11063
4966
4726
2213
13906
13336
10844
16046
2250
4115
7948
12618
6203
15646
8094
9896
13682
15222
7287
8429
11913
400
14890
8666
4711
5872
11438
13828
17852
12427
4266
11245
2062
8771
2286
3292
1429
16603
13273
12221
15641
4137
10155
16419
16605
15067
12045
10174
61
3018
8412
593
8465
15391
3078
10642
12342
1988
4720
12838
9656
2333
13927
15639
9310
13782
4237
16936
10771
9036
7825
10630
15421
535
14510
1407
17432
1083
14410
13404
10120
9266
14809
1099
13338
12772
5215
1682
2063
17635
9276
4510
16898
10076
11749
14098
4305
13667
3339
5089
7890
2670
6884
7936
9583
215
11566
12937
4499
4857
11844
10706
17247
12426
4441
14634
15529
1164
7884
17262
5977
17859
14507
12809
223
2601
15805
16834
5438
16563
2290
8135
15321
7602
12388
7898
17271
7480
12181
8833
16364
9860
13102
12267
3882
9506
14895
10363
13418
6792
4498
13716
8587
12494
7646
16249
17123
16967
5952
6240
10284
14118
12668
11218
10520
10570
69
6751
1933
2999
16116
9228
8227
9424
17252
2748
4315
16894
16348
13854
4689
5185
15183
1768
3093
4973
6154
9874
15526
14633
9707
3432
5793
17994
12164
13564
14876
5128
9929
2347
1006
14037
9259
13778
13996
88
5436
3661
4045
3807
12535
8072
5014
2565
13342
2314
1465
14736
16017
15063
9248
13687
10096
11807
15738
4903
11181
12085
10184
7186
12682
9294
14773
16188
11775
5990
5790
11962
3815
6406
9694
13117
14552
17124
3496
184
6924
13330
12826
7999
9756
17549
4866
7683
7456
11558
5743
15592
2260
15453
16555
7512
5980
2017
10024
2437
14718
1107
9100
7720
13305
4441
1210
12875
10306
17333
3624
7533
15048
12357
9961
13283
16380
9876
8491
358
3118
15861
5468
1883
9167
10244
9733
17229
7855
13142
16335
3526
6491
17578
9620
4175
8756
14807
82
1979
16970
5305
11105
2039
17581
17038
15682
40
3726
14526
3890
4113
12850
9815
13897
15168
11918
11960
16928
7495
15681
687
2833
10803
12150
4808
10704
17719
17318
10781
12216
13139
15154
5370
11915
7888
877
10651
3696
2621
9864
16814
9058
410
15378
272
7481
7302
16590
902
3186
17905
5290
13505
13643
9731
2959
17560
17791
7006
6166
4086
1613
4401
5738
3586
1531
3601
6881
1386
6342
10439
433
5440
2560
6985
12085
5421
8656
4312
12501
2068
12785
1968
16840
2239
9794
10479
2842
12743
13968
13381
3554
8258
10419
13077
9542
1962
8294
12269
17348
6593
13728
17687
13370
6117
13813
10695
2486
13893
17345
1361
5302
10112
14701
10626
15615
3834
13774
737
1185
3995
15613
10655
5847
14741
8513
2355
7621
13184
4293
15190
13388
3711
9483
7964
16940
11838
6820
376
715
10841
7850
591
1927
13543
9206
5350
13878
5021
10065
17834
5362
2794
12555
15780
7574
3303
3006
77
17289
7335
6548
5648
7509
6254
8114
29
9205
4370
1758
14032
16956
4379
9145
7849
16529
11924
8687
16221
10381
10886
14348
12409
12155
16050
11664
15539
5923
16265
3219
50
13930
7577
16803
10838
13164
13489
10893
12086
9220
16658
11690
3709
14104
12371
15430
17699
2824
5110
4917
3899
6463
12884
6331
15780
2
10335
5458
11337
7426
16315
2362
3290
6723
13415
12749
17250
15687
17217
8767
6860
4672
7582
7374
6045
13655
15750
2037
3529
15771
6885
2547
4593
8083
14849
9496
10177
7905
9666
12156
510
1999
3186
15604
12101
6334
13504
12092
14208
16765
1793
13826
15453
6949
1817
14593
8121
14524
11825
7101
6098
7101
8432
5397
13517
14389
12922
4424
17511
15977
10750
15259
12026
6625
4876
1903
6237
658
11638
14761
12148
14798
5759
13259
16764
9551
6285
13199
8053
15164
3632
353
7191
9937
7148
16659
2353
12871
10727
13738
10499
2450
6054
5534
17771
7725
16253
6803
13975
2255
10893
11293
15419
9127
12182
5360
15789
14861
17133
17345
5301
2338
5192
8697
3876
10098
8058
13928
1448
11552
2175
10316
1889
4966
11212
10405
6953
16669
13372
13975
14378
12525
16440
3134
7777
15475
12489
2197
5196
14867
15
5524
2067
10610
16587
16430
11804
3925
11875
374
14473
15638
3589
5002
1736
5174
907
5790
17877
1346
2905
11291
10596
16787
1801
17036
13751
12678
12210
16897
17773
638
5093
1402
15049
3821
8117
4291
6980
40
4863
388
13407
8814
1855
15012
16708
257
14519
2648
13724
4248
9067
7744
5466
10768
8521
15625
2604
13802
3712
16908
11835
2422
12271
14845
14560
14981
12858
3097
1315
15692
3984
213
4033
14301
6284
9837
11271
10665
1551
15046
8849
13971
14624
15691
14640
10655
11524
13865
4814
6359
5142
7907
8505
5922
2406
7845
17922
3363
7161
15829
5016
4156
10945
5796
5768
17018
8373
5995
7216
10513
10693
11668
4148
3408
17236
9522
5130
11584
12878
8712
2474
2277
12325
15189
2839
17746
2655
9684
6910
12270
11143
7281
1613
13217
2443
1963
8454
10184
2306
6004
15526
4964
15066
8606
5891
4338
7063
15701
4130
7832
2833
15782
10034
4626
886
3291
14095
13027
3724
8923
9812
5183
8959
236
17517
2438
7933
3524
2256
3432
16532
7102
7025
7868
16576
17427
9717
1562
402
1250
13376
3647
3928
718
11715
5010
9590
13595
15728
7527
958
2425
730
6895
7543
8507
272
11663
13858
2284
13887
4994
840
2811
16500
14965
8777
14903
12664
7561
15678
14745
9193
11493
16863
9352
7545
9256
15092
1502
16419
5721
6778
7365
3012
5984
17252
9688
13200
7337
13089
5265
12974
1108
1907
17845
14692
11670
14342
9638
3422
6141
244
11017
1389
2696
4082
2727
7305
10861
2440
15658
8686
7927
14644
3367
2844
2361
15726
6105
16530
13453
3956
9256
12477
9742
15313
2369
3490
11026
2244
11073
14732
14029
5768
12693
13691
3802
10731
7408
10320
7227
7752
4910
2380
3789
4964
15396
3310
4395
12066
10981
11318
3163
15861
5923
17190
17463
6203
4147
2113
5789
6916
15786
10027
11081
15711
9074
15056
1527
16088
7770
3127
1801
11347
12880
14241
198
4329
3399
17181
4732
11445
1648
9789
10435
10381
5254
9811
12719
1081
2235
4165
2406
12182
16898
9992
11403
5189
15547
722
15857
8205
3934
16341
11721
11541
8861
4859
11379
12858
16537
17268
1921
7752
15056
16047
11849
4956
14381
8083
16694
7370
4276
15615
14615
11585
5755
15550
8932
16459
9851
13194
17990
9229
2181
17932
12710
7015
7056
7792
14668
553
6426
878
12430
1379
13987
17894
5275
676
826
14262
10209
322
6280
11053
6595
2714
14578
16619
1574
14221
16706
15887
13588
17263
15184
2570
5187
330
3848
11767
4814
5189
7805
10876
10986
10559
6149
17192
11954
12061
241
6922
5702
12136
10152
15861
1525
10886
362
12008
10273
8542
13186
16053
12739
11006
4941
7763
9630
14439
13845
12881
4895
15082
8095
551
2548
7607
13832
10619
13325
4450
2008
6008
9649
17166
5228
4216
12918
9772
15920
1647
9198
290
1888
9547
1322
4526
10562
14547
16228
9716
15346
11381
1503
5469
10171
1166
16737
14228
1451
14542
14773
9593
6022
15527
15555
10796
10366
5487
14312
15901
2859
13299
6606
12114
2040
3467
4911
7520
8522
11784
9831
7882
5359
5936
17725
206
17286
7808
11873
9582
8915
1426
14969
11571
5748
8422
10897
881
12260
7593
9361
949
6
3605
1869
13503
1912
10390
93
16370
12583
15723
13423
12561
14038
15520
2813
519
13890
13575
17235
11082
5875
15841
7577
7517
4184
9831
1937
6763
12440
9065
17830
11743
16504
8603
7263
2872
8608
3693
13006
14054
13878
17502
13816
14860
11404
14767
6379
10360
5443
16109
11138
13642
17914
16802
2125
2947
8066
4429
771
17844
12617
3588
12637
1748
3755
2034
660
10440
3509
4482
2633
7382
14504
10219
1559
11527
3230
7414
12546
17063
15598
11951
7419
13229
14309
8175
14513
4562
2723
1164
9313
10893
10780
16760
8717
6421
5226
6231
2295
6379
1026
8079
9357
4846
6035
8295
13257
1752
13492
4656
1931
5795
16255
3930
13113
15222
16876
2366
15739
15972
2163
16541
13639
16185
2015
4495
3421
13115
6613
1503
13572
14272
13926
615
14983
10118
10032
9976
2067
5620
13930
7720
14595
11552
3175
2089
10391
8819
8803
15448
5387
7178
6965
2062
11052
11299
12943
2798
1866
8683
8595
2098
21
8683
15992
12685
3308
1145
17015
12876
8140
14913
16041
15290
9639
8711
1630
2730
580
12418
3181
16543
11931
4066
16311
16199
16104
14825
7397
12363
5279
5418
6277
15426
7621
6894
5993
3102
10933
7373
1561
14427
864
4964
562
2582
1972
17505
5467
17190
13163
9437
10539
14466
6679
13608
15697
8639
14645
4983
5398
2120
17418
553
16312
16869
3344
4221
12877
10048
3123
7459
17238
14545
16411
13633
9779
5701
2720
1985
5234
17403
15186
11626
7630
4314
6778
16985
10921
9689
2484
4715
4700
11493
1860
6675
10651
8968
3398
2909
9449
5778
15982
11492
8215
650
11375
12042
16189
1989
14605
5832
17714
12260
13233
770
6649
7877
14271
4779
2487
2203
12149
15661
10330
11024
10148
8340
12634
14625
16710
16905
16073
4770
13390
6164
15526
6026
10603
11737
3777
12351
6021
17787
8882
17340
6495
14912
12788
4104
6342
10582
16429
4417
13839
16062
15441
7094
1961
5418
4433
341
14293
6625
10959
6883
7685
14476
15092
16814
11195
7146
14375
8983
8764
11522
15082
10371
1539
12631
17114
1664
14532
9372
10881
5472
1475
13563
10373
8829
15764
17464
5309
7773
10084
12823
967
11677
14497
9276
1721
483
591
6870
15062
8037
17612
4724
13891
12558
8045
2229
2413
14039
2627
11307
4487
7236
13257
15644
1627
10038
7787
11087
14868
192
3909
15839
2776
9802
772
4009
7878
9196
13872
5544
17436
3365
10757
6828
15510
4619
5788
11947
4490
16476
10737
5691
16983
17089
11882
13945
17221
4132
15350
2592
5766
15695
6590
11970
6973
769
14706
14639
4046
779
10915
13744
13210
15188
460
8029
10401
16643
1243
2263
6906
2622
10553
10445
6581
3527
2895
2983
12753
15108
9490
1583
2937
16117
13861
10387
5842
16995
9623
7471
10565
16490
3346
8110
16347
9318
9992
9145
1081
13275
10174
16834
5877
5493
1841
17520
5069
17424
9261
16997
9167
60
1938
10554
13060
4676
13033
9355
5022
2942
2935
15616
7512
12254
4305
6326
9728
3935
11929
12463
6818
14360
2620
6957
10063
8912
12623
17551
6535
11648
3837
3890
16531
15171
4059
4560
5957
5978
6127
10108
9299
72
626
12985
14629
11549
12796
4374
13558
3359
4650
12093
9627
12507
11242
11101
7070
9085
2314
14222
6652
7637
11721
6176
6520
5476
16545
2334
167
8250
5272
571
15238
11507
17668
15090
2370
11551
11046
12179
14901
6117
9404
10123
1077
4641
4076
12467
6723
11619
15857
9167
9776
12638
13246
16784
14481
15184
6402
14284
8212
15463
439
9963
16565
9193
6118
16568
17888
5052
4419
11400
7960
4424
10187
9179
14096
10237
11367
11109
836
5486
8610
7507
17723
11982
11130
3970
3741
1420
5350
5926
13662
4132
8432
14441
16395
7439
7226
12272
8022
68
14367
11740
3254
11849
283
14687
15013
6996
3078
2520
11764
10081
11207
14376
10946
6095
12573
12040
17669
10484
17600
10922
14862
6372
5049
16206
1948
669
16672
9555
2660
12884
13492
14446
9141
2458
9857
16494
5641
3638
8258
67
16924
17426
2596
11355
5816
6294
419
11882
13119
3560
9431
10740
11844
4954
8687
13272
16454
17798
9561
5111
13750
5283
9297
15405
9044
14386
9600
15924
16864
8585
9516
16724
3138
13380
16096
16462
7547
1672
12822
7906
9066
8141
10622
12740
4013
6133
10180
13621
14459
11861
17140
4762
7206
8097
13563
9446
17512
10253
5280
174
15464
1966
11479
7314
609
1539
17051
9842
15247
12831
17081
7720
7875
3109
4602
483
9501
5679
1064
15305
9130
17792
7265
13848
14570
13716
9040
2629
1195
13754
6425
15169
5501
3084
4004
4849
13516
6011
14312
15400
15743
17226
15361
17993
11824
11341
11775
14500
9191
12421
4305
17039
1918
14973
10152
9282
13031
15139
597
12704
1785
9732
9144
6843
2510
4882
3595
10978
7130
10637
2794
3600
15808
7087
3945
5243
4651
11901
9400
11231
6502
16736
4497
12120
15013
9922
10477
10408
159
9089
12899
6826
17434
3566
1307
16062
15554
369
1725
1531
11823
358
15884
14775
10634
16068
14059
12645
11436
10878
12937
13632
766
10935
5086
1705
6365
12434
8232
15236
9207
16323
15451
3350
1175
11024
15605
9775
1304
5920
16618
13934
14493
13278
517
11194
13896
16854
9001
5534
9886
11406
685
1597
7502
8169
624
12006
16523
877
17685
15053
3971
5184
3929
14690
13463
5021
4655
10383
2756
7352
8082
11256
9584
2523
8368
6182
16473
4791
14074
3057
2300
16081
14398
14300
15356
9316
8707
2788
7687
4160
9968
12210
5027
16981
17210
1424
192
1097
6860
3670
4698
13966
15130
2121
14781
17413
3831
16059
13491
9920
7119
5191
6761
3481
11975
16158
17518
16546
13033
3359
17770
3210
1154
15261
892
7415
11418
17788
8211
16761
11936
2038
2228
11797
9087
10296
6235
3758
1351
8514
13783
14137
15130
4989
885
15100
16592
6948
7039
837
11334
10397
10516
12793
7954
13383
9364
10956
8287
10355
7108
12285
5850
6359
8260
13085
16013
12234
13923
5945
9381
17220
7591
6785
8519
17586
7783
3930
3884
16141
7047
2722
4978
2530
767
7529
6873
14096
14868
12872
2444
2005
1673
1064
13092
3854
16405
7136
5952
17252
11010
9630
14747
16906
16573
12238
15974
10602
7405
6184
10729
3014
8840
5677
10906
10799
9233
16908
14499
3834
12599
3813
1689
13895
1250
9461
17822
17509
2055
15674
9574
7055
388
7331
6234
10928
262
14968
17379
3137
17754
4014
2408
6465
1271
12026
1905
1965
1124
9205
3182
5812
6783
13169
8830
16202
6083
10829
11031
10625
6135
15932
12472
7912
15736
3290
4911
8566
17263
11995
3224
13925
12754
15468
13095
133
2420
2390
6792
1815
1592
1050
5380
12030
15213
16667
4314
16031
6000
457
13788
17347
9186
3035
16378
6978
12513
6024
3638
17445
1857
2894
668
8442
13096
2869
1981
2694
16515
13835
576
3239
6653
14355
9884
17236
14986
16101
13134
3158
5931
17656
5420
866
1935
14984
17642
12947
2773
11674
13778
10881
5898
5470
11939
2739
12755
2283
13156
4359
7973
15569
10252
3060
15406
9002
13774
10149
4207
8938
1112
11859
2534
991
1599
6861
11851
12919
15175
1041
13579
3299
9276
1414
3793
3612
5513
2958
6825
8975
7970
3314
9548
14729
2826
1564
15477
13442
5758
1183
17814
6668
17990
1405
3356
6016
1344
10525
2682
9627
8558
3614
1877
5056
2687
5813
1760
5515
14585
13958
2729
1708
2608
13597
2734
4893
9607
947
16268
3513
5499
3162
2034
12662
14875
15313
16005
4731
7692
14143
1975
5707
16622
11795
3223
6544
9527
10554
6569
14849
16368
15564
10593
17973
16012
881
17531
1688
14205
82
11751
13906
10173
5261
5346
14298
3008
15597
7264
7910
8266
8932
13986
3075
3458
16743
15162
4540
14720
10152
482
9331
1310
9807
15039
11312
12593
12726
8204
17504
17828
13538
15543
4662
2158
2848
16855
13300
13154
9245
3314
15254
2070
6729
6869
16326
16923
5329
6497
13303
15853
12499
12049
716
14843
6710
17426
12235
3061
655
16867
12778
17039
4115
8192
9165
9086
16307
494
10086
1071
14432
1139
11610
16325
11840
7142
2114
1652
15171
12212
780
6290
3726
13103
6292
15153
5061
10755
16344
17100
3022
5288
13861
9621
15786
14895
1325
7891
10081
6270
10662
2520
13786
4656
2240
2933
9321
15000
10257
15110
1937
6565
17516
17566
3370
12273
8315
11158
10805
1130
2043
2111
2326
17243
14880
17551
1730
5159
13056
13334
3290
15172
5485
7842
11443
9983
7324
17302
3434
2062
6366
10380
17431
8662
17666
6669
16167
16197
4641
11475
9551
2913
15100
15388
13069
7503
5902
11189
11034
9064
2504
12674
3064
15659
1913
14942
16886
17956
9527
7767
4216
13301
13927
11029
2458
16894
7369
3439
9826
9126
8518
1321
11565
14633
5763
4996
5364
11177
14664
16099
17717
2879
12144
4918
9082
16175
14346
2664
6366
9218
1209
10348
11575
454
8278
14892
15592
8729
11714
1034
12801
6167
17798
9598
7243
1072
9865
6450
12097
1497
17626
3693
11214
10816
5745
16432
14746
17516
3723
3713
6417
336
15178
4888
9126
1313
77
17440
15984
4608
14214
15112
11788
369
5963
692
12586
13052
5445
3549
7488
16397
10543
16443
1770
4477
12077
13928
2940
9676
13843
8715
2975
15846
2684
1376
646
11433
11118
9591
13383
15407
15936
4713
17429
13167
11674
11664
17153
3807
5362
357
421
12429
3475
17406
11034
1185
10342
9530
15384
7252
16144
15295
2118
549
8289
10230
1487
8330
6262
4151
4424
3596
16612
2721
10524
16758
8029
3375
10460
3369
9162
4699
7841
13595
11502
4101
6853
12157
6827
2780
8433
16524
4552
2976
1283
3656
5641
12753
5031
16454
2497
15100
17425
8811
11663
17829
1293
1003
13230
10381
803
2865
4197
17006
7778
5165
3464
3240
2863
11253
17802
5507
1420
13028
17466
9127
4011
6657
8052
1812
3291
9778
1768
6109
2850
14441
10841
1173
15374
12499
5426
8058
11164
12944
746
14020
2628
17210
5228
8381
15660
17513
13308
5148
12890
4511
331
1114
8997
39
13848
1600
9233
4806
16039
2936
4504
8257
16159
11427
10562
17891
2001
12961
1281
7176
15728
6239
13583
13207
9324
3046
1768
7497
12470
6181
7422
2617
7524
5654
4192
4087
10005
2591
14996
2694
13970
11656
5914
5950
4935
9995
1619
9382
3976
2106
2772
9041
6676
5357
7263
490
11938
10596
2618
17376
9515
4861
12228
13724
2938
7233
4993
9654
9912
12502
10759
4592
1978
13676
12463
7952
1008
4806
10725
14633
16706
5073
5258
6460
2757
16415
6864
13872
13413
3537
6846
284
10859
1252
7902
11670
9817
4237
13513
9238
2609
9038
2934
14721
16524
15814
16415
9822
6977
8794
2424
2734
10949
10878
1907
4028
943
2755
9813
9268
10494
5697
12241
4940
17888
14779
14145
1421
12328
13639
5791
9061
11514
3835
11461
16159
16221
6741
1391
15336
15783
10517
3977
16418
1516
17398
5149
5761
13594
1253
5864
13799
12783
17549
9179
5225
17865
17727
914
9583
8287
9084
15252
6261
11272
1554
16030
2047
5845
3924
8546
7948
11755
5779
1112
13766
7853
5889
3360
5568
16182
13029
13283
5744
13110
16225
16847
12501
853
16515
11554
10212
11974
3231
2292
15450
6020
8694
9610
2826
11746
5446
8306
1112
2412
14951
17677
8731
4417
1408
8759
16114
9627
11416
16901
935
14601
10312
5598
15961
15042
9792
5210
16437
1979
16399
13048
170
8797
8961
10682
3791
7081
5725
16560
10682
116
9447
2175
14198
14765
12787
7556
12810
17698
17901
1188
135
972
10336
15186
12898
7318
9558
3602
15531
10875
8376
1775
3058
16897
1283
10190
9932
13133
9557
2926
3588
2896
4701
12379
9443
8828
6134
220
5524
2638
7413
4702
2959
3613
2483
12747
7189
508
14689
13474
4021
17386
15957
9472
549
9592
6539
14440
17255
1268
6006
11266
14622
12378
11869
3351
11055
4268
17723
12580
7727
11654
4521
12948
10426
14700
11027
6268
12833
662
3397
11083
11478
6645
7568
5153
5787
2204
11006
17635
10791
311
12875
3534
6153
6474
16606
9378
1049
6359
2876
17602
14287
1761
17532
17501
11572
13843
17847
5567
4265
2672
10601
6696
13835
1089
4152
6637
12118
2815
8424
10754
13582
4059
16545
2752
8041
15232
8126
13706
16072
5015
1785
12331
9923
765
8418
5673
15958
4262
12470
3878
14140
7143
13737
6047
17125
2679
12899
3019
6906
9186
7001
3381
4433
2781
7500
11542
935
15968
5355
5511
15121
9911
6818
6634
14952
17897
14477
3648
4333
5966
12457
14776
11678
10933
2693
2191
9820
6421
8969
529
2513
16506
4674
3211
1676
206
14182
16955
2176
13389
4042
3388
6628
9039
75
6633
13954
7400
9757
16092
9573
1134
16201
8400
6547
8204
4297
12430
5971
6806
10579
5005
15232
9221
9344
16033
9262
15219
16164
3216
13560
14938
17687
14943
899
14703
16514
17335
1300
12590
2677
15030
5097
1731
7339
2575
16124
10614
537
17779
10324
16533
3198
8495
90
15753
4818
15176
11832
2148
6291
14104
10533
13067
15673
17297
16037
11257
8910
7789
411
2958
13679
2988
9087
16689
17762
8275
6976
17857
8792
3609
8048
8738
15658
1145
1911
13343
9717
13429
13305
11948
13166
14866
15244
17925
1950
12637
13589
16066
8020
16403
8589
2083
10836
17871
7634
17629
8810
10260
7979
3293
10981
4636
7425
2467
6805
14134
6414
16454
8135
6030
5913
9619
10151
11710
1895
14790
3173
7615
16147
11471
16391
8801
14447
3429
9971
13375
863
9681
11000
906
5781
5648
15112
374
2877
5517
169
13490
6663
6033
17917
5073
15619
13554
9424
1509
16046
1542
5907
11582
10042
3839
15358
8675
6980
9806
10433
5225
4096
17067
11379
15938
1052
15512
12009
16451
3484
655
2987
2170
17096
13826
13138
8013
8091
1900
14521
4311
6904
13013
11441
3824
7667
9090
14399
16442
3329
14707
2812
9398
17596
3339
8005
13444
12245
3007
2695
16029
12580
16448
9452
14115
10856
1184
10292
11619
13958
2266
13468
9315
11770
13406
13918
10541
12169
1734
3614
14050
5850
6496
2891
15238
1801
16811
15899
271
6317
17873
13666
5277
1576
14330
6685
16778
12763
857
17211
17829
3473
2230
6702
4181
10304
12513
3188
13680
8322
4963
5521
1436
1031
10529
2834
2112
15179
13791
15865
8334
2548
13922
6828
15318
15629
4524
3845
5155
5034
2696
11122
8525
4773
16779
17003
176
7251
12091
15520
6570
7961
11961
11115
2931
13914
12322
6051
15346
13421
16117
6860
4427
2484
7878
6520
11516
8013
7987
7654
647
2373
3917
8963
14252
7619
7045
12082
5729
13559
1931
16948
10279
8258
2704
6110
11425
7329
1125
15969
5758
17476
17819
12004
15283
10825
8912
15326
10632
1725
16262
3816
9553
10388
3565
15405
13261
6844
15448
5220
8992
7227
157
13621
9732
16740
781
2214
9983
9497
11907
4053
4305
8239
14830
10347
6015
1287
9895
6658
16783
6113
8547
8690
1634
681
11329
13432
1641
2273
11119
11149
12179
12683
15891
586
6561
2133
7043
3345
16247
17669
6525
11293
7750
6297
1023
10556
8118
15983
669
1691
11165
6204
653
13119
17203
3673
16152
7032
16298
12000
15722
10553
16589
11545
2741
3512
11893
12131
14030
4526
1105
8076
1934
7130
15225
12040
9901
7358
3297
11725
8163
10960
11515
2783
16610
11621
436
11538
10285
9437
13828
14777
519
7890
4746
143
95
7009
9513
13683
6598
15772
5373
4117
9954
12739
792
13989
5304
16247
12409
1724
15851
7125
13140
1455
13217
15310
3419
16954
8327
7422
4057
4990
990
15356
14900
1060
5257
10186
17944
4504
9850
13131
16540
5176
1615
14780
6770
10805
15761
8502
17499
9018
12132
6938
8250
9548
12440
12888
15909
7008
10693
8531
10260
15441
2040
16059
15738
1413
10783
9531
1611
1743
12912
9686
17807
12990
8586
6079
2279
15940
5627
4726
2830
10447
7200
9453
12875
6206
11687
10529
1727
5535
11126
7565
5149
9566
17680
819
13890
9759
7180
17250
2330
13352
14003
17305
9884
8006
1930
9355
16775
3409
6814
17758
12603
11133
11360
1524
4088
7175
14590
2175
12200
11120
9722
6317
6428
17512
8455
8339
4957
15760
12831
17293
12730
8277
12223
9891
9672
3072
3706
13924
6295
17395
8661
17945
10941
14668
14856
4902
347
6384
15958
2229
12555
14249
7308
6455
14881
8606
3611
5283
14069
15187
4055
12998
9243
17848
4450
8213
13940
6823
322
143
15715
11775
585
5288
16902
634
10577
10798
6434
8874
1667
14183
8405
11329
15826
17933
3796
16319
3492
15366
5848
2869
10936
8121
7254
17531
10489
7517
5729
6005
9570
12423
16530
17452
17347
3492
8358
14895
15953
11772
17009
13289
8354
7387
1082
16248
16856
16369
15488
10249
9850
16461
10609
17711
15586
7605
17381
13915
12890
7404
7377
14077
4224
1670
10861
4460
4652
17118
11309
9172
7663
6049
8320
15226
7471
6587
16382
7507
3912
11572
11950
791
2885
10027
17024
8850
16125
7815
1038
4241
12851
14454
862
4091
2045
14175
4090
7337
4285
16477
919
14428
7158
16700
16808
16816
9961
3028
2513
17191
2558
12739
10834
6037
4269
5258
10597
16564
4552
6363
3838
13869
13888
2973
13355
13138
207
16037
3674
15123
15739
8249
7024
606
3403
10132
17193
2823
4870
618
180
14315
2329
9057
9854
17105
11608
17929
737
5149
7577
11623
13078
4227
6748
6124
1872
17307
11761
8686
6365
10228
3966
5352
9144
9168
17730
3781
16760
8039
1374
9594
17890
13949
8136
602
15523
11112
3009
3905
10023
1930
6584
8533
1342
5582
5923
2576
11899
12439
17162
809
3204
1037
3644
15288
15772
10129
5451
642
14050
4718
4976
14943
14738
7981
5442
4414
743
14238
13626
7462
10220
8905
16122
15039
316
13419
15268
5304
13413
17494
13461
11277
4490
16493
8279
15337
7002
5298
17955
7910
463
16403
4200
7381
2976
14485
5344
3619
1564
6436
1544
1345
1815
7518
15513
1847
1662
12407
15906
697
16030
8935
2078
9876
9052
15042
242
2970
14987
13007
15291
5660
14701
3092
17695
1792
8234
3824
635
17307
459
17053
2343
4523
5312
7135
11054
16646
11792
5253
15413
14944
9883
3973
4539
9729
1116
15063
11693
9199
1390
1726
7129
17249
3005
1453
7747
3668
14143
16705
3510
14179
8550
9392
17863
13213
12167
11230
1425
11259
7024
4269
14245
141
8083
6103
4986
16867
6493
7336
15443
11101
785
8621
12316
8433
13468
7416
8408
17558
17825
14515
3338
7339
6321
12222
9838
10192
7999
1823
7640
16010
1652
9239
6622
14516
11943
8669
14381
8411
11793
429
10479
10626
1776
15463
9753
11008
7829
1120
12068
1132
7741
16278
2285
3521
12644
124
2123
16134
17395
5136
4115
1723
10981
14668
17839
2454
3292
14143
13214
12261
9895
490
101
8461
4834
5951
10848
7082
2659
7629
3541
5036
491
17187
4580
5630
17603
7783
17333
4857
9607
10842
1765
15758
12753
12269
14813
5156
11842
15355
5973
404
4980
8116
17430
5491
2925
1672
2995
3078
17430
3813
11343
3399
10720
6697
6001
10428
2177
968
11091
16904
2445
14192
9788
12564
4772
8820
12090
12088
8646
14534
6959
13389
11421
10288
6062
5390
13834
10231
15681
1025
15638
6578
6796
5537
13866
6334
2209
9066
5144
2480
3626
3275
2019
5661
8900
6423
15463
8646
6379
9181
10212
3645
8882
14507
3220
13379
8523
14558
17673
11278
15772
4502
1928
10114
11723
6088
15257
11200
13889
17806
2853
3319
8744
4552
13575
3254
1629
1217
6627
10461
6859
14374
13485
2572
16560
17586
7569
13999
1196
7952
5012
15577
14253
10489
9702
6490
16479
5264
7237
6916
1547
6436
3361
16018
1303
15773
15924
11063
17770
13274
5316
7594
12603
5966
11577
57
7990
3011
16315
11168
6325
14397
17368
5496
10054
16814
15165
5642
10288
17398
9390
145
2045
15907
7469
8005
3553
14998
14146
6565
7679
16228
9854
16726
16844
4247
4984
17572
6746
2412
17547
16678
10009
11796
1950
13547
6029
13290
12335
13250
11302
10186
3879
16532
11701
16493
8688
4951
11753
14484
3139
17946
9184
6360
7650
3063
13072
14378
9515
10282
16867
15147
16891
12157
9580
11675
14777
16008
13204
1058
6441
6630
16266
5958
7427
10658
910
4777
15830
14285
13336
9105
3622
4219
12419
12605
9298
1971
17467
11114
8425
13476
10551
10484
6623
15977
6741
618
5325
9235
9429
10006
4222
12170
13602
15248
4678
4684
7456
6262
12035
11498
12038
9117
183
3546
3493
11182
12749
4345
8787
9067
6743
16376
5792
2959
12347
6769
574
8228
17054
6191
11308
13993
8414
13130
6056
6407
14957
8976
2151
13531
12169
8295
6483
1339
5335
6551
9081
2961
2054
10884
12987
8497
17325
13472
8477
4969
4449
6049
11886
11010
6005
7261
5054
17955
16064
13668
12738
16942
10087
3370
8969
2347
4668
2844
13605
14035
13803
13834
4474
5825
964
4860
8093
6559
12451
3580
15865
11124
7302
15925
12157
17849
6853
14085
79
299
4975
7411
11868
14075
4299
8133
3315
15211
11618
2480
14999
5248
1430
11375
16566
1393
17171
14983
694
142
4082
16995
7154
9486
13433
11871
13230
15667
7031
17415
9374
9466
396
10326
7358
368
3856
6977
14277
7184
7830
4321
526
4949
12697
5906
6532
15825
828
16849
4876
8327
17794
11257
8695
13685
15695
9971
7137
15947
10333
11563
7249
8410
17803
15098
6499
9402
11608
11974
7242
3913
3765
3114
17673
11677
7575
9158
13496
17073
10635
1952
11756
10071
15215
257
13401
13099
10757
284
9890
2906
9718
8195
15543
4636
1190
9060
17118
681
5883
37
4839
10349
367
11370
10255
14779
14106
13949
14130
16507
13721
1656
6544
8916
13904
5851
10173
13684
10144
267
6284
7300
16880
3904
15641
7937
4964
5550
3039
6094
14275
11631
17671
10964
167
423
11289
15028
15465
5519
8875
16242
11572
13616
12525
9766
3467
6707
17538
14576
687
15646
13193
13484
9400
7228
15613
15536
7468
492
14296
15471
15233
12852
15448
617
4172
5070
15924
8517
4839
2256
3006
1483
17504
16790
14108
225
15954
8150
1329
14009
308
10486
15983
3768
11103
8423
5561
8433
5660
1389
15106
16062
7814
752
6815
9142
10878
17880
14919
4179
11284
8171
15590
6732
12074
6831
15820
14875
10517
9988
1057
11910
15928
17279
2848
7033
3116
7881
16331
13247
2061
15609
6819
2767
2799
13484
12126
11200
4115
12289
16697
9724
5736
2901
1080
6732
14471
13352
2651
4150
12207
7440
8344
16694
9486
9314
7819
14902
17566
9868
13744
17990
3882
5499
17837
14296
16638
7850
13671
10767
15039
6882
12099
14323
9539
2516
4113
13796
1479
4888
1281
11017
11456
8786
1289
8342
7261
373
754
5521
13339
5490
489
8940
10013
9892
13741
13780
6707
8765
16177
935
12048
10511
2648
15373
17524
9672
5560
12079
7682
4402
3365
3433
16805
17506
16208
15502
6964
1155
8969
16126
10945
8945
419
6376
6789
15810
15561
12191
11665
14621
16891
5894
14967
6054
11037
14919
8837
8373
10677
10149
8202
12383
13956
15910
8204
12986
5720
2681
16178
12360
7160
2902
5761
770
2496
9325
5813
4928
12936
3374
11782
243
10537
16804
12782
12752
11284
7223
15407
441
65
1183
12279
15921
275
7908
17224
3240
6598
222
17623
15364
8166
6614
13901
7207
12483
8091
4260
16486
8051
16588
11360
12544
16679
7363
6397
10912
3414
13838
14397
2235
1702
16782
8643
16283
13289
5889
6041
4577
12086
13433
8342
8489
3733
8791
1139
6548
11876
16282
2753
17694
14867
1272
7287
16615
15049
10856
7930
3589
15279
16437
13308
15844
14739
4364
3669
15439
15939
153
3190
12557
14714
13350
1644
15852
7862
2783
9161
766
9719
10484
12111
439
6428
7933
6119
12811
2292
11637
11274
13716
16966
13531
562
5191
11562
11223
14844
4401
3313
3461
661
12112
17274
8418
7214
16345
4035
1681
5593
10685
17045
1941
13692
16489
416
1558
2468
7025
17454
12638
11633
9557
5336
5466
13947
10878
795
6173
7275
11198
6713
14648
6450
13396
17569
11193
17811
17060
1392
7132
13612
13080
4896
4291
2083
15516
2657
15999
13752
2889
9089
15250
11650
920
786
2009
1764
14130
4761
5920
1585
3645
9577
9531
9666
14119
14950
6167
9037
4596
7726
4949
8961
14826
13645
11861
7402
5400
1288
2099
4429
14788
6087
441
9831
1670
174
4333
10606
1946
11185
5399
6567
11340
6352
7816
9772
16710
16621
16840
17573
15216
3738
17600
17743
1540
10620
9367
16903
1386
7379
6131
8412
10967
2252
17077
5633
13945
14516
17683
2748
10000
3137
14643
170
10636
12013
2822
14521
10204
14047
8502
17585
7041
14607
9852
3395
10273
7459
16447
14586
9782
12999
5095
5928
16038
6910
14933
9159
17113
12451
17510
4770
14303
987
14288
12439
10614
3959
12779
15992
5989
13124
10001
1086
11380
8833
5415
10805
13388
1362
1216
13484
14154
13347
3560
17064
15742
6659
10538
175
10277
13813
11887
15258
8767
3081
3313
16581
14707
6201
1760
17075
13700
10658
5040
2714
12824
17907
10122
17883
17621
4055
17808
6312
16175
10814
4517
12703
15157
16124
16119
2393
3887
13833
4600
10262
16522
15227
11538
10812
13344
8094
6646
15351
17911
12575
6700
9301
7414
12014
12971
15653
14840
7663
12456
5552
8770
4669
8510
9147
5052
7018
15645
209
9783
9509
16736
4803
489
9436
14846
9908
6324
1020
10329
9092
1302
875
3618
15311
2556
499
7398
1900
12496
529
15043
10796
17000
10300
2015
16782
15618
5206
1829
5175
17459
16008
10403
14404
9224
5073
10858
9077
2934
7391
8976
9293
958
5763
8291
4203
3197
17768
15317
11008
17118
12604
769
15250
16415
7354
13491
3583
15008
9847
14756
10179
7095
10757
5245
1889
5062
16468
3555
3309
8263
8044
11708
7519
10593
9608
16701
8672
15157
16311
16224
17517
8977
12834
15135
14617
14329
9024
12958
17959
1297
3995
12459
7538
14625
8403
11835
8327
10640
14100
9114
15558
6462
9624
223
7262
567
10801
16664
7259
1377
12935
5415
7891
4803
13667
17374
3182
15369
8878
17424
7482
1368
14440
10320
10679
2702
2930
4273
15821
13086
4902
14990
6250
16036
3798
6357
5010
3041
5285
1728
15205
16651
3080
15540
12994
12484
9991
8948
17405
1494
4058
12856
16816
939
4934
10091
16527
3245
17052
15971
6736
10924
14627
8052
8129
2963
16660
10880
9691
5593
11369
8085
4406
2437
2420
3662
9520
6920
13663
15068
166
5559
16974
4689
14574
10539
17525
8015
12157
6345
17497
3976
16300
5922
9033
10947
14199
6964
9030
14727
288
3919
4485
7836
485
4641
5143
1112
5833
2705
1176
5718
7571
4519
16136
1603
112
8465
13541
7742
2302
7288
6014
1238
12682
4408
8882
2252
1596
7200
6098
17707
16723
11576
11514
14375
10466
6038
4677
14972
17934
7912
9169
13365
9121
13483
15236
24
773
11474
3312
3027
16954
15469
4775
11614
4250
2203
6925
9982
136
11096
12556
7284
12014
9545
16131
12084
13657
6434
546
7461
7008
13515
6279
7564
5026
12143
15692
6401
3545
13782
545
17019
965
14610
13488
1311
3398
9415
10797
17879
11032
6024
6119
9039
16581
6408
694
9556
9569
10745
10021
13722
132
8858
13153
16350
2742
16528
8313
7500
15242
13254
14666
8263
11390
10198
7059
7910
16289
13975
7535
17690
11001
9122
15967
8361
17214
9815
1505
12911
15899
9611
9588
15191
14037
10219
7187
6109
15080
4970
9948
11850
15451
2255
17336
7192
10030
12498
14563
15253
4009
4328
7964
1370
16365
10706
3023
14388
1170
5836
4361
10325
7341
14669
1425
16070
12298
10634
14379
6271
5520
11636
12915
12360
1014
17430
12203
2891
8618
3313
7784
8325
2614
16511
5152
3783
2604
1054
5890
7889
8579
3237
10459
10841
8695
11808
9848
15939
5762
5677
2390
14999
15677
16965
6900
5471
10448
17529
9029
8709
7887
10387
16835
8554
16669
5764
3120
11340
9059
13841
738
6250
10339
4203
7079
2325
15461
4306
11557
15874
14155
14101
630
8441
8038
9974
15595
5750
17790
6614
8597
3529
3882
9200
15717
17815
12516
8074
8151
12373
15357
12007
840
16969
4214
13990
974
4293
5358
8028
1839
9888
16393
17553
12629
13781
1798
9157
1225
15285
5805
7450
9475
4531
3870
17236
3169
3438
16479
10153
4243
8944
10825
2765
7680
16630
11153
6488
16779
16666
9153
8769
1925
3521
17437
15829
1058
3600
6848
12897
175
3748
9433
10822
3488
974
12181
6239
13659
7815
9146
4528
10018
3526
4219
9085
16889
5959
9497
884
1001
11811
16948
2215
6069
13041
15332
6874
8655
7341
9780
2493
9652
17515
305
14415
14120
13302
7631
12840
1925
14184
5679
10886
10876
15376
15510
6068
3843
12459
13249
15584
4917
5283
3815
6023
14318
14189
4528
9711
6258
10028
11901
6940
9243
2876
7125
8582
16156
17307
9861
11942
1003
3819
11985
11584
14729
15514
13636
2224
3861
1710
3207
14812
7884
13043
17416
8469
12027
17092
5287
13680
14418
13763
6163
8790
3802
12185
6900
17492
4742
736
15946
8127
5797
11085
9463
10317
9927
12324
11654
280
4638
14209
4859
16179
6028
13229
7060
7862
2027
5965
6359
9492
3670
10095
10638
5354
15668
2345
15919
1425
15487
10911
11506
6413
7187
1774
17695
3830
13630
14206
4926
3889
8603
14841
558
8865
14409
6247
9489
1247
4077
13323
5930
4713
7652
17135
6034
4233
9881
2070
6389
5231
9757
16718
8680
865
17707
3722
9075
6434
2470
5664
3240
4858
15464
1739
2140
8992
5133
7674
11149
13883
6967
12981
11015
5295
14179
17674
1682
4200
7125
9879
15572
107
2469
13989
7713
15507
14915
16789
6087
7976
1909
14495
5618
13453
5980
1506
6836
785
5223
3252
15864
11772
7793
17145
15055
4838
9668
1872
5281
16045
12231
3175
3282
12874
2542
4733
9218
17312
15915
17569
2215
17209
17664
14520
7102
15353
13897
11331
3324
13326
5658
8964
5127
10566
11728
13789
3896
10506
3148
13000
5977
1334
11346
15205
9163
10644
10688
8948
4145
4570
4663
17255
14997
3526
5265
13292
12235
7830
1545
8097
16381
16574
6560
17502
5124
4307
5005
4154
12595
14462
7690
8759
16123
8760
51
2128
14525
6577
12947
4488
1276
10962
6240
8329
8470
16575
9595
2417
11038
10181
9509
16157
5873
13196
787
17026
143
12484
16486
9981
7731
16906
13423
1914
5868
15852
1706
3479
1646
12143
16837
5152
1350
4732
16794
8253
5622
16316
2119
15149
10058
5827
2311
4034
6302
15725
2800
6341
15034
1155
5246
11323
5325
4475
5888
12113
2195
16938
6730
7780
108
1486
8313
3535
14357
9966
10969
7884
5929
10568
5966
699
7925
3715
14627
1848
16349
3754
4479
17362
11546
2638
4011
6120
9973
13810
8286
9554
17023
8274
10457
6733
4184
5518
11670
1690
9149
10581
5022
10800
2953
4142
4209
4128
10878
9376
3929
6688
15371
13486
11407
17617
381
12662
8764
14298
10690
9500
8842
10575
7895
17497
5699
11511
12251
16667
4854
9884
4028
11869
13462
10958
1621
2021
3176
13767
9476
8397
7165
2620
17015
980
3128
14605
2215
11823
13797
1474
6692
13045
12484
4624
5594
12615
17895
12545
12716
15706
12862
8982
10431
17291
12513
4906
6476
16551
2725
12876
571
4074
9928
9576
7513
12238
4285
2306
5325
15491
8186
17909
2847
1249
2740
1346
6518
17054
5156
13619
7727
2670
1058
7763
9469
10037
8261
12561
15800
5785
889
7875
5629
10253
7170
1959
6587
6715
12572
4746
7782
246
5468
3943
13922
9385
384
9217
9429
15095
4202
13894
5620
5913
15709
15166
17761
1442
7946
71
2265
9303
10797
6364
15759
4234
16694
13552
6284
12052
7224
12610
14034
3074
4289
17462
13087
15865
45
6318
1285
16377
6045
7541
4380
5211
3916
6680
2573
15361
16273
10000
11693
9085
2786
11736
778
9898
7335
7828
12607
1214
13776
17202
12936
12124
13584
15045
546
15849
15734
4012
2104
11339
14180
9648
2695
6644
4468
10970
1183
6976
10179
14916
4321
6152
3609
9500
4917
15783
4958
2889
16406
14901
4233
16582
5286
10584
2017
19
573
12833
5183
13
8005
16065
9859
1468
13966
16360
14628
14120
1334
15599
1971
2656
10132
414
8218
17975
3024
4230
2518
17318
6033
1819
8795
1775
13006
1068
12473
16028
5242
6552
10767
17578
17480
9493
14268
10852
17622
5757
11821
3579
10964
6251
4385
15340
14732
1421
5552
6400
3866
4019
107
2000
3688
1064
9650
13045
5577
7815
17817
8551
5519
1954
2838
12796
14880
15335
4168
15985
10944
10092
6749
9037
15267
11805
14208
16965
10997
10329
4092
6570
15005
1326
13578
8373
16986
1923
4812
11966
14421
381
10189
13003
3041
10157
11597
2499
1669
15337
1128
2372
5314
16383
11463
8233
3382
9835
2004
11317
1162
16415
11457
14018
11557
5164
5207
9739
16523
7174
1700
6731
639
1656
10179
4898
4504
8771
2991
4897
14394
21
3904
16103
6693
1243
14837
4522
16561
1888
9232
7443
8965
4332
15005
2163
6323
6901
3668
10031
16145
14736
6104
15637
7242
6859
12089
9684
13212
5945
12227
568
17411
17479
15100
11514
6054
2039
17156
8912
4077
10479
11267
17257
13263
16924
7063
13283
5153
12578
8936
4469
16800
17817
6256
8253
15916
1293
13289
8637
1394
8258
12291
12286
3790
7721
15558
6240
17695
2147
9706
7737
3175
5061
8323
4088
10346
10634
15559
17449
7690
39
15830
2857
17277
17562
7585
5851
15270
2530
8617
12407
2747
12489
9017
6720
11110
2043
1908
3120
16961
420
12025
14366
5583
14095
11094
10113
12095
5475
12894
15879
2211
17641
15659
10232
254
13420
5627
13423
9948
15402
2326
6128
14601
15813
12263
5958
4117
2337
8884
15298
7616
10113
14489
14293
17804
3245
14409
16164
4755
243
11309
509
12091
9965
3981
2330
9785
8400
9744
7088
6308
3850
4071
17339
10928
15011
12000
17987
6598
2450
7418
16970
10408
15165
11498
7043
13547
17445
9107
5440
995
974
14681
197
13311
10621
1906
10730
15564
17324
7270
16598
8674
6389
1746
4243
9056
6645
1593
15653
6672
15458
1631
1811
10384
120
10649
15309
3256
12307
10057
14497
2722
2825
11591
13221
5427
16874
7842
15680
15624
5414
2174
276
7673
503
13907
3725
2365
6291
6321
7046
1434
15096
5444
9780
13881
9650
10708
16567
13881
4351
223
16233
10743
1831
12275
3196
5421
17836
14503
2860
13756
1818
6358
229
572
16430
16805
5428
1041
3427
7075
9114
15747
3160
10975
10864
6825
17853
12642
1769
7886
1292
4561
3100
8102
15150
14207
12578
3443
1081
16526
2128
13710
12938
16181
12960
6794
12315
12517
9155
17048
15180
12015
16824
14791
11541
7293
6412
6775
3448
2006
7156
13841
7503
2033
2088
10247
12382
5615
15992
12467
6103
15452
11329
11975
16314
8446
357
14484
7491
9759
7485
11406
5902
9732
17503
9286
8125
10805
2554
7100
7616
7785
7883
11914
4742
4649
780
3185
12059
17523
5234
4582
3578
17860
11984
13146
224
17096
1792
14674
12465
814
6061
2833
3176
17318
1909
2108
15120
6121
4750
14581
5844
1981
4882
624
4379
10834
17069
11637
9768
11786
2155
11766
14500
17720
11123
5400
2332
9884
15630
17495
13869
11558
3992
14295
10601
6095
12523
13013
12599
10928
4480
11961
9703
17603
9436
5730
14635
13793
9828
1330
7225
10487
9012
5963
3003
10016
4149
11854
10890
7751
16568
2224
6469
16236
16520
15232
11508
5727
1171
15179
4707
6458
9847
2878
15150
16705
3154
2085
3764
13139
14289
16544
16781
14280
8685
12774
2148
9347
13670
14369
9591
4263
2960
2932
11640
10193
13462
13228
12327
682
17875
9625
10731
620
9453
17911
13215
1854
2031
12994
12685
5149
8597
10530
14753
1241
14053
15706
12021
11268
2026
11659
14254
17165
8360
7430
12638
2607
10747
8094
13787
4874
16101
5622
14228
17677
6337
6957
14985
4456
9081
7031
4089
18000
15265
166
8130
3186
10725
4682
9886
798
12870
13605
6448
6174
17327
16829
5130
3109
15892
2345
1276
11633
1923
2918
12450
15581
1883
5801
10339
3724
16468
6680
14740
8209
14488
13993
2684
13159
978
9867
14595
3922
9977
1000
16046
17853
16832
13551
7215
16398
15194
7851
7701
17934
3716
1766
6914
14811
12455
3373
14265
13862
9888
2271
17781
1129
14609
12920
17902
12372
9676
13008
3541
4223
1948
8844
940
12174
223
12056
1550
2289
6781
8915
2620
7579
4204
2713
2539
9466
7883
544
5552
4912
14391
6265
2750
7752
9960
12645
16263
11529
17549
4812
10315
8436
12675
16302
6805
4604
15322
12128
5934
1981
1572
9894
15510
15057
7833
13760
3927
4016
6487
5702
12001
2036
2672
10390
581
4528
16829
13112
7691
7205
9147
8640
6756
7641
8424
6607
6783
3428
16345
6092
17631
488
11190
16422
9329
3276
10755
17731
3551
315
4485
15185
15255
9272
17110
8067
1691
9749
13899
10830
7139
15967
8608
1869
13716
6138
8177
6237
12758
14021
10555
839
2992
279
17053
4981
8118
7808
2074
12068
9506
2261
9240
4365
6701
1086
15405
437
6478
10918
12958
2875
8564
8416
13492
478
7107
14355
8927
313
9646
2116
17254
2648
3754
12648
5522
17063
9193
17259
5608
7667
1211
2685
11422
6703
3608
7952
12351
13073
9307
3366
3616
16574
15283
8846
11089
12648
9642
13701
2973
6392
6975
6113
1744
7091
9139
8768
12168
10713
14321
10251
12136
16409
2439
12917
17101
14242
11362
4866
1377
11320
15138
3214
4091
10612
13245
10383
9106
2271
2870
13989
809
16894
10981
1658
2137
3444
14628
15197
3612
10258
17365
16925
6049
4298
17961
8537
9581
12311
10938
17081
8255
12802
15966
12131
4021
63
15767
1208
9135
11646
7085
292
14834
457
5396
15402
1761
14923
7273
16778
3040
4534
10003
4395
16896
13982
2502
15804
9342
6673
10636
15652
7151
17293
4676
11681
6110
8434
8582
9053
9151
9204
8788
2493
9249
16168
5232
10731
6236
14357
17179
17874
12284
3209
9372
16450
3923
5408
4501
6681
3417
10975
6539
15194
9746
7542
3673
1119
12573
341
6445
2509
8081
5948
7478
5752
4910
8872
14410
7696
1459
8145
3017
14547
11197
14166
14981
15018
12394
9300
15554
2231
14427
10157
12505
5863
2760
1131
10291
7780
4775
16888
1693
8237
12330
16578
536
16818
10188
3564
12647
277
13548
13825
1830
3305
2743
16066
8435
8222
782
16630
14129
15042
10900
7224
16589
14863
16792
16044
15984
10084
7786
17757
12754
16244
14451
4843
8968
15396
871
13175
14769
5685
1683
16149
2323
4774
11262
9132
13162
9963
10408
9197
12727
11409
16992
15263
11720
16659
7075
10830
13926
8092
16928
2513
6622
9002
15327
7216
5141
6327
8489
15691
12591
12457
12140
7891
14311
6125
14557
11082
5907
5634
5815
17337
16119
4590
12512
12218
8896
17414
14278
17837
14449
505
7401
10831
15814
6506
4358
1766
4813
5943
17918
9541
8153
8934
13475
10839
5931
4563
17738
9588
6416
15367
3346
2310
13350
17992
8479
5834
17023
4032
11511
17534
12783
5034
10903
16731
3109
17396
1507
14641
7671
3037
722
11017
8816
3224
9006
16665
5123
2476
10626
8135
13644
11030
7144
12315
5743
14301
2312
10353
12424
5307
13016
5194
12495
16329
16777
15824
12767
4051
2683
7791
3078
3310
10195
7118
17802
11520
7672
14210
4753
1602
572
6448
6025
16520
16685
5727
3628
3686
2629
9501
17648
2011
12572
10388
10957
7066
7982
11212
11017
13160
2871
1426
9191
2792
6689
3313
13577
12997
14073
17419
9914
1893
410
17680
9016
6850
10662
15687
5189
1313
3454
16853
7486
109
17254
16160
2639
12797
7160
8567
11706
16
1526
15861
10935
4506
5434
12863
10586
13033
2249
6403
10432
8482
10565
13986
10802
5942
10427
11505
10582
10970
753
6685
7593
17656
5169
5284
10057
5499
7834
6111
4170
8159
8707
5329
6291
4328
10734
7794
9843
8972
10013
15574
16547
11720
4396
14117
3019
6374
2494
698
1639
17841
11723
13002
8578
6713
12655
13953
7772
6705
6061
7227
8638
12913
1280
4623
9018
14144
5097
10314
17010
3951
8980
17130
611
14762
13054
15119
2998
14839
9564
5388
2182
9929
8236
15595
1365
3436
7322
16835
17912
3989
3964
1236
13407
5247
6512
7681
300
12614
9397
17415
1319
4809
1432
17438
2645
10377
4759
8683
4174
3113
13486
140
2416
15633
7220
595
10840
6938
16008
6304
5742
17996
8053
12271
15664
3861
13936
8049
7514
14917
9352
11057
12305
12637
15321
13511
16862
12469
5529
15624
8132
7409
9185
7237
5945
11932
6712
13078
8516
11239
6537
17625
8931
17040
9475
17848
16708
4204
5756
1002
8193
11941
233
8886
2556
9805
16756
10994
8153
15963
12547
6839
2918
2071
7010
10541
15669
11256
9898
15853
15319
10183
11602
9661
1262
2011
7307
12829
4314
3088
15412
408
16623
5457
5246
2175
11833
9870
15531
7379
2489
8743
17114
12296
14040
16958
14284
14604
7958
7904
8989
8782
581
9719
8031
12373
8304
9315
9332
5721
1139
15439
9532
4284
7187
14746
14807
674
7682
15402
9555
13666
3273
2901
4674
16941
11319
9077
5667
5106
15868
11030
15933
6670
1646
2482
7035
2107
10604
3400
12536
2736
5424
16404
1951
10675
8997
9821
14295
1391
12635
9494
5946
12579
1615
13656
12862
14907
14216
14002
11816
16018
17281
10718
17985
12883
14819
10320
11042
14982
2519
13680
9712
634
1213
698
5821
16210
16790
16733
9859
13215
15586
13942
4824
3956
16596
11381
15211
15615
14617
13429
7489
16815
8019
11328
4016
8678
2732
8231
14445
5557
12158
7812
9539
9318
12826
2925
15419
14133
15379
3795
4249
3645
10596
5330
12826
12149
3048
1163
9673
13595
149
15019
12361
17863
13227
10081
13152
12757
12549
6475
11444
6519
9411
13162
4073
9009
16774
16163
6630
12829
9693
1865
6201
14420
15737
3531
2787
3184
12050
7243
5413
738
16223
13023
4072
16333
1406
1894
15419
6788
12094
11237
6273
11128
17236
13060
17196
9550
15511
7839
2196
14494
630
12829
15521
3362
9390
9423
13129
3710
15813
8538
13697
3666
9890
16020
705
11581
15828
12565
1032
15563
12253
9486
11
6486
2956
17800
5535
1525
2861
4851
7325
12922
9782
12999
9821
12917
3494
13750
11906
8176
6162
13381
8935
1219
7009
14823
15488
8248
4365
1243
4481
4648
6244
334
5050
8225
1766
15634
6888
1310
5932
4262
10403
699
5396
11199
16052
5808
9353
899
9736
12348
9133
14084
761
13678
15738
8873
7571
5710
14702
2936
3500
16538
13811
17963
4649
7316
9069
12566
6798
8116
3905
10546
16584
1554
2619
2557
11470
12503
10116
8327
14256
7359
15932
10113
1199
13034
8174
3409
2485
8180
12482
4698
13495
7465
5731
4933
5310
2280
13082
2186
9592
4139
17170
14201
9069
4725
8156
11733
8266
7910
3765
15748
7828
3466
7485
4874
2932
10178
5802
1284
14727
16139
5202
13904
7091
7579
11834
17475
5296
8660
10675
13828
7404
7815
1779
15036
8612
12646
12135
12454
13863
13573
17270
7850
12110
4554
6333
11906
5434
3772
10608
16456
6071
15226
16315
11522
9846
2974
1451
17813
13029
14854
15461
8709
15337
10556
16072
17453
16597
12690
15706
10251
7857
14907
487
2253
12438
10546
7153
3206
12933
2314
2118
4505
13974
14254
13473
14174
10701
2258
3908
11463
1590
7509
15705
14228
7864
16665
5054
3378
3032
6760
8933
107
7593
825
6870
8756
8186
13299
10391
9204
10591
17935
2917
15332
3011
12308
5142
2288
6404
40
8272
11421
3848
5552
3087
16851
10952
17913
306
12678
10807
6635
230
14563
12409
9298
16419
7376
4413
9156
11388
3511
7560
852
603
2789
16216
9075
5926
12893
11485
9896
12053
5362
15493
10218
17968
5167
6935
4604
16954
15989
3265
1067
4565
1698
5899
9471
3197
376
1076
10693
2436
10307
11703
4999
3692
5599
10156
10941
2653
7135
7333
16626
5671
3874
5992
9052
13992
17725
15770
6628
10607
4945
2549
13327
11140
7303
9960
12163
17991
7034
15742
9383
12407
13217
9791
15773
10174
3086
1864
12378
10796
10427
8939
16859
10520
14394
14467
5598
12742
4604
1289
11591
9346
14999
7745
17877
9043
15580
7346
16170
5637
14743
7863
3136
7287
12387
14919
10251
1812
13627
4430
5320
3396
12641
4467
3485
11911
5351
2580
753
2618
8441
3815
9752
15133
4178
6691
10499
16864
1717
5589
17138
6259
4823
4233
15525
2908
16060
8584
14105
1766
9728
700
15273
10146
