638
7988
10712
1678
9997
3608
11860
8114
2683
12758
7626
3471
5751
12881
1682
13281
3711
7319
6507
11159
1405
3005
4546
6927
11432
11772
9532
320
2675
1563
9461
4129
9512
4695
6563
3123
10933
8246
9494
724
12617
9896
4406
12514
3484
9640
7535
7530
1804
13776
6167
11132
8504
6137
5454
7032
2108
4750
13794
4013
374
10312
10149
12963
7538
10905
6242
5311
8410
240
7041
7756
7356
5958
427
10654
7432
13217
1951
7278
6056
11461
9694
4876
11871
9585
2499
6254
3258
10554
11627
9290
3025
6374
11853
5770
7585
5349
11399
13897
13132
12145
7526
9317
12598
1801
1663
9898
11703
1660
640
13125
1659
2305
7213
11602
6872
2161
9735
7219
7419
6550
3974
3979
4539
9994
9932
6660
5989
6268
3791
7555
10781
5094
1982
13588
6675
734
11633
9363
6893
6716
12357
10664
6751
1384
10924
9472
12699
11025
5471
12341
8865
10794
4219
5756
7426
441
4235
882
7837
1834
8834
9455
1865
3531
10405
7297
12780
9303
6062
3499
6843
10072
3694
1772
4293
10616
12894
12192
3730
10060
1605
9713
9006
10989
8443
7302
11639
9706
9661
8390
5028
1085
4749
11849
6144
6864
11007
10080
11815
26
3198
1566
5488
1878
4361
7641
3864
4716
6559
43
11258
13661
107
9520
270
1901
2794
3622
3679
4379
13524
10994
5191
1053
4648
12120
8921
11436
3416
1301
9891
9832
10321
13363
12616
13674
11096
6028
7322
4274
13509
11319
10850
13105
11705
12997
12114
5615
11786
4601
12526
4961
10801
7127
1645
11949
5452
9052
13957
500
6655
6002
13436
8175
11643
1334
1791
10034
11151
3883
11634
13720
7144
5687
8190
6484
10400
9416
2936
5317
3111
12316
8632
11851
6684
11363
13181
3199
5016
11555
8778
13649
3743
9992
13703
1586
3649
6111
9927
2620
7188
4270
5054
12725
4769
7909
8096
13505
3000
853
3558
2843
13281
11024
3415
7551
11608
3124
5543
3459
6333
13645
5979
5924
2346
11383
10588
2029
2641
4864
1565
2493
10424
4772
10472
13709
11724
6994
13114
1163
3160
13239
9864
6607
4977
10479
1735
10711
6956
11874
2178
13013
13643
9550
10057
2567
8308
13210
2798
10074
2744
3866
11058
3317
1959
12371
8022
2013
10969
7328
3831
10968
11383
5296
8461
1314
9155
9370
5722
8658
4678
11714
13365
3186
145
11643
11836
3565
4128
2203
3463
13037
6682
6584
3978
4194
5556
9395
12057
6638
6798
2386
11654
13476
2000
5333
1777
6398
10889
1941
6497
10331
11523
5101
11515
1072
8136
10068
5082
4224
2577
674
2722
2181
19
8665
3559
5465
11893
11608
4474
1998
3283
13950
5276
13252
2087
8120
7830
12516
11573
8070
4758
9217
11775
5620
5172
9773
4517
8926
2177
6642
7556
8153
10885
7177
11740
10505
5769
13950
6958
9803
9646
6341
9566
7415
3158
6571
8756
6374
2571
10890
2012
8090
176
13179
12540
13970
2606
11471
5595
6955
13898
12276
1416
6341
8469
10234
9663
12353
11311
6619
11374
42
13468
1043
13709
2445
9962
10250
9250
13955
1829
4591
11044
10614
9219
12614
11573
2160
3355
461
11298
1085
4591
9228
9478
2252
9037
4886
5130
8436
3565
2651
4518
4053
2244
1264
10667
5338
7764
12374
7352
8346
9176
858
7456
3795
10386
3034
13615
5200
1033
76
9603
3755
8598
4244
12939
3719
11095
10773
5439
10598
2244
8541
6431
11707
3305
5453
13662
3431
11870
13958
13502
5839
628
4120
535
6933
3714
13112
4772
5936
11976
6992
4627
1205
12487
13473
937
405
5698
2423
4592
5112
1353
10969
13724
3226
1117
3780
9679
7920
2430
7405
8299
5566
7128
6724
7345
12447
8218
13098
3704
4073
3017
6999
7380
299
7765
6862
1728
11754
11435
3019
12317
12401
9127
10760
10456
8245
779
11870
1454
12143
7818
4193
7733
10103
9867
2402
11546
2692
8213
3227
12869
761
993
8391
6082
320
6297
3550
2189
13972
7216
8555
307
7847
2121
12931
7015
3856
936
5699
3913
971
12102
10143
8306
2356
3540
8918
5152
3964
2600
3925
2672
692
5235
8950
13886
7111
11927
8436
9715
3595
12070
7271
11869
5866
2602
11254
5573
6050
9395
1522
3935
1090
12652
5953
6637
5292
3390
11534
11585
7477
2082
830
2159
663
11869
4414
1417
5371
702
11738
8552
8952
2379
13529
11499
5119
7663
12204
13476
5335
6421
10530
8619
862
6409
2521
7365
13492
11843
11811
10659
12003
10569
13324
10920
10768
4861
9665
11267
10727
11428
6460
2749
7693
7793
6581
12234
13164
1504
1534
12407
13889
13383
7498
13389
2186
7177
6397
7158
1200
7873
6415
731
7931
4107
9384
9600
12016
7052
6459
4892
1268
10404
277
12916
8308
13562
12384
10014
11611
4912
13090
13872
7395
11015
939
2868
12460
13093
12171
3725
6536
10677
2488
954
7181
9619
5875
11042
652
12023
13319
1549
5584
93
5184
11683
10724
4229
7619
13896
8705
4168
12653
2314
12785
8873
543
8428
11557
7452
8213
6853
12646
2669
531
4348
5503
8598
93
2008
6278
2734
7240
4957
11155
10844
2970
6041
2767
7294
2313
5202
6805
5782
4829
12169
13279
650
8051
722
1595
12544
6265
2414
4670
13461
11938
5524
10730
1992
12026
3562
13973
714
13343
13668
1460
2358
6163
5387
694
4898
6133
12350
4523
9729
839
9000
5576
4150
980
13054
6247
2779
8143
279
1392
3612
219
778
4541
13666
6969
13665
3421
4378
6315
2552
10063
11297
4077
9136
13913
3015
12668
10123
4627
6322
4383
12774
12282
10498
2073
13720
10966
12355
12239
12059
1512
1477
6634
11663
5031
5241
8886
8523
8742
340
1674
9690
12658
5280
3502
12343
10785
1640
2397
2595
3086
12677
13274
1032
2791
4627
3412
9646
3277
1258
6386
11014
7925
7392
4184
4600
11404
3665
3872
5447
2049
4610
2067
3030
11060
4411
9905
1506
5168
1041
2299
13610
13017
267
9157
4080
9917
10817
8560
4480
12933
5153
11069
3240
1913
5747
11343
7716
1822
4755
7366
8247
824
7293
6152
9617
4557
8446
5950
3029
10472
13751
5036
10466
7104
4924
10125
2573
4856
7970
8513
1751
10973
7320
8917
1013
7237
3975
9341
385
3837
10421
10484
686
5489
5941
11426
13352
8573
3333
1479
6460
10191
1237
6685
1534
6117
10196
6939
7282
1629
12397
10137
2707
10945
8794
8027
6539
7077
3017
646
10303
3917
5702
13913
7842
1491
13399
13766
3608
1980
4226
9270
7518
13765
9722
1760
2532
2294
8052
2515
3478
5614
2513
5427
7067
7885
11214
6699
496
825
8910
13102
9570
8292
7882
2101
11872
11813
3950
299
9816
4825
7137
3844
7068
149
2504
8996
12209
10949
10977
6363
7699
10857
3714
11924
10651
396
4129
11741
7759
9064
10941
7649
9511
4544
13241
10405
7195
628
8467
4029
8155
6399
11017
4798
10589
6437
3087
10269
7283
6553
4096
10610
1466
2337
3992
10064
11523
6987
7072
6688
790
7765
10695
12087
2686
3392
3417
5667
4424
3944
8974
13342
5725
7852
5470
13147
9784
1227
5202
13856
6884
7861
12448
4628
1473
11495
13100
1538
8530
2575
9268
3126
6123
11005
10767
4563
4696
12538
10819
2310
5164
2064
8732
12166
13772
3863
4826
830
5435
151
12474
1601
1494
5121
3803
8239
10508
7757
8731
4784
9350
5133
4021
13274
1086
5618
10933
155
4768
8768
8452
5385
13436
6899
5917
13257
1973
8293
9679
11126
12380
4275
6402
8196
3751
8202
3028
1555
6574
12095
9276
12799
2119
8753
12231
2069
5123
13577
6261
6714
10424
2246
9729
9983
7462
13082
56
11964
12951
6347
11151
11034
704
13803
7624
3818
5584
7676
4124
2364
5558
1649
2738
11237
9195
12733
445
4652
12398
7977
9756
13528
1583
10590
9912
11998
13655
7639
793
8464
4815
9375
4935
580
11515
9286
6394
13718
5257
3710
6945
218
10085
7442
4434
13356
8246
9297
2101
13807
1791
13294
8598
3831
13454
8597
7208
12137
6144
554
7834
11530
11533
1591
5413
6814
2180
3564
8367
13302
9940
6259
4431
3980
6123
13245
8483
1010
5774
12811
7427
4809
13252
7224
5429
10044
13062
13537
6400
10140
9691
4876
13067
10180
8795
7868
10797
1266
166
4054
13009
8215
13082
8015
803
4380
8763
2009
12872
9499
11603
940
10887
2537
7507
4818
2640
1469
6554
12410
9544
6033
5227
8605
974
1985
3061
11004
2243
3656
4945
4963
13433
6945
9940
4170
13
7095
3396
8489
13833
9783
13220
4827
10562
678
3229
10545
836
7907
3147
3754
1063
2113
3183
8205
5163
1962
394
10979
7976
8533
9631
8281
8320
5530
3160
11730
8203
7553
1593
12119
8188
11129
10759
1554
1800
11592
169
12145
13243
3305
4823
4395
4537
3831
5184
4973
10813
5716
11896
13506
12361
2146
13685
9034
3816
1078
4453
5868
3436
11192
10165
7688
10372
1479
8466
9278
3171
4488
5122
6299
9176
388
1721
11943
9987
8657
10565
12097
10449
8685
5421
12373
12152
3131
7939
4849
2299
12147
9502
12702
3972
6065
6257
10262
3450
606
5683
11959
6143
1201
7785
5353
2048
2574
10114
8288
9991
6037
13186
11023
12944
8827
12418
12913
10381
3484
7535
4105
4892
6906
7872
10090
8603
12866
6020
9425
10475
5771
10037
8932
5803
6056
2027
8015
2660
13871
13073
2369
3824
3766
5015
1380
9494
12153
7578
4149
64
10689
1620
1455
12023
10252
9289
5680
7575
12943
3364
7350
11846
8849
10228
11409
12054
11495
8066
10884
12652
2422
5235
9242
13976
6360
13867
12595
5136
8312
4683
2485
8824
12371
10509
1542
12928
7673
4664
4477
8772
8129
13498
7462
12010
6445
810
5474
2053
11319
10856
6226
3575
10930
10021
11165
6254
9279
11419
8595
5467
4356
13811
5887
7459
11923
7453
13718
9800
11962
10521
5949
11159
2078
1961
3404
2489
762
13901
9347
1609
9265
857
12049
10740
7480
11823
9877
10669
11762
8362
5554
5791
2612
13687
4619
1789
9200
1684
9934
304
3605
6028
6379
10993
11362
6154
11134
5577
2693
12386
6260
3592
5590
10242
7672
600
355
13279
6308
2417
2041
338
7796
5829
10628
2534
9605
1155
487
512
9086
1497
12088
9836
2157
6641
11635
9084
6024
11947
12197
1714
903
6284
9202
3695
11685
7165
5973
7537
811
7434
1590
3896
12872
4250
2993
6669
12218
6065
13718
13552
326
12099
9791
12158
8477
10836
7714
9639
8330
10924
8399
1163
2133
8867
57
1922
2340
5357
2726
6967
8607
5229
4946
6103
2800
2847
13113
10716
763
1765
13753
7728
7930
11337
12164
4100
12694
5193
5261
8068
2297
8789
4630
13921
3142
9830
11996
8011
12433
5992
6143
2698
8590
4269
8185
2920
10452
8182
362
13963
9079
12911
11005
4256
5919
11958
1846
3714
2397
4003
9673
5300
918
1609
5199
12614
13231
13470
835
10808
2236
3705
8415
1631
8677
8065
11017
13811
6164
12005
6213
12438
8673
10124
2403
90
1325
12947
12896
2180
74
12322
11441
6091
4936
13126
10460
6448
10844
6740
587
2531
9976
3739
5734
10637
1830
2343
469
691
12201
2031
2891
1716
11405
2762
6194
8174
952
289
11770
4231
7925
7491
1269
2265
3562
6204
8006
11060
6991
6750
9919
12056
5478
5149
8460
5242
452
805
12396
11746
1744
1876
1835
11125
7533
8664
5945
4352
3800
5142
3004
4549
933
8829
13233
11788
287
6740
3230
10337
5496
3656
1247
3016
11505
10416
5031
9813
4130
1554
8964
7143
6458
5255
13938
8098
2886
8724
9671
9147
11905
6175
7161
3092
10526
9586
10688
4027
2053
2809
11706
8971
235
1236
9908
7701
5943
8953
9245
11064
6278
5337
827
4715
9293
4723
13380
6669
8116
7966
9443
8096
2033
2911
13871
7464
7550
6469
2815
10271
770
11467
10360
10241
11253
12814
10190
12204
8587
5745
1088
13416
2302
977
3294
5153
7266
12241
12006
3063
9036
4307
13229
3118
7282
3692
2026
9328
4654
3120
8607
13948
5692
12584
2920
389
3717
1858
772
11754
11066
2904
8242
11037
6523
440
277
4190
793
11604
11642
377
6845
9094
7054
8661
8878
1579
3392
2571
8153
6821
10972
3057
9991
4042
1531
6753
8057
5346
9143
10569
13805
9577
5727
2897
8921
6250
2846
5650
4599
4968
13133
1428
9281
2671
4874
9516
10412
777
11579
6920
5599
7237
751
1441
13117
2589
11878
1834
7597
3353
2424
6609
2091
3833
2688
5369
11870
7778
1895
3802
2572
3407
4134
3275
4729
13578
10026
3266
6729
3382
4818
1461
11870
13823
2564
9471
13942
5696
1194
7609
7386
5864
13622
12656
3199
12653
8963
12756
11265
3335
7087
13125
12089
12462
584
5063
9080
769
13735
11756
6827
12813
227
3803
10604
7039
6752
6463
3197
2354
12147
11611
5309
2212
6795
548
11053
1377
584
2545
4233
7705
10496
7755
13459
4333
5672
11326
10374
4156
11292
1073
12062
9911
1414
2063
10680
1329
4696
13227
4045
2206
10188
1220
7226
8214
13736
10578
11849
12767
10989
7368
9456
1012
8665
13018
8159
13203
741
4606
7123
8171
7467
9512
964
4052
11213
4172
8823
5304
2722
4797
2473
4666
7865
12674
2878
8899
9274
1693
12031
10979
7059
143
4591
7474
8432
5283
13763
11952
2476
5272
6497
1075
9668
13034
2816
5471
10332
5630
4280
11453
13784
2960
3384
12264
522
1524
10120
3948
5014
12602
7631
1243
11757
10412
5562
7229
11777
3737
10557
2462
10596
7246
5600
13822
5174
8073
6299
12865
6281
2166
620
8662
2281
13427
13444
12894
13669
10389
11516
8678
1164
5676
3996
5591
6914
252
7398
1023
2791
1729
4584
10737
11445
13788
9840
13555
12281
11223
5683
6781
3003
13559
6560
300
5558
10300
4698
7978
9415
9873
5955
9146
5587
7128
1075
10861
4873
1590
13441
10248
7722
11027
4034
4606
11822
845
2961
2987
490
3144
2268
10620
5489
4272
10913
9926
936
2167
2838
7186
2848
6137
10637
12809
12469
6196
3844
1354
2131
11380
4608
8780
13656
3886
10410
7619
11777
10215
4014
9250
11251
10275
12593
2629
1175
1758
2729
9022
12865
5358
1458
2406
5409
13613
11769
1845
13164
2743
4574
3701
9415
5171
4981
10890
5788
5846
5508
1469
5379
11430
8687
10651
9782
7851
3597
3379
10251
10742
3653
11362
9732
6800
6891
5500
5863
2869
7977
3423
383
5086
12573
7320
11781
9584
7136
13555
2741
12846
10543
2629
5244
9764
1843
7928
6405
5439
391
10741
4867
730
1664
9375
8990
6868
7090
12887
763
13656
6015
12617
10346
13459
13613
580
1226
4801
13798
12133
10139
914
7468
8412
4724
3952
5252
1223
5940
161
10880
2114
4362
4451
997
10115
9299
2682
9516
9443
9662
7761
1903
5161
12627
8656
1866
13176
6075
2802
6566
12212
1664
2525
11802
9895
12420
2007
8314
7185
1339
2934
7758
1881
7978
7612
10735
7826
10817
353
13719
10105
4173
5465
7654
13633
5398
7409
4641
938
971
926
9199
243
3655
10061
1601
11839
3150
12365
8573
5080
13607
1870
11635
9544
10986
1801
2129
5189
760
1448
7539
4815
13803
3627
13919
13889
13570
2525
10190
7968
4763
8013
3203
5637
10438
5979
11642
2288
7568
6908
11797
13535
10340
10130
654
6454
8224
12161
12474
6456
4318
5668
13205
4510
2124
3344
2992
3221
9170
12420
13143
9831
4563
1121
2140
11834
7027
3890
3942
9310
12005
10950
9374
7419
6888
7644
11609
6476
10293
12214
6510
10585
4379
7558
10584
5527
13555
1571
13344
5246
11539
10251
4192
8233
13520
7843
3639
4783
12566
1349
6107
11639
12236
4792
7306
5332
1643
10996
9870
13979
6827
13071
2191
4616
10081
12979
2186
2034
8842
4850
5517
13195
6897
1572
10508
2458
4130
2973
11108
5942
13417
11541
1061
408
10423
9732
8278
4374
1104
1855
5692
10698
4281
5399
10590
12298
10063
9649
13384
4276
6579
2158
11376
12445
1307
4804
13461
13612
13774
11546
9176
8788
6386
11564
4478
9389
11507
8806
809
13409
5132
2760
5661
3010
5121
3100
12079
10713
10261
11968
9028
4753
4977
3130
9423
7945
6263
7036
7841
9487
1256
7202
4363
2239
13075
9784
2312
2892
11172
5284
12785
6843
10417
3452
12083
4309
3171
8007
5586
10103
7188
2313
5212
12838
5555
9206
12415
2854
6036
6167
5587
12052
2983
4523
780
2396
12941
9408
12198
10267
762
4090
13796
10849
2353
7517
261
13522
326
2250
12757
7392
2132
13061
6175
11394
6096
7064
6404
5334
3999
11115
146
4604
431
11717
11903
8580
13504
9257
7274
11900
3978
7974
9243
9558
2122
10032
4140
5620
2586
7608
6788
3002
6229
1358
8777
11854
10400
6695
3227
6389
7750
13150
10706
1563
2224
2736
13382
4934
10592
6702
12788
3509
6970
11420
2055
3778
3574
8927
121
2325
570
6265
12853
11669
3920
8865
12474
4129
6266
3366
8178
1851
8485
4343
8842
3092
3433
5066
8664
6660
13773
1664
5088
8400
7495
7397
7683
6153
3113
2263
1906
10163
12833
12502
9292
13106
6470
11041
1819
4131
6736
207
9478
184
1877
10261
8448
9830
5222
9595
8800
6463
406
2091
2224
9731
6440
8814
9311
4980
3792
7957
4112
442
5465
13404
6221
11025
4876
4417
13374
6540
3207
11980
2104
7172
5114
3460
1514
10011
12010
1594
11070
10713
1454
10763
2123
7561
13841
3313
7719
11555
8244
13046
12283
9702
4949
3545
12162
11752
4606
10810
7019
12823
4908
10229
6106
9350
6239
9410
13905
13800
2988
8717
10959
7082
1499
8875
3026
12630
4193
1573
2741
11153
8275
12069
402
10818
7299
6074
3306
7709
4686
12040
1862
7679
641
1878
8447
11356
13646
2499
9907
7793
8252
806
3344
7042
13320
11538
8016
13132
2826
12490
429
374
13711
1442
8903
13489
6257
3376
8217
10773
8432
6730
7001
2231
4743
10367
6279
8074
2583
801
2761
2196
5047
12302
1829
9146
6465
4631
4828
4855
459
5498
4668
4307
8749
12425
9019
13499
3656
12237
7314
10281
5652
5597
6083
13481
8056
13949
5225
4569
13202
2923
2913
5859
11620
288
13265
7496
332
9286
8539
5538
3248
7032
12182
9111
1729
3192
13300
8001
11849
5728
13647
7804
6176
6261
117
10458
3047
10040
12376
3920
12853
6779
12363
1281
10305
8883
2428
10038
2717
9318
13900
11074
7171
4854
1190
11639
4000
5249
10793
893
1032
2389
2005
3935
8146
12247
7618
13471
1703
3080
13033
5566
7651
10518
3562
11464
10143
1502
8928
10478
10097
325
545
11297
12026
1138
13105
12272
9197
7812
4373
8344
2102
3412
11097
4029
9790
11455
8996
12475
8414
3077
12444
3573
13274
2510
4790
13315
902
13000
10924
2572
13843
458
6646
5480
11342
12142
10941
10984
12581
6469
4006
9222
7836
1663
13760
3835
13868
11741
8350
7638
2057
3693
7839
313
4486
12077
7643
4514
9286
10233
6974
1858
8620
5141
10618
13312
6532
8165
1835
10069
5475
10186
2537
2443
9671
911
2328
2818
2397
7203
794
6639
1043
11
4027
11552
8011
7581
8158
4901
5449
5669
8541
5366
3609
6390
10538
9601
13162
8970
7967
6726
10172
13338
2971
11744
4869
922
6587
3923
9786
3542
10411
381
7763
2926
8561
2520
3329
9451
7103
3197
11345
5452
1978
11130
2441
5338
12277
7871
13599
13066
856
6562
11160
8079
5876
12422
51
9472
13163
4732
4286
9318
10640
13592
12052
4320
3966
2736
2347
1501
8041
5560
13411
13533
5953
12500
4506
7876
5964
8499
11993
2980
10626
7765
6493
9574
8324
13866
7320
10537
12254
7029
11215
6291
807
4743
2910
4157
6331
12245
1195
377
7040
12045
5842
5290
4661
6751
8799
2230
10491
8260
5860
12936
5345
10681
4547
1087
8798
3416
6317
4273
2103
9961
10222
9293
1767
2926
6287
121
8265
11468
4871
1607
12102
10392
3697
11947
7021
13091
7443
6232
1368
474
11783
7318
1733
12874
1731
8087
9615
428
11727
4254
1722
12738
139
8486
6782
6573
11321
11135
5511
11163
13209
8766
2915
6485
5698
7648
8191
8309
7337
336
1936
4497
1740
9763
3489
216
5243
9343
610
9704
12255
2341
5202
10252
4911
2806
2063
4866
17
13843
8777
7760
133
8496
3015
8578
9041
10573
8256
9564
5861
13251
13848
6857
5509
5447
103
1473
2117
6454
8713
10355
13505
12389
9026
9266
9787
12428
9107
10809
7412
3806
2087
11809
6670
8678
13533
2055
36
10308
7079
4808
9596
13758
10973
12327
8804
7962
8528
323
11390
11327
7820
756
12551
5519
9641
10789
4347
7661
4873
3922
5720
1902
8461
7154
5530
3331
3945
10403
11653
13057
8357
8571
4001
11247
1161
12706
3871
2033
1810
5715
8426
8652
9308
13886
753
8078
3776
7741
6907
11889
420
4216
1261
6494
6006
10129
10305
5707
1727
7859
9536
8228
9780
2024
9548
9198
10795
7340
5059
10110
2931
5730
6410
10236
9804
9049
3783
13983
2708
7289
8180
11129
10852
1077
12676
7353
9155
10849
5976
11334
6614
3175
216
1818
603
10980
11708
4442
121
11663
13066
3836
12716
3126
13492
3662
3877
7727
10486
6819
10337
2477
10199
6923
12188
7564
11803
1693
1184
4764
491
6131
13600
12550
13295
7604
6877
3398
4029
9123
11823
2513
9496
12421
6862
4225
245
3656
8960
2478
1715
8888
3874
13713
6174
742
8742
11477
1721
6885
997
10503
9804
10955
5624
13489
4947
13720
326
4511
8216
6347
3563
290
11905
10344
12206
1760
7529
7088
5446
7184
12565
12
12324
9195
12129
2324
6719
9644
7910
1737
7005
6711
7524
1772
12670
923
11328
13489
12925
12190
824
10059
6711
8167
10905
772
220
5985
3627
6191
10558
9648
2288
7054
3999
4367
7860
5151
8353
6159
7316
2609
11160
13740
7136
2520
9076
6462
9522
918
9342
11214
11336
7347
650
12785
1227
2165
2405
11408
3802
6015
11759
10182
5038
10038
6547
4941
6753
10446
1063
10151
7156
9103
11525
3339
8080
11530
13093
2841
1015
7868
766
13115
9595
11526
11943
9497
4749
3343
4933
6363
12302
1097
8776
2830
7369
1352
2723
7262
9671
426
10610
4110
5081
3169
11131
6695
11434
7919
11306
8824
24
1674
5511
4551
10044
7282
13631
8730
10329
4145
3164
6912
4522
8589
8255
6117
7125
9839
1352
1503
3330
4825
6352
12866
7936
5736
7056
6658
1989
316
12156
3882
11853
9042
4886
13287
5192
12433
1802
7620
13614
9061
87
18
9392
7703
2616
10490
11279
1796
12595
2423
5848
3458
5283
4589
8376
13491
5244
1766
3029
10092
9477
13757
7314
12325
5827
899
1218
6273
10058
1349
8711
11298
3695
6693
9185
3146
7985
10006
823
5367
9325
13376
5149
7066
11772
2746
5828
4400
13219
9144
10190
10195
95
10052
11518
714
7265
2785
5265
2416
5417
5599
487
3202
7274
7182
11059
10994
1257
7112
394
9499
7912
4923
4432
3981
2941
10186
10698
13434
7348
5281
6666
4940
12530
11658
2740
1785
3612
8327
5743
5769
8810
6812
4768
915
1642
13255
5909
13032
1035
11258
8148
7662
9685
10920
13679
9165
12799
12378
6888
11159
13173
2799
9135
12982
1217
11368
4648
1518
7750
2434
12224
9410
9695
7257
6983
4143
6839
4837
13076
8883
9356
1595
7987
13208
10308
7991
1273
5839
7262
2405
13751
5782
6190
4199
12321
5991
11228
9154
8046
1847
8813
3740
1498
6568
12094
8544
7742
10786
9627
9416
1203
2393
9951
10571
10445
5904
13451
8912
1204
13604
6010
5466
8968
11780
6153
1213
1372
8702
334
1923
5353
11590
10999
12648
7594
6132
6180
6935
9427
9300
9713
8196
4372
7915
12968
3952
10442
6719
11581
11444
2706
2223
13991
6632
2866
5260
11618
9691
1261
7057
2555
7542
10657
5413
7850
9970
3310
5166
1279
2762
3878
12829
8168
13549
13731
10302
2837
1409
12489
2490
7608
8741
2474
3214
11726
3704
3954
1663
2
6097
7495
10187
71
13195
4350
12290
8781
10057
9399
13454
1674
10764
9575
10556
10978
1964
11065
588
6794
13932
3735
3455
6644
1302
11158
5103
3432
6920
12539
3595
8571
11318
8567
3335
2545
13055
9328
4914
10352
5456
10799
8448
7177
3853
5770
11341
4728
11884
4436
4694
13841
2282
5189
11236
12527
6303
2662
2063
4382
7552
10582
1390
3060
2568
2661
8844
12008
11407
11666
5220
13109
2412
2727
2906
13912
7964
3932
153
11567
3946
11441
13097
1935
12479
3682
8466
6006
12228
12226
4404
59
8173
13169
4073
4769
2703
12506
1899
1013
13504
1044
7796
1429
4918
7886
5483
7263
1835
1769
4320
3809
8479
11943
10598
13084
1736
6670
1669
13520
2016
10305
1472
4263
13161
10727
12763
10284
270
11124
1310
9204
10433
1319
8175
6249
11611
4281
4128
10014
13544
4775
3181
8046
13307
10087
13054
3336
355
7009
1675
13949
2185
9128
3051
206
9865
13012
4296
7030
6971
7794
1336
672
3083
4817
1111
6363
6857
6708
1943
10419
12412
1900
10125
6490
9106
4311
1303
9680
6418
9933
7420
10206
5307
1417
9540
9537
4013
5448
30
217
11013
1894
5767
8337
3483
1873
13293
9233
7863
6317
2671
9482
2245
8963
6148
10024
9754
5406
4197
9046
6246
4334
5237
13584
3015
9386
5629
9467
3149
9948
4167
13784
2967
10293
10473
5739
2902
2589
10314
13477
12708
10581
1636
7501
13484
11216
1630
2403
2804
8069
8680
5862
1834
1908
11535
7502
1826
7019
2179
5895
10874
2168
4877
10379
12854
10163
11643
9359
8159
11037
4123
10187
11809
12207
12653
5642
6460
554
3037
2076
7296
13096
3140
6393
10171
11663
5781
10716
4433
1157
9050
4761
3274
5147
9048
6282
5039
13442
379
12367
681
4283
5378
12090
644
7150
28
11154
5814
95
7358
8135
13574
3438
6430
13025
3719
4958
4792
11671
7619
9398
2617
11118
4897
5177
1848
5276
5006
8539
13909
8845
4349
4616
6259
1731
5187
12040
4840
7112
9191
225
4608
8425
13167
5914
6294
8495
5750
10935
8042
10513
12395
8702
11522
3429
4759
10964
8112
3004
4756
1540
12838
11910
2404
9407
3336
3143
9165
11646
9533
5338
12261
3272
6747
5242
9397
1218
5182
4330
7868
5063
2982
4928
4813
4920
8236
4446
10602
6848
10727
6101
2601
1554
10987
11583
2356
1298
12846
13173
13799
5622
12307
9928
2117
6361
483
433
7319
931
991
8630
4426
12198
3778
3368
11667
6762
11639
9894
11177
13404
5209
3307
12742
8633
11736
9268
6208
11932
11733
13249
4260
9246
7295
13442
2444
2304
2633
8731
9825
3561
2749
7936
3267
12157
6694
9180
1947
3921
9173
7885
2040
3145
5667
9248
3980
13559
5225
2141
8286
5189
8300
11927
5609
5303
10573
722
176
9904
4946
9285
8818
11461
2739
10274
11295
3723
4648
4806
196
9386
10589
13824
50
13223
8667
3860
8259
1481
404
8431
11996
12102
11465
2145
7814
3633
389
11117
10914
12610
13638
11332
4181
1089
5984
1284
5883
2253
3643
7114
13862
829
8516
8295
4183
4419
7195
8558
2149
6344
8252
7894
3712
5689
1406
5905
12623
2229
11420
12490
2553
8477
12208
3735
9382
655
13083
4090
308
10052
3142
592
12943
3666
5991
613
1878
11256
3000
8953
11149
6274
5400
13790
3414
504
3452
2578
10848
8313
10709
9862
3392
1578
11432
1778
9276
517
6424
7670
4662
4061
10258
1782
13577
8017
13105
7828
13615
13170
8764
7913
12731
10085
2617
12660
11673
5773
10097
11357
3584
13852
1338
12089
7970
7833
6626
3792
2597
1430
11161
9550
11185
1860
2954
5705
8636
12684
13103
1546
9697
12254
11540
8699
8880
3606
10806
10495
4414
11211
2422
7358
4655
939
10230
13357
4865
9669
475
4739
8392
1424
5978
6611
1127
9555
11096
12071
12083
6488
8931
8231
11766
3963
6193
13202
3008
13056
10119
292
939
13369
10939
1191
13686
12954
7623
9279
9191
4361
8070
1788
13326
7476
4649
3453
4651
12285
358
7614
323
13411
8568
1701
8327
13585
6391
1701
7425
5449
9264
13127
7949
11409
4725
11486
11296
6276
1165
3682
7874
13682
4373
11408
11524
225
5171
5114
2885
3882
3494
1973
3574
8540
11284
6254
7933
4371
13969
6841
11182
542
9033
8586
8222
12098
5956
6783
12858
9403
9754
7290
13544
2148
10509
5009
214
1542
10666
12070
8393
5311
6956
11057
13432
5629
9716
6060
9555
5438
6988
4768
13039
2248
10980
786
6936
10215
13505
5608
4870
4806
4329
7928
8301
2907
5755
7842
7875
9009
3067
6567
6450
1680
12462
3352
11947
10246
6369
9630
8836
507
11652
1680
4060
7321
2249
13449
3260
3493
6700
7974
11198
10882
3845
11124
11180
8706
4268
13713
7766
5148
7501
8117
1244
6085
1846
8618
3255
10066
4726
8009
11438
13728
473
13910
13370
2816
4121
11531
3911
11699
8107
6736
8103
11496
5758
13474
13016
5384
9317
409
5931
10979
6576
12181
9017
3706
10650
3046
5813
12946
10505
3808
12650
7000
7611
13768
8834
119
2597
9807
2011
7158
3793
8990
4424
5459
2476
3303
4088
13175
3538
1020
10433
5374
897
6206
11667
8140
9787
7654
2712
5105
3479
11249
10037
12181
12623
11625
13492
5388
12340
884
1500
9525
7433
11921
7029
7075
6270
10605
6183
13403
498
8115
8776
5657
7543
3450
8645
9756
3141
1210
2359
13918
7219
10116
5846
5250
7086
13824
6486
13336
12651
12844
5522
2337
3535
11736
7493
9627
3217
4056
436
3206
4976
1547
5022
731
2849
5299
7222
1964
2642
3898
6005
13332
448
9136
13488
13636
12141
4322
10954
3834
5209
5100
10269
4800
10522
12260
8291
2492
5211
8921
9154
8783
12997
5642
12542
4224
5340
7373
12281
9463
6769
12807
125
12846
9899
1850
193
6605
11861
11177
10619
11621
10407
11761
2699
2466
5802
2612
8244
13548
3716
7030
3754
11977
9202
2705
5144
13200
13112
934
3255
13161
9812
12751
7113
5290
9553
8933
7389
6173
12344
13563
2984
7720
6857
1373
1196
5097
5163
9387
8276
4529
10704
12291
5738
8964
4692
7152
2188
1109
5242
10229
831
3972
4893
9380
8568
8411
2300
11589
10696
6108
11520
10695
2528
10077
11501
2599
12392
3856
12443
6675
1371
2098
11675
11996
9099
12165
3882
11839
2999
12392
1385
7343
1783
9872
11449
11868
5834
12630
9756
1207
7277
13666
6218
3014
544
2781
11787
6131
2060
13931
4112
11415
10580
356
10158
13788
6555
3564
6817
8547
9770
10820
6711
13263
11126
10216
3015
9380
12623
1747
4741
9522
6450
4376
7180
7100
12937
1306
13029
13292
11311
5904
10373
3222
8348
8278
6853
4817
759
10163
3197
6150
13506
8158
11235
13170
5701
2967
11013
7524
12529
11805
8664
2705
1081
5009
785
8768
9239
733
6284
6676
6803
3967
900
8801
143
9035
11939
1777
12377
11468
1091
5547
3788
7212
13994
1543
1931
5200
10521
6273
10687
8463
8546
13491
6478
2054
6466
11648
10257
11049
271
9453
3648
5195
12565
10335
9424
10583
1233
7819
12480
7262
6642
12572
33
9882
7748
9494
11546
11036
1772
9503
5257
9290
5065
3699
6770
4154
12433
12748
13256
8416
9688
3210
11683
5755
6016
334
1034
1866
2010
13086
8741
5595
7731
7315
9717
4049
6760
4619
6356
4428
13706
12923
7700
13764
8857
8409
3981
8728
8390
6652
1074
12226
5648
13296
1185
1955
5195
3058
3836
261
8862
7438
7721
409
2754
8040
3120
6604
12509
7848
3190
2575
6154
9984
5704
8760
6227
1591
2709
9269
7153
11501
9976
3517
1093
11126
12042
7734
3817
9024
10086
182
4567
10786
7668
13543
2893
6157
13270
3284
13751
448
13089
3400
13685
11783
12902
11292
370
8940
137
236
896
2371
274
4344
3006
770
7817
652
7322
4127
10782
11661
8781
12620
8959
1230
9129
5972
2572
1723
6410
10840
10472
7731
8015
4612
2229
12238
1562
4455
6782
5568
10798
2870
8206
6235
1366
5786
8018
7127
1439
12075
1784
7203
12347
3512
10161
439
3472
8167
5723
5983
4049
8480
5450
655
12494
1075
1500
2572
5526
5256
6924
12516
6870
6663
11812
4677
12456
3310
8924
7230
9910
7502
7943
6403
10203
11704
11010
2325
9743
13657
818
11158
4081
10987
6470
13722
5861
11413
2947
10257
13164
4838
45
5737
3853
2697
7555
3340
9642
10847
6177
2161
316
5210
7065
4503
1835
10903
2775
10363
158
10687
766
8689
13706
6369
8231
3799
10233
6751
410
10917
1124
9093
10436
13835
12829
9600
6066
13755
3028
12532
1428
2319
2952
4287
3945
2709
1714
10420
11125
7227
3992
2385
11235
11232
12687
7510
4236
4144
2696
11188
5384
5485
10654
5639
7915
12652
5478
3935
4822
13940
3299
4978
5216
4288
3646
13039
13842
11326
849
1661
11173
898
10655
13987
1827
12798
10545
7846
8794
8477
11205
13132
9367
12996
4203
4344
88
2522
547
5148
9765
7527
7499
8311
9380
11063
7064
1707
8552
957
5114
12439
8270
4704
8559
13801
12383
7798
13004
12660
1766
11153
10931
2784
9823
9844
8379
11192
1963
8987
2065
9427
13668
13392
6090
427
3546
4784
11657
7158
3358
4713
2404
2667
8607
2265
4233
10137
5234
998
9859
1411
5003
5779
1475
8403
1323
10386
11674
7617
13091
10174
7305
3088
2458
7511
13850
7954
11259
8232
7018
2021
3151
8300
8652
8528
296
358
526
9538
2049
2224
13186
1552
9065
1550
2631
3464
8594
5969
5401
10384
6102
7552
8263
13004
3468
8099
10040
2669
5267
5866
2743
8088
5752
5454
5615
3421
10942
10487
252
10145
10196
10422
12565
2478
10648
6218
627
577
10848
5597
2201
9848
2090
12711
2437
11430
6610
9522
8939
2626
9798
13657
656
8309
10117
4392
687
4477
2338
9717
367
10089
8471
7643
10461
2197
9664
6667
7671
1945
7508
10361
9502
13678
1549
8460
13333
11658
4624
13652
232
6921
12488
12081
1122
7827
6450
11470
4030
9190
3230
2494
1800
13886
2917
4194
643
2513
12998
6406
5165
1077
4441
13214
13719
3172
7394
2520
7431
5472
9516
3940
13416
2438
11274
8480
10260
6502
692
5230
4408
4939
9048
12690
9298
7862
6832
5569
11663
5786
5831
85
7684
3455
7974
9507
11586
12515
1648
10421
8744
2350
9498
6934
7555
11138
5791
1850
12983
1138
3138
2899
9130
8776
6313
614
8823
5775
13034
12948
2438
13583
13533
11544
6596
13272
517
6670
4271
5283
13950
5854
3058
9516
13233
11353
4012
5670
5738
2325
12393
9186
9146
5789
2429
9757
13863
251
3597
3433
13182
1473
4382
8382
7773
5531
10727
654
11752
12090
7709
6353
127
6413
12451
5234
4911
2184
12475
4030
4210
3883
1690
12107
12436
4659
1135
1454
13756
5017
11327
1092
9997
12510
2762
6466
4537
3463
3262
9321
7874
6384
566
10793
6501
5404
5229
754
2256
2064
11867
13269
9310
11617
2117
13981
4948
7190
13865
9285
12626
10073
1119
7003
13293
11833
13209
9132
5043
12013
1792
3456
10251
9295
10650
2396
12029
12147
3971
3133
5985
4343
12763
970
11577
1656
11613
2085
13869
5651
9423
11192
10726
1133
5056
85
9336
11747
12787
6539
9499
11746
6012
317
330
7498
13105
10701
8202
1908
8131
7112
149
9366
7253
13033
3492
1935
13257
355
1004
9670
11744
5426
327
3476
12545
8204
2513
8249
13300
10284
5022
13349
13156
1091
6833
4473
1710
2483
13822
11285
5398
311
5233
9442
8710
8473
439
4336
6724
9038
4474
13060
7251
7096
4152
12602
4232
5988
3743
12264
5271
7277
1923
2870
5160
2986
3768
8890
1183
6772
9442
12685
4891
505
581
2571
11285
9044
2425
8111
5236
5382
11774
5553
4991
3109
10916
10637
6074
5519
5709
12084
5720
7690
7724
1306
10746
6782
9245
9477
2198
10348
3838
11718
8743
4358
6830
13305
2854
7677
4064
986
4735
1637
12536
11330
4541
13586
8752
9781
10609
12018
4209
12578
6056
1000
3925
10003
3198
7574
9093
12327
2017
4454
12544
4385
7386
6966
1895
10653
11503
2687
9001
10494
2200
7589
11156
7684
9728
1423
8225
1704
2900
9724
10281
686
4372
1891
584
1158
842
13626
4501
11874
2290
12238
4875
11358
5446
1257
6688
1779
8920
1096
4090
9628
496
11743
13076
13018
1788
3198
334
6163
10639
358
10567
1672
13677
569
7649
706
3428
386
13410
6677
3365
8444
11534
6502
11781
11756
1099
1274
4307
3198
9343
724
5414
7805
7216
7510
3788
1874
2056
4682
13033
12222
10477
9402
3470
591
6433
10471
8250
5416
7552
2116
5793
12762
9900
1625
12964
12758
3517
2763
5815
724
1803
11560
4468
1520
11622
7464
13396
12082
5681
13499
13133
7045
5321
13211
8442
6776
12859
12118
5272
8474
2203
6140
9125
7070
4819
1834
257
1450
11744
4279
191
12321
8941
10448
12742
5951
8853
3628
12738
13878
2139
6818
7838
8036
6217
9278
12053
13761
5648
12452
6346
289
1607
3840
3264
10660
1557
5932
707
11814
1666
2410
5303
7953
9844
2428
13009
6406
2033
13278
6164
6098
13645
4602
9342
11316
9967
11704
3183
44
2555
10284
11726
1717
5675
6322
11012
8637
8515
7832
829
9491
9109
8354
5037
4251
7947
2909
557
2845
675
12230
10145
12081
6937
10691
12930
13397
13561
12558
10266
6490
9882
2166
10732
9772
6478
2945
296
8065
7976
7367
7670
5991
4033
13731
10754
4987
6153
4414
13716
13861
5218
4151
10623
3652
11840
10805
8522
8254
6746
1944
2016
10862
11697
2803
352
1954
12708
1799
7717
12685
6489
12731
11978
1283
2036
13358
2130
2269
1176
8598
7991
6538
13734
4512
9657
3507
9704
11995
4852
9625
6812
4185
11919
1060
3781
3596
3738
10870
10979
13201
9152
1769
3136
4908
2082
939
9269
5774
6793
9035
774
400
11330
6381
10010
8176
3721
1399
9297
5151
10933
4217
12825
2422
3688
2120
6087
10781
6251
7453
6574
1933
9433
12994
9508
7817
6335
2071
8144
10780
2398
3370
10617
13975
571
13416
12353
9364
6542
8589
2612
7394
5826
11517
13313
5422
6017
8400
6855
4212
4204
4208
10455
7039
5839
11397
5914
3734
9846
614
7129
10269
11640
9179
2296
3816
9700
11303
13750
9973
7835
5643
12832
3971
1192
8598
3585
10962
3146
7718
2974
9279
4661
12093
7896
7903
2953
5497
2954
12327
7432
6786
7277
2
5311
2322
9145
11547
10848
1454
5196
13078
11467
8269
11256
8386
3540
12398
1938
3864
9780
2396
2464
11795
172
5466
9740
1253
6663
2219
1222
11672
6325
4756
11022
7326
13646
9053
2538
9360
10041
11793
1677
9482
5566
3175
899
12332
3431
3604
332
10595
11489
97
4289
11236
11695
6672
12829
13339
2905
4426
10820
2470
10889
11459
12303
9642
5301
602
7885
7795
4665
4932
11604
7954
3277
5754
12516
7795
13057
13472
10155
1976
9591
6
13207
3086
7768
7355
4749
2635
1358
6275
380
2
10887
4597
6579
5306
1183
10621
5371
13121
6013
5727
4918
5118
4832
11485
4333
8032
8076
11394
12534
12768
5047
5247
2961
6609
11762
11070
12599
9519
9390
2287
10268
6778
6435
3117
3185
2939
5695
13272
1362
7555
12800
6235
9381
13213
1345
611
3139
7732
5563
10547
10979
7577
2863
9728
1306
7985
1755
2259
7614
8361
3128
1354
3996
34
13329
1326
8811
2133
7763
2365
8486
3477
6281
4699
8411
13954
4330
10662
10728
1091
3261
8212
10943
13527
6939
656
3361
9465
10828
7229
2070
7554
12129
8331
11158
961
9094
4748
10347
9885
4947
841
280
12134
7448
4538
13966
5074
7989
10528
11338
13702
13419
539
1206
5763
7746
2885
2262
9401
1999
12983
7073
13595
11565
13531
8949
10992
4444
6921
8979
2980
10909
4842
13978
8719
4224
5150
13780
1379
9997
11825
713
11369
7230
8238
10643
12424
9897
10820
23
9051
11357
3148
8854
13646
11880
564
4029
2773
10560
11333
8188
10313
13799
1128
5546
1291
5407
7570
1731
6812
11583
10290
4499
12990
12901
8725
12765
9981
4513
5005
11296
8302
5044
11529
11569
13895
9808
6566
13504
10254
1322
8996
13415
12696
3925
785
2851
11950
1033
7450
4768
6484
6566
8268
2866
5213
9418
8946
13825
7847
9504
6108
3345
9055
6477
1842
12717
9494
13432
330
13287
10174
3363
7164
3446
1085
4363
2789
8952
9987
6326
11736
10933
8424
8928
1730
4793
2980
12923
6819
12656
12612
4927
10758
13342
7485
9848
5161
11158
2194
11305
7245
4373
7391
13638
12236
9642
6931
10815
6002
4303
9147
738
788
10060
8141
12256
10268
11350
528
12989
5074
9027
9322
3097
3919
12514
7473
12549
3441
10694
6534
11251
9460
8104
7990
4667
8516
392
11104
3899
3185
9448
494
4570
11537
4971
5942
10011
4344
10523
11604
1384
6348
5986
10436
2915
8934
4809
12603
1461
607
10211
5697
9887
1643
7892
3584
4456
11223
1973
6568
3218
10996
8800
4716
6013
9022
10030
8373
9757
6056
220
5988
10344
6156
3610
40
3088
1982
1596
7533
144
1783
5310
2249
6803
374
6819
8082
12602
3917
669
6155
8143
1767
6989
9329
13590
3073
2064
10933
871
8407
4166
7681
4657
9265
1883
7232
8957
13030
7469
6311
3974
9637
1386
607
742
10251
10540
2885
1100
11701
4976
2801
987
4311
12953
407
6526
1498
2903
467
7446
1566
8988
9052
8133
4332
4169
11162
12229
7819
1819
13019
1640
4991
9868
11332
3208
10326
13770
13496
5693
5859
11021
9848
10719
504
11280
7848
10237
10651
7818
7063
10463
8812
4915
8347
7580
10167
10152
4299
6514
5396
12466
11384
996
13748
5373
1690
7657
13562
12012
12109
10609
5526
5362
13844
9141
7983
12301
474
4827
10442
12194
11091
13680
181
3786
4341
13861
1461
10185
10078
13213
12776
11873
11218
13651
13801
12238
6341
4761
2117
5175
1644
1788
5429
2958
9837
7416
11841
448
5179
5717
2232
4062
2892
12956
7440
12056
4332
4466
11804
3814
7942
3131
12799
2936
11584
5133
9675
2750
7871
7597
6641
3308
1072
1645
3876
1866
10119
7704
6699
11457
2476
10874
11400
5820
3900
11432
6003
4263
10409
10785
5988
8352
6394
4577
1622
7424
7199
7768
9158
2861
11971
11808
11298
7478
3377
3564
1848
10375
12045
5322
7451
6940
12871
9150
5130
647
9177
9944
7896
4446
11592
4990
2813
13359
1090
3538
7184
6261
8163
9208
829
6781
3034
7093
87
11642
7311
9946
10933
541
13140
5555
6270
8458
9778
5481
5466
9385
11446
12465
7425
6536
5277
9571
6966
12929
9457
11841
11383
13325
12557
584
6399
9731
3737
3055
3357
977
4986
8365
10363
3288
11981
3505
13592
4294
7020
4424
12027
9939
6566
3322
11955
8961
1295
8523
8774
5146
13875
2281
6800
3234
4168
1440
2411
9644
1675
11723
3730
6925
8227
13139
11032
13264
7063
13210
13509
6799
12979
13914
8422
9229
1623
7485
6693
12970
5685
7222
9559
5426
3117
11472
10454
12537
9994
3524
7777
6483
12526
5095
6618
8198
1743
6060
7945
4467
12652
11523
10405
3554
394
12495
13853
12801
10335
475
525
9519
6272
12915
11313
13998
1262
13496
8856
10655
12137
6730
13144
7514
543
6895
6822
11900
10764
13495
931
3253
3262
13762
2112
8189
10837
9927
8909
9017
7320
4339
6733
6141
692
13743
8310
12032
62
13121
11623
6401
5491
5900
10651
2767
1963
9652
9982
5946
4264
12009
3617
11070
7172
903
8043
12878
3350
999
10436
11454
9008
12110
9026
8230
4547
9810
12055
11198
8492
10394
6790
49
11281
13328
11477
1494
10067
4305
5735
5982
12168
9950
11870
4777
559
10137
9940
660
4476
12353
7888
874
10039
5480
5782
5264
10953
9900
13214
2420
9880
8295
3422
355
1780
3704
8443
10321
6234
3970
2622
1059
10564
11178
9973
13506
5073
2324
9969
9318
11282
13899
9103
12460
4771
13935
6605
6219
964
2615
7078
1232
8958
12942
6074
1017
1444
4162
13363
1253
8252
8994
5514
10113
4738
3087
3386
4106
5463
5931
11549
2276
5451
11858
2521
10387
9833
10907
247
9180
3758
13898
4559
2679
6912
13102
2861
10723
9808
5563
8957
1296
2054
12043
6667
2823
13043
12362
6455
9577
6476
11859
6016
7427
2989
4243
7320
9894
10226
3688
9523
4007
120
12697
5533
759
12615
13619
2025
4002
1590
4958
10429
4998
10523
13357
9750
7707
4796
2805
11261
5658
298
2005
1033
2997
3479
7328
2732
10187
4152
11246
11615
5466
6482
2577
12292
9890
5172
7712
2220
4577
5787
3932
8850
5794
9181
10725
2788
8107
4163
7325
7533
10528
9686
8234
11811
8473
7415
11018
13299
8104
13952
9865
957
8698
9319
6
13968
7881
11577
11621
3441
5802
4156
4746
2690
11363
3261
10195
11805
682
2304
3696
12755
11025
10445
13933
1480
3786
13554
7654
12405
2914
4353
642
8144
12896
6488
2054
11666
3499
11127
10647
12454
3510
1191
1704
6256
11461
10475
5202
11712
6721
4576
13513
6269
11664
1515
11850
3609
12477
728
3050
11656
12502
11752
5640
3508
13955
3390
5035
11165
13285
10082
10156
1863
343
13993
269
10471
2304
6332
9678
12759
8420
11737
11019
1845
13609
8200
11946
2649
1039
3109
12230
1210
11007
6266
8387
641
9158
8959
9355
2042
11320
3803
5113
405
847
377
11520
4730
34
11779
3127
5533
11389
13533
7009
3816
966
2912
4427
11875
453
2512
8446
4692
13037
8953
1711
3066
592
8299
12164
7580
6599
6639
7658
12029
6013
1942
13435
204
13852
1367
11326
605
5790
4077
4486
7983
12393
12516
614
11829
12038
13706
809
12939
967
4762
4906
7750
7935
12487
4704
8425
938
184
4006
12299
3225
11016
11071
13644
8382
10402
6360
5753
4494
8764
12142
8163
12065
11305
3743
3196
13639
1447
1792
11283
11757
3090
1578
4227
9525
12761
2863
7909
809
8835
11755
13958
5924
5160
175
9596
12794
2472
1646
893
4923
10272
13210
5760
802
8538
4936
7358
3573
4787
3111
2408
11057
2013
6581
6477
1041
734
13922
9156
8303
5067
2771
10258
6174
3255
13255
4677
9315
6406
10898
6553
4266
9812
592
13054
5160
6343
12318
5858
10220
6848
9366
12476
3887
1230
5466
12592
1423
3212
9794
12598
11218
8625
5406
6937
3647
7699
2879
4624
6097
9126
4540
2761
5950
1719
6582
13231
8948
4575
11949
10493
1274
13867
7267
2034
10729
4026
5885
9797
3541
13296
6978
3141
8248
5660
13531
10493
9076
5926
13925
910
4190
11787
453
2200
12015
7783
13428
4480
3974
3553
7161
3022
12915
534
11757
5046
1073
8888
11380
4119
9400
11172
1077
321
5917
950
6020
3582
8555
3024
13739
4680
236
8171
12782
12090
6287
9045
7640
3397
10476
9855
11899
7937
2555
2856
4106
4766
10812
430
9565
12111
10065
6751
3035
4276
3845
8411
200
1722
9321
1440
5604
9300
4443
9408
1435
6602
417
11656
2669
5817
7476
10114
2054
11616
8886
4683
13885
10967
1575
10476
11401
3437
10229
10488
10113
4820
9856
779
2148
13944
3625
2427
2746
8398
13128
2569
8772
13241
5201
3219
10187
7025
3475
13840
2705
3924
11756
8674
6491
9777
13490
1702
1207
7202
369
13295
6380
879
4799
9404
7039
13363
1626
1236
572
13162
12253
29
7658
7819
4532
5441
7043
12252
569
10463
96
11976
3226
10543
7135
9672
3263
13054
8656
8359
9516
2168
6015
12358
6653
3084
4470
4995
7077
7821
2925
6584
3668
8969
3568
11
8047
11737
2277
11682
1240
10598
670
1436
5498
2750
8319
6463
2384
12702
9104
2976
2685
2370
9247
10181
147
4583
9692
11343
1702
676
6785
2763
8194
5102
3534
4404
4685
11976
1445
6089
5929
12652
7095
4144
8506
10841
13580
712
6276
10668
5166
4987
10874
5983
2404
8154
12003
3028
2544
11650
11059
8106
8382
8669
11596
7641
7112
2975
2130
4603
3899
12367
1245
5780
12196
8567
13863
109
4589
2198
13559
10842
6091
8095
1152
7457
3537
7268
12725
1509
2034
1841
5205
4374
9885
1964
212
7239
1112
1764
624
4049
7414
10215
1434
1849
4495
2498
2093
4417
7099
7635
13221
13108
505
11727
7396
4812
9285
12694
5489
6845
668
11464
6074
9313
503
13265
11227
8304
1049
7553
7612
13834
13415
7705
4094
13791
13977
4465
1942
9582
7629
12853
8215
11928
4016
13891
1345
12327
13256
2405
9505
10334
11033
10367
5383
2672
12278
2544
10801
10449
4821
6988
9812
12533
3795
8093
13009
5080
6041
6353
11140
9506
3172
5904
4192
323
13084
12367
9380
5770
1051
515
10168
8578
1171
9864
13841
113
1392
12024
8213
5856
7174
7457
10654
3294
7219
8234
8278
5044
13927
3406
2080
11266
12475
13686
2102
2703
12839
4720
5007
13966
9439
5243
8776
7254
7310
359
11980
11359
453
10408
3096
6572
8697
12705
3980
2368
4455
1744
6896
10147
6988
2703
323
2669
3219
8164
10913
967
6925
2419
1207
4817
8031
4209
8882
8190
8262
7374
1910
10114
12012
5609
3732
10641
12219
2298
12974
12950
1283
3302
13075
7398
12916
1138
7750
1459
4831
12501
6790
7124
2137
2851
6015
12648
5707
6248
1895
12478
12657
3421
2634
5851
123
6278
7022
3270
7383
7690
9937
5354
8419
5702
2687
11998
3024
3376
13620
3687
6844
6088
7476
5214
8794
7980
9883
4249
11143
11212
9347
10644
6463
3672
8126
1487
11812
3153
5182
12489
13532
3504
8393
13419
2521
2484
5419
2393
11175
8379
5865
6589
9185
11157
7776
9163
7672
5219
8745
3858
2867
6074
5495
8823
7568
6143
13271
8839
11823
3474
7660
6706
7677
6145
3823
13109
7389
12922
13647
1478
7427
572
217
4660
8735
3426
7357
10508
10340
10789
5937
7581
11676
11978
6697
2406
4618
2102
3000
5053
13302
13654
10914
8063
1734
4260
7861
6796
10108
11677
13775
2607
11510
5810
12462
11741
12952
4556
4891
8021
2786
10143
10813
8932
477
9930
5267
4550
2269
4674
6814
4136
10490
6041
12241
8436
651
10812
2660
7163
11077
2793
10376
8926
11744
11425
1330
5992
4150
3511
4569
7195
2827
9701
13347
3354
1766
8513
2306
1590
901
6588
10007
11129
6922
6489
7389
12824
11677
10764
13710
3960
2852
9985
4364
6682
1801
11646
414
9072
12821
626
7494
257
1918
3723
11143
1608
6786
13367
2883
1822
4156
1568
474
8734
7250
13686
13084
10979
13804
10248
6451
13226
6465
11177
12247
7283
7861
7769
6262
12392
12503
7164
10955
11027
6670
13277
12916
3967
3406
12712
3699
2297
3318
336
7860
9099
9927
1296
1678
2781
10126
11088
197
12365
12195
10910
11171
8439
12498
5016
1024
8766
8681
7598
12186
2296
9295
6334
8652
173
11887
1229
9063
2146
9262
8237
4434
11515
9611
12645
3674
3201
12567
7271
6105
4710
3784
7959
11426
13985
3040
10859
11875
11913
3911
259
9150
11710
725
5158
13656
3733
7211
6405
1999
2818
3351
371
7358
1879
1363
2196
2929
13457
1349
1881
10534
5621
6190
7775
11942
8977
3923
1405
7073
12906
8164
12029
2307
566
9644
5046
8961
5990
3844
5057
3320
804
13041
8891
2712
756
6192
9581
12397
3603
5425
9664
6320
6771
2189
1820
2390
13428
9109
5520
1804
2524
2768
4711
9311
11095
1884
13363
13495
8670
5617
720
316
9211
3509
3124
1915
1772
10019
9759
4093
207
4762
3
30
13630
7546
10367
5835
6904
10851
5768
7514
11373
10541
10908
8019
977
13737
3273
261
2843
4344
123
10367
13141
327
11288
1748
5464
9644
5055
3200
9925
11392
8366
12299
6283
6934
10126
462
9289
10692
11267
10052
10514
1672
13808
7542
10650
12318
5427
4873
11491
13225
1287
6794
10462
7337
9611
8604
13098
12016
8888
10152
12814
6164
1401
1420
7385
7655
12941
7204
9933
9717
4090
4121
13675
9472
4931
10427
11680
8680
445
4080
5797
1269
12559
5766
4895
12539
2048
6318
8466
5447
1870
6997
6620
10961
2836
13991
4326
6024
5863
1797
308
10820
2533
12195
1103
6822
7690
1893
309
7239
9362
4289
2079
12436
694
1747
4940
1877
8855
12768
5134
13145
3354
8480
8370
1901
10597
13900
10707
1289
4003
3123
4920
11873
2349
1840
3729
10461
8653
10615
10934
2452
12445
8797
700
7223
8657
9172
2524
7884
12975
13606
891
1171
3410
8478
2181
13559
2232
4839
10207
6788
3638
1635
11764
6443
175
3392
2211
1598
1403
2767
4679
13140
6831
6462
5086
246
9599
8110
11744
11630
11622
3234
2670
7835
8300
12492
8390
10117
9193
9915
13902
10820
11805
308
9028
4856
6891
11444
4774
9879
394
11509
5576
466
9693
13842
7102
12778
9776
2772
13066
1810
8386
5887
12816
885
968
9449
8306
8136
7079
13442
7110
7412
9213
913
11549
8061
7801
12037
1470
7775
989
13153
10876
5180
1486
13328
3528
11980
9235
6738
10681
9184
13660
10171
10259
11606
10087
4690
10456
3542
10884
11465
6588
5542
3469
7923
8712
7779
2550
1425
4658
12658
3022
10360
12830
12565
5476
5330
10483
5308
8844
13753
13349
5641
9304
11432
166
11878
6927
8305
204
1399
6455
4298
1513
13303
12255
12766
4337
13966
9496
13286
1858
7152
10281
13975
13829
6435
10471
11836
9886
12460
3301
6999
9905
12774
2981
6566
5066
11165
3503
876
8119
13159
3738
9110
5266
13347
26
10585
5112
9825
8346
6912
1394
8201
847
6631
12992
9769
2192
4034
5546
100
2586
5250
671
1784
7473
2845
5969
2738
8536
6081
9456
4345
2180
5967
12880
1661
11302
8229
10349
2766
4853
5009
7287
3407
10923
2111
3199
7605
5442
12930
8936
13483
7834
298
6420
5922
12634
6621
804
11942
8025
852
6166
8360
9105
3997
9499
12362
13923
7347
5951
12978
6083
10079
6899
132
2669
13217
1991
1323
7501
1663
4916
11971
8277
5326
2641
7623
8501
4359
3107
385
12851
12312
744
10811
4539
10084
13199
6242
7489
4544
1262
12793
5481
5771
4637
1597
3043
3436
9434
6851
8167
5951
9496
4104
2714
8609
12528
4089
5043
10928
12545
13070
2233
3881
7646
7528
589
7681
11637
2215
10761
6923
921
37
12480
8509
287
7474
2274
11276
4849
8875
4018
1755
3620
13679
2284
13340
12002
2805
10375
12564
10334
9491
9801
3124
7692
1020
3940
4866
556
6886
11650
6493
5058
2523
2993
13877
13651
11040
8167
3366
6274
1487
10243
4483
3762
10909
9466
6679
11619
2025
13646
12409
10362
6312
11732
5632
9422
1578
1458
10959
11290
12693
6716
10840
12967
1271
13546
9852
8249
8149
5798
12546
1114
8655
1369
9658
3345
1702
366
9678
1509
12936
10439
1940
6019
4391
8622
10427
12219
147
12219
6854
9573
1624
9174
9849
11716
6380
7122
1112
8418
3243
3258
6599
12899
657
4335
13369
10385
8475
11137
10429
1197
11282
1393
706
8857
9739
10364
1793
3896
1207
601
5443
8187
9047
4972
11857
13652
2772
9235
1094
5525
10560
4655
8202
9795
11068
5053
8052
6610
965
11773
4715
9476
3024
9369
9164
3361
12651
11716
6829
9854
12866
11980
1667
8101
4835
4819
6735
7928
795
10365
4885
8915
860
5316
13725
6879
4334
13886
6215
10043
9546
9772
2510
1512
4583
9974
1929
413
13103
9469
12933
954
7765
7759
9623
4294
6276
11467
7888
6359
4531
20
3961
3144
8403
13822
6294
12321
6854
6822
11628
8443
5502
8185
7854
3014
5213
5124
5113
2143
8998
7655
11329
4354
11404
8270
6103
8433
9525
9503
1584
727
11911
4880
4070
10127
8472
6356
2753
13349
10112
5629
8000
4292
2677
5884
8537
13330
13064
9246
7422
9490
6295
11356
2571
9735
13142
10953
12146
13136
9952
8851
2791
4920
3266
10295
3432
13549
11332
10348
13072
1558
11309
6516
9099
10838
9198
4547
2605
7560
3956
13893
5787
6819
4687
8962
2539
12380
10644
4255
13237
9035
13790
12312
2813
3767
5631
624
5596
2735
9028
2205
1883
3264
10637
9727
4995
11172
10860
13265
12808
13022
5002
7892
4061
10195
9939
523
10426
1073
500
6443
200
11539
972
4762
8688
4498
2354
6223
7049
3281
1897
9966
8925
11187
13912
12877
4461
6157
5436
3943
10937
11234
12808
811
5876
5415
2266
11964
12427
5379
4094
3691
4954
1636
6045
10832
6820
11078
9256
11597
3384
7013
3003
13606
9482
6880
6571
13850
12708
5558
13657
4643
7422
12701
2472
3750
13222
153
6173
12861
9083
8355
7455
884
5825
12862
3803
2239
4035
10356
10367
6205
12774
13278
10371
13808
13518
6816
9227
10126
12221
7661
8144
6843
13315
10535
9387
11132
12346
3946
8256
4369
474
10559
12407
2246
1955
3955
6593
6610
8544
4653
8436
9819
13631
6866
1062
12486
411
13922
6514
4861
11861
1679
8361
5000
8548
11278
1443
6718
1680
2245
11000
5125
10996
8612
8911
12149
4351
1028
7078
7129
6502
13359
887
6017
12810
1399
10132
13467
12080
8974
5414
1096
12018
13347
6824
2350
4630
975
3095
3200
6614
9187
2700
12058
6075
13433
647
837
8262
12816
5801
6306
8624
5967
11246
7604
11827
10995
11874
240
9947
13013
6507
8976
2343
1712
4708
10152
9946
12527
10000
880
8003
5825
4598
5218
1374
11034
11601
9541
3289
8566
4153
13519
2136
10091
10351
5128
3659
1419
11930
857
1366
9595
3585
984
2868
7989
3810
3707
6089
10910
8420
13043
5073
3933
7484
2659
6492
1053
11617
6508
5003
12568
3344
405
11495
2283
9561
5170
6835
4683
1909
7789
9332
221
524
7108
5043
12224
4773
3922
10272
8282
5969
8293
12619
1673
192
8300
262
6307
6604
11039
12677
10353
32
11201
10681
13817
13836
7820
10366
8842
3380
8944
1222
56
3706
4038
6296
764
2843
10551
1024
5319
8105
6962
10599
7645
6404
7372
107
9880
2005
12825
4581
12278
4815
4488
5304
1665
8415
13552
1955
432
2387
2702
4284
10246
11169
2956
8670
6962
11764
5094
9474
9459
5974
2285
2436
8847
8120
11759
5982
4133
8389
8995
13623
2111
11777
8939
3724
10696
8264
7162
5777
1115
1942
6336
3618
12071
7691
972
7295
13715
491
11494
4090
12867
10959
8918
13667
298
13796
7277
7411
10808
11935
8985
4783
3087
1900
3285
8050
486
9873
9200
2472
5747
9192
10733
9522
10665
27
9445
8140
12754
13683
600
10585
6491
1278
7159
540
10069
5921
13787
12732
4899
12908
3138
11128
11352
10121
4488
13886
9153
13694
1182
981
4568
12680
10506
9621
3708
2337
9894
4468
7870
1761
8796
10461
4589
10384
1509
3405
2143
10410
1362
10205
7076
1832
12457
8794
6430
1693
11504
13331
11674
9620
5618
2060
9958
10559
11213
7295
5380
4885
1574
13411
23
13188
2466
10342
10466
4948
4470
10871
8545
5830
8796
13487
9664
2357
2747
3378
9526
12641
2765
1583
5075
12741
8812
13036
11183
2422
10605
12761
1141
9068
486
9155
2189
6973
11988
11024
8683
13798
2871
4032
8886
1665
12073
6548
5661
13581
13506
146
8751
1715
10327
2487
11088
10590
8555
3139
12784
1763
11929
1884
8326
1187
1470
8514
4318
4950
9374
13420
5158
2554
7178
3331
7248
312
3746
3007
3736
8620
7094
9178
11343
6458
13920
8808
7110
12336
4681
5871
3030
7407
13638
2816
9834
4624
4087
5696
11945
5170
4810
5781
7626
2757
11816
7707
2460
11851
12288
7453
6471
12786
1581
292
11738
13745
13575
7145
10016
12878
12164
6801
491
1612
10180
2691
12775
10541
1858
10977
13864
5655
4643
8742
4548
9659
3993
559
10477
13328
7777
13576
3624
8281
9839
12693
7594
12917
10097
9520
7903
8006
6720
13392
13406
12419
1612
4006
6519
855
1713
8755
412
747
1234
4974
8330
11289
7184
1536
10007
6911
13038
13530
1712
1376
1049
717
5255
12009
8923
4295
12352
13510
2986
8219
11268
7812
9690
3387
4176
4136
5887
660
10718
10897
1354
5532
13428
2386
6250
1567
10379
13153
7372
786
12728
5389
12322
13981
7800
1703
6710
4823
7494
11270
1778
6136
11789
7013
12823
13510
10135
13177
2584
2170
5031
5462
8185
4490
1793
5959
710
3730
13007
12554
9595
9763
11817
10219
11764
1360
6472
4598
8976
3487
538
9589
11368
9032
7490
9767
11922
538
1239
747
4838
1219
9654
12589
6298
9118
4976
3956
2451
9696
20
2785
8860
6208
11386
7246
5279
7433
6880
6343
944
9046
5677
12599
10005
10210
5635
7765
2831
8323
2135
7497
10740
1587
13022
11521
11759
13679
3425
12935
2075
520
658
3991
13226
6643
5303
6758
8847
6200
12549
11391
1026
13069
11149
12162
5238
6155
9807
3774
13207
4349
2962
2373
841
12561
4436
13441
5137
12360
6313
11317
10648
13856
5636
7746
5260
472
11312
6463
6033
4772
7848
323
12789
5037
4519
810
5734
9796
2219
4326
13114
1734
9271
2108
6851
3106
1079
11196
1013
2918
8410
12089
5027
12885
1018
4474
7264
4468
11269
1629
5211
5299
5624
11195
5648
3385
3460
9302
13368
1798
1657
8624
161
13367
13627
1802
5126
9800
11226
1444
3862
3660
6607
3675
2712
1409
2839
8541
8777
1796
4087
4620
7526
830
7105
4843
6475
13555
3083
557
7293
10490
936
9202
1682
465
5477
13861
10420
13040
6916
9034
12725
4853
12585
3663
5538
9355
10675
7682
10960
5511
7958
10293
5087
7878
2161
7250
8699
13386
6552
9949
1607
13070
12867
5503
3292
3475
13021
740
9180
13450
13613
2287
13037
5835
13915
10084
2206
9028
7599
12410
10326
13938
12965
861
10702
10757
13338
536
10035
7192
11599
8981
8315
10418
9173
7371
5768
6038
2523
167
313
1203
6718
6306
9743
8410
13747
3477
1732
11619
4763
6304
7872
6750
272
6608
5722
11523
5286
10602
13879
115
6615
1486
3525
8924
7065
95
12913
10970
13577
5518
3235
1361
1319
12179
406
10897
2550
12872
3642
6402
3150
10138
4068
2046
4051
6887
9580
3893
4745
3296
5445
890
10905
11877
11823
4248
4654
7176
2118
10712
9192
3171
11004
1184
10341
1690
6518
3760
7000
6440
7154
7438
13565
3972
164
5398
2163
7608
8334
3254
12501
1879
581
10338
2266
8583
2550
9089
1458
11672
8452
10952
4538
4655
13540
4577
7745
7991
10813
6589
10851
9645
6846
6470
5733
2118
1746
2425
11901
3865
1447
5500
13219
4287
8867
1768
11817
6920
7787
13027
3359
6471
382
10506
1844
13533
5051
566
5297
4674
512
3086
10631
5911
6858
9804
3915
10351
7803
8572
3963
4225
3403
5691
5390
288
10075
13621
10628
5051
11719
10691
13133
7963
8573
8970
4082
2881
9110
4550
10068
8565
13788
7342
13600
12679
701
9497
13575
9473
3052
9207
3464
2695
9559
9452
13081
860
592
8519
12704
602
10988
13853
12691
5251
10324
6135
4262
6734
4145
1954
7672
11026
9587
4420
2957
461
9719
7896
993
5268
6943
7115
3743
12127
13161
2816
12625
11426
8903
8829
8132
3039
4030
10995
2669
11521
6139
5853
6983
12204
13320
12054
893
8868
4431
8057
3740
4448
13476
1843
605
6982
2838
7952
5413
9426
193
5029
1997
1960
11799
8311
1326
8184
13489
4351
7300
6431
1682
682
4340
4887
1369
6756
428
981
13897
4009
8357
9257
3758
4104
7090
8077
11479
6318
12022
6685
10644
9765
2000
1940
13006
4234
2620
10066
4433
13616
3992
3343
12868
10686
7973
13749
2336
12283
3291
5884
1889
3273
7095
10517
3908
3862
8292
10112
8190
637
6328
8975
1882
6621
2967
13725
13623
9655
6418
10956
10715
5351
12756
13148
1030
5791
5258
11959
13622
3783
9785
12980
5276
2004
3280
4199
12600
5823
9843
2969
6125
477
11263
7657
1698
11885
4205
4176
12664
9940
3269
6978
8792
13225
3597
13061
12102
6755
9464
9502
2340
4833
698
13233
10080
8477
6347
5417
1278
13654
8040
9568
6744
12357
9891
12487
11011
2091
4028
9309
10574
11617
8180
754
12671
3158
6628
12618
6223
11797
6908
2062
7054
658
11210
7827
11566
9512
10235
2184
13846
9269
4287
8711
6239
3407
861
4446
2981
11363
7983
4291
10944
9841
6877
5048
11081
2969
1370
2957
5058
824
8125
8526
3155
10365
7424
6851
3919
12428
5841
12593
5420
8874
645
8428
8877
13781
10516
6985
7148
466
9303
13507
2074
7583
2825
4451
4418
6899
218
13269
512
594
11488
2657
5394
5946
12923
7360
505
2288
911
4069
6189
8416
8712
13193
6730
6649
13566
10066
4828
5056
11118
4394
1392
2039
11594
10369
6934
12611
8032
358
3902
5098
4739
2490
12547
12606
9469
9933
7711
4944
6808
7118
4476
5544
9853
7427
5213
4564
6707
6912
565
7435
4970
3697
12809
12754
9506
9579
10552
4054
5210
9406
7059
1061
5715
9940
11853
2965
2088
9281
9272
4192
1910
2528
6871
10006
12401
2922
13143
11479
12459
13612
12682
2250
4982
12669
3323
11769
2907
13246
2201
3968
4397
9384
10839
6745
10042
9551
774
12836
2034
5495
10421
13933
4210
10454
13733
7846
4134
5258
10182
5855
4717
5709
4949
10155
3430
12631
2757
12948
2349
567
9593
7382
11859
13274
2192
10744
615
75
10158
7523
4948
5611
8338
4274
968
7590
13527
251
6330
1591
1683
11357
1555
1875
7168
4379
9578
8300
11825
4496
8879
11614
659
12584
13695
3310
10310
365
1551
9039
11355
5906
4927
11492
13069
3066
2806
8980
9815
8309
8632
7526
7979
10739
12511
5582
3547
3451
5149
4990
4810
9958
4576
4871
4536
690
1085
3502
1593
11072
13335
352
8389
6820
12965
12940
9768
2522
10662
4272
1837
13604
4478
336
3826
6400
5085
13787
2938
1354
8862
10034
12882
5737
12180
9015
13118
4272
4954
1249
13194
10376
5156
5060
7123
6010
13974
8998
6792
7798
3121
9464
7911
102
3486
6164
13834
6810
1868
7026
11581
8218
12270
10731
13300
48
5231
227
4233
9274
7255
9559
12475
7788
11067
7000
13847
76
6978
4719
8863
259
9601
4623
10019
5927
12376
2576
9424
5234
9658
11746
9682
6127
5585
13660
536
6505
6996
10169
8534
8557
7930
9224
10878
13080
10150
13022
7365
7149
9701
11367
5081
1519
5921
3483
910
13207
847
7603
7886
7393
8066
1767
7083
9041
8377
11148
9711
7644
10685
9319
7689
6978
12469
6357
5075
12921
578
6644
10469
12516
11985
7557
13383
13051
13075
7914
13174
7569
12507
3020
1556
4299
4419
13378
1473
1698
2402
10472
10843
7709
10422
5705
3217
6832
6928
3032
1634
7705
11407
542
10015
3092
7925
7318
10350
5772
2994
12167
2686
3348
7240
13462
8603
11451
8263
10692
9703
4091
1166
5599
11606
2715
9566
5300
9425
7498
10061
11970
7846
193
6414
13180
4286
12798
3938
4989
9251
2955
6333
1924
5895
493
7237
5771
6956
5350
13461
13163
5260
3616
784
8015
3118
9871
10259
12724
6150
1723
464
10325
8558
12856
8182
2200
6818
5498
13135
1492
11457
250
5667
5020
8083
7795
8363
3044
1108
11831
10093
7730
3672
3907
7755
5162
13882
1882
5987
4715
5770
12919
8131
6816
10740
9875
7390
7021
11071
11571
6913
12957
12924
7132
12050
303
4677
13472
5665
3236
9128
7428
9196
781
5885
13231
12275
10799
7057
12371
12895
10286
2332
5947
10794
6456
7789
9554
184
13868
10085
9415
7679
1359
7288
7037
4431
7351
3579
6601
8700
3137
418
12845
5343
1149
11483
5039
7400
3041
4679
9322
12265
7677
1551
5398
11923
12710
885
4397
10566
3496
1266
10382
3016
6946
8575
7531
2573
9580
8352
13855
3477
8999
3861
423
4243
13259
12791
5403
12087
10501
2297
12519
13569
182
4235
9831
11357
5203
4941
6402
6912
13705
13140
8678
13848
1371
5557
1466
12070
4068
6791
2301
9991
2994
1345
993
807
3004
7353
2540
4783
3701
10825
7848
12719
5739
1991
11190
5177
2824
3773
384
2608
2042
11101
14000
5286
6070
13055
6281
8838
2810
4280
1728
8564
8171
12131
5040
6809
10854
10874
13092
7205
6476
11235
11604
5951
6860
8666
4271
6160
9822
10345
4457
10721
7006
10278
9582
10726
2070
3697
10694
6033
4525
7586
8205
2915
3157
9527
11398
264
9595
621
6125
9257
6526
5376
4782
12327
4229
4227
12909
6546
741
1968
12110
9201
8802
133
13071
3238
11403
13907
9754
5430
13335
992
6938
7500
12720
3228
178
11535
11038
2481
10052
6388
1110
3710
11603
4171
11405
6614
186
756
1944
8644
9777
4171
12099
9349
275
6603
285
11368
10290
4954
64
9829
7208
1371
9725
10888
11340
7933
2252
5985
7942
8725
1397
6208
12971
9857
9953
11108
13845
6036
2519
13694
2458
4802
10583
2539
9120
6592
10051
5215
7882
4264
3372
5029
8092
7944
7356
9213
5024
5647
10050
4448
585
861
2726
2170
3432
164
1252
17
11155
3011
7529
6773
3080
4210
9449
5944
4476
2801
10083
5380
13368
5191
11789
11703
10799
11486
12031
5327
9732
10368
435
4116
4471
4242
9352
12852
13743
8134
4789
13864
13909
6487
166
12990
7490
5537
2843
9078
4652
2376
11105
7403
7800
3344
106
2653
2693
1459
6800
2234
10122
5384
6840
5721
2705
8919
1552
1680
13415
13640
12861
8710
12040
5551
8817
8631
8048
6145
9311
4135
1922
4305
6369
11888
6058
9210
6259
3986
11233
207
1900
1229
4498
1709
1056
18
2188
8175
2725
7249
2451
479
13125
5047
5445
13336
9067
11615
9917
4672
9988
7459
2480
10877
4719
12331
3773
649
7435
401
13105
2859
2326
660
7524
4376
10809
4181
4796
13081
4643
9547
4915
13985
12530
701
9722
3957
5853
11187
2666
6589
2181
7605
9823
5527
652
12964
12316
5464
11923
6397
10670
1802
12786
6281
2984
5740
1332
9161
1136
3840
13794
7343
11160
5398
8957
501
10603
3697
5190
1024
1409
11456
212
6638
1003
9413
13444
11238
9505
12286
7488
10051
1522
7219
1623
13686
11008
363
7690
10051
7753
3794
1676
11675
11269
4429
3577
11375
11205
9159
8127
1013
10049
9975
6600
9168
11490
6204
8969
9463
12714
11568
12427
2749
9992
6015
12183
13508
1724
5306
13099
12100
11625
372
4617
7537
6300
1082
12445
9600
586
2902
7559
9515
13985
4475
10072
10320
6549
9906
22
2495
2171
1607
3848
13458
13388
10011
1195
12832
6278
7931
9398
13533
6213
5562
961
9315
3954
13678
3104
5075
5466
470
8160
13471
7954
7976
9324
8506
10156
7598
1948
3776
4245
6068
7201
5753
12102
202
3559
11842
7390
1898
10667
9892
10965
13438
9792
7777
7065
6843
8553
12219
9983
4740
11971
4808
6422
8624
12122
5158
3910
1894
4917
9141
3391
2779
9559
10104
9237
8533
13062
10040
6392
3947
327
6631
13262
2733
13608
12117
1742
4904
10056
7090
9792
10619
7759
3987
3693
10246
10332
6312
552
12244
11310
7173
12627
13306
9412
7731
10530
4329
9567
8476
6248
6054
11220
11160
12898
13896
11051
78
2352
11878
11103
4951
7524
6718
1935
8649
4665
2343
3709
4960
9418
7179
11853
8820
12044
13903
12054
13589
3012
8269
12630
5406
3572
6383
13150
4314
13787
3746
3803
2182
2012
13063
1728
8500
13034
11265
5837
11601
5460
9811
8566
4254
9705
2312
1451
6351
2553
5640
3952
1650
8475
5504
12008
8259
9708
11142
13881
3802
6416
2781
5529
7443
9943
10981
3883
1329
10530
2551
8234
11601
13780
9412
11571
402
10600
13279
2213
12239
13267
8429
4372
8133
6634
13351
2310
7015
7833
10049
7668
3359
10072
5758
8769
13956
2179
5798
4299
6525
1023
4252
5745
9086
8599
2688
12142
8866
11924
2068
7785
4436
12367
1988
9592
231
12815
7856
9394
600
13019
6190
2888
1013
2821
8997
2071
3534
9991
12793
7892
11413
6768
12099
1788
5926
514
13283
2567
13334
1964
11698
12391
10487
310
10142
4421
7644
6486
949
6250
2657
3275
2057
13015
12147
602
10977
13242
9745
10137
12156
1209
8014
8998
6511
5555
11572
13222
6014
13066
13803
11901
13871
11099
2178
5353
12253
12059
11109
11424
2065
3237
4844
2504
11432
10371
11366
8429
11699
596
1964
1402
174
12502
12531
12445
5616
8573
6005
13938
11891
10660
8556
11326
6004
2247
9146
1413
9355
13739
2852
11324
4704
7172
11139
11105
2749
8055
6589
7653
4626
3175
11352
8012
1744
1026
7594
1019
3099
747
11150
9158
11270
5169
12098
4728
6277
6874
4727
2935
239
1007
8326
3645
4030
10180
1361
9484
10972
1221
3340
11132
9373
5142
1020
5627
4698
3192
9502
12558
6308
6416
7442
10741
5052
3694
5947
2050
11461
3667
9772
3360
3892
3099
6632
6725
4081
11136
12051
10190
6953
6320
3498
5504
1207
6207
3269
907
8482
11622
11069
10068
3789
11762
9643
11515
8816
11042
11400
2713
9060
12845
4551
12490
7386
2103
1386
9742
2678
8752
6853
3204
11089
2945
1814
8656
11417
5192
2007
5107
3712
3996
9419
8018
11612
4615
3810
11573
2332
12520
1900
3595
2065
6123
12287
5048
2245
9590
3708
5145
5001
7459
3557
11421
2869
13268
798
11327
3020
3303
645
11040
4942
7628
11617
1034
7991
13021
5756
1373
2999
10181
9459
2179
7108
656
7343
8201
2456
7955
6283
2816
12853
7551
8577
8732
3717
2997
4518
7148
9137
7112
12734
507
1179
6050
8983
2855
6061
8303
12816
791
12981
5723
6625
8349
709
4640
12781
3059
1935
12344
9679
3862
5628
7230
11952
4995
4576
2926
2374
4451
6707
6542
13411
12283
3706
13453
10051
4320
12702
79
11167
10723
4471
9794
732
12082
1744
1049
5233
9239
7452
5259
7845
1778
13917
2866
2680
11598
6162
4606
6353
9663
1719
7081
10250
806
3716
6113
12341
7581
2839
2213
7252
6992
3071
1575
11051
5163
10994
5720
1931
8955
2022
13932
7430
5226
3104
3347
6601
12067
12887
4989
4335
1889
2969
11803
1622
13903
11917
13068
10684
9414
8721
1036
11915
1545
8145
11385
8084
11410
2224
3360
12417
6994
2286
9922
4453
10422
10987
2711
13514
13853
4089
4268
2229
8657
13448
3063
1571
6374
1608
12414
8178
9033
6098
6214
4926
6958
3934
3412
8095
3045
8821
13716
845
2403
1006
11860
4694
8275
8211
11904
4238
7055
896
2240
7063
4420
3367
5525
13208
12678
8498
739
420
9260
1808
13303
4301
10608
2186
13309
5893
8174
5685
12465
9051
5644
1616
3540
12298
1787
7899
629
8389
3908
8360
1082
722
2098
54
7005
2683
6248
5577
6096
5392
5420
7829
6094
12911
6734
4062
2620
5145
4357
9720
4454
6462
10396
4608
10192
12441
5504
6215
1248
12952
9086
9943
7662
3067
5889
3382
1250
12905
833
12739
4107
12376
3597
2433
343
5885
6343
1586
11994
408
1055
11335
2827
7829
2001
5267
6205
1846
12622
5273
960
5384
4997
2127
8877
4365
2365
12617
7108
296
257
8049
6432
8564
13734
1522
13929
3386
11315
139
11301
8032
6342
745
8172
872
10180
10228
13456
7226
10161
7168
10709
5187
1818
8099
10752
1623
412
4026
6382
11035
11376
7715
12982
5029
9323
8412
7406
887
9203
9335
13954
13156
11633
1985
13950
4096
1389
13809
10355
961
7677
9253
13765
3227
1653
11451
13862
11009
9378
10844
9460
72
9634
5681
11194
1985
3142
12373
7345
9448
8530
7185
3049
11496
12816
595
4726
12890
10734
11677
11868
1563
10654
3904
328
6874
10712
10297
6020
5288
13463
484
2686
7863
9471
843
5635
8350
1836
10987
8903
11148
4738
977
5583
2528
6045
6107
388
2512
7358
11750
336
8384
13338
9821
7559
1258
13886
9536
13324
419
12650
4802
9192
13323
509
11703
8679
2991
11869
13135
1395
11772
4819
10544
5091
5236
2286
3650
2308
13450
1723
13762
12859
4792
11331
1736
5580
10182
7787
7157
4821
5228
3304
9474
11387
3450
3164
1579
1251
11459
5785
4979
4616
10781
2813
4994
11043
6216
1169
7621
11461
1687
6532
1530
5402
4443
10137
7266
5132
2230
13121
4043
5084
1974
12132
4904
4943
7224
13673
833
8561
2329
2236
5455
2841
5744
9686
13179
13272
1332
4726
3662
11369
8546
6357
11325
5313
11631
9154
5342
13559
2460
7393
831
2087
5489
8457
8067
2509
8656
11690
7962
5518
10285
9813
1627
7036
1868
7311
193
10485
13810
8723
200
5985
6849
12954
12754
13406
9727
1509
2144
11771
3151
8302
7261
7120
4880
4814
3379
4673
6357
7427
8432
11708
1399
3904
5626
4218
7686
2822
11157
2267
11061
6278
7386
1551
6241
8746
6723
3439
12007
5903
548
13771
3396
6238
11412
3814
2717
13074
5509
1948
8186
10709
10493
2929
12491
12370
12777
4533
8214
4099
4541
13932
13621
11827
668
5499
3403
11879
3432
5415
1822
11604
222
78
5260
5303
6942
10166
13047
4949
4140
10550
2875
7621
10935
8421
10397
5026
12960
13060
2321
5554
8725
5034
8134
12140
2654
9625
7099
7687
7249
4868
9748
5677
4546
2288
9386
7342
4756
13656
10906
13154
12864
3353
9332
10224
5020
7445
5226
839
12201
1380
1679
9008
12173
6485
4793
8793
9157
10176
10915
5512
10946
2556
5205
13442
11565
7909
6642
2016
1391
8864
11138
745
2322
523
13614
4409
1275
8735
13802
8840
1359
5458
10672
8980
7878
5307
1156
3431
11826
4743
12604
8583
1063
3472
10545
8071
7321
1883
5447
6598
9985
12892
5424
2840
3641
5074
12919
6445
10490
5669
8821
7503
8859
4859
11205
4059
198
7127
11789
1997
2950
823
9958
13382
12832
13954
3518
13407
9064
6515
11223
5448
6802
8484
12897
5647
8342
12913
11952
11283
5887
11460
8892
749
12044
2370
10048
12133
12545
4431
6134
4096
5901
3407
7213
2496
12271
11021
6437
6059
12655
5070
10567
8021
3592
12197
5467
2226
5568
4618
5848
1373
726
2605
4142
786
10877
10099
4831
12766
408
13070
11702
1520
12346
3916
4967
11755
4898
5461
8910
6052
13167
10163
5220
11830
4585
944
2647
3059
1041
3093
6946
6270
6644
8250
4388
1413
12141
6985
2713
5536
13031
271
13391
3855
2820
11242
12341
6260
9641
6554
9482
11824
10525
12218
10813
13210
12713
13714
9202
4466
9710
12798
4330
9900
1551
2529
7320
125
2089
12114
11882
1073
1710
9362
474
9405
8842
10556
4251
9820
9608
10541
6996
12466
116
5701
11181
13947
10759
2133
10206
184
6139
5294
558
6058
6487
9493
3220
8038
7909
10071
6471
8699
2612
4127
4587
7595
3681
6789
9031
8863
3662
8033
361
7605
11475
13526
8408
6927
11415
12104
5815
6970
10050
4293
6453
5628
797
4324
602
6159
11914
13743
12247
13690
633
2462
10576
606
7739
10488
5387
4256
13253
11930
5163
7516
3559
1194
7176
2924
4952
9180
3434
11359
2195
3644
3073
2178
10657
8546
2797
8166
1457
6469
1917
13590
1754
9078
13588
13803
4720
11498
1787
12231
12692
2900
7568
4355
3633
657
9507
7352
13238
4959
10714
11498
512
10849
11545
923
7239
11280
6301
1654
1042
7111
9510
1870
10000
11773
2239
10803
4706
10841
13848
4065
13906
12595
9912
6157
4326
3609
2737
11357
6713
4098
1607
6885
6328
870
11759
1521
6108
10024
12009
1721
8925
10548
10753
4333
5194
4309
8455
5910
4332
12596
11987
1398
7989
4965
11189
6155
7512
9243
5216
13725
2201
9338
3083
1474
3809
9388
12414
4043
13477
9573
6059
7181
9893
10751
13661
5701
4257
9968
12313
10092
9191
4580
5944
12136
9996
4829
11509
11088
11353
12989
5088
7698
2789
9075
11720
8260
8695
8910
5426
4804
5508
6034
3723
12022
12416
4446
8572
3785
1489
8021
11367
2534
11861
10301
13739
4650
10786
8815
12632
8312
2349
1440
1007
10669
6993
9131
13368
4632
7177
10619
9988
1866
7294
37
3029
8846
1810
10469
11465
13700
6714
7026
4122
9808
331
101
6982
10965
1628
8556
5052
8770
8311
9953
3933
2400
2103
2559
4534
5618
2537
3782
12962
7916
12099
2656
5047
4064
968
7852
8720
6623
3417
7443
1791
13375
1252
1858
1250
8769
3233
8574
3210
62
11353
12701
7728
2275
8839
13557
11532
12184
12784
13483
11500
4096
7271
10834
5619
4625
1461
12235
5249
3655
9488
5061
5572
3501
1049
4265
8775
786
2005
9820
10483
5203
10292
592
877
80
8348
5565
3827
10645
10580
908
4782
3058
10291
5378
2116
1924
9232
10714
13808
2864
9235
9759
4965
1790
10322
1005
3476
9763
4884
1999
9430
5182
9022
12269
4453
7989
2303
9299
4816
4630
8095
2649
2163
4145
10153
5338
8865
4228
13334
33
6027
6485
851
12524
7865
3356
6963
13385
8077
3336
9646
13322
6128
12506
4306
1073
7699
6528
12363
6753
13291
11128
9406
7534
7306
883
4793
4001
1890
901
5441
6082
13782
11949
4045
11861
3492
11248
12979
12061
10731
5272
2417
367
3083
8632
8240
4097
3724
13113
3676
7288
446
13818
5925
6346
1272
4750
11565
7445
5164
10037
12017
13983
2020
9184
6891
2584
5670
10776
13290
2737
9940
1904
8264
8841
11805
6818
3834
13796
2863
12677
8115
4352
10875
11652
13847
12237
715
7732
4499
2531
9279
6014
6293
5988
3662
10160
12572
8448
11473
11841
13851
11727
13292
10911
5494
11537
13534
8267
6273
9862
3783
10701
5633
13793
13036
6592
4990
13650
9246
5133
7045
3114
5168
1934
2362
3237
8599
9832
3550
1469
4834
2254
7061
1164
9607
9111
395
7849
369
3000
138
7194
5876
4648
12005
12875
1483
3836
3897
8511
10321
7306
13049
11725
4656
11668
2047
4328
5807
5497
8724
5140
891
8202
2683
13176
7948
7578
6457
13795
12150
625
441
13574
8506
7806
7631
92
12037
9420
5586
4604
3090
1835
10966
5125
8616
5834
10533
4024
1967
5961
1639
1674
13007
7189
7785
8263
11304
12402
2488
1127
11742
9887
1484
2632
7500
12244
12437
9444
12648
5421
9074
5651
8618
6493
9569
101
13382
3701
7537
7013
8976
1009
843
6926
6122
3648
6354
2092
4384
8291
11137
3504
11756
13253
11880
8931
7473
870
13997
4322
12377
8264
2067
13441
9847
5511
1903
9614
7717
9491
13336
3394
7686
2092
4277
10880
8429
13701
1385
6526
9151
9841
11707
12201
8116
908
3938
8861
10534
12156
8698
5771
325
7721
1235
12592
6429
3147
10042
10576
13840
3528
4632
10741
723
1530
1804
819
10707
5608
8404
576
894
13640
5179
3820
8622
4241
9404
10259
6277
11203
7355
13492
10080
205
3809
3083
1345
66
1011
12324
13309
5432
11636
4994
11783
1161
8701
317
10207
2320
1057
3311
9188
3000
6911
10058
360
12109
7140
2653
7275
434
7501
11388
6564
10537
414
13258
9882
443
6290
5310
2748
6255
12074
12016
3099
1171
1177
5595
3691
2347
3775
10459
6195
4718
2508
5285
1183
11397
11041
9315
9902
4122
5122
704
6872
10098
2978
8106
10248
832
6598
3445
10453
1789
10451
7155
6648
9510
4959
7210
6000
1872
5110
11574
2919
13878
1893
1695
13652
11851
3493
7850
9876
4680
8460
4641
5158
11964
3398
2397
6443
2398
8511
10753
1631
9439
818
7176
9504
10407
4335
6659
9194
10252
11249
5187
9173
2326
7185
1002
12301
6287
9940
823
13197
8074
435
8029
7355
8466
907
10731
368
12527
12107
13613
11024
10897
3831
5014
6051
230
219
2741
725
9155
9213
7101
2703
3899
5001
10983
6115
11173
3436
13546
6820
10474
2046
13896
8304
8362
6421
4561
10181
6630
863
9488
1841
1668
9115
6028
2813
8673
12465
10436
1830
8703
13398
3712
7652
13745
1925
4945
2383
10824
4271
13315
9795
6415
3770
13443
10281
5262
363
2439
10356
2775
7872
8377
7784
10442
9505
13768
4029
1743
10964
21
10113
2741
13795
8534
6036
12894
1246
6691
10532
11885
1455
10431
480
3097
193
13162
2635
3269
2091
7555
6522
10721
5641
13848
9324
4124
12636
495
4271
8340
1678
7487
6707
4833
11761
13702
10684
3750
5287
7119
13901
9137
10328
11985
8378
2496
1750
12357
2061
3811
1084
4434
8452
13449
7182
9911
12143
240
5597
12655
3556
7858
4077
13046
1170
11503
8036
13133
6263
1120
10031
3802
11333
2739
3979
2527
13532
5258
6472
2038
5648
9039
13381
5124
11890
4268
3052
5910
13111
8520
13676
6711
4391
10440
289
10741
3547
5185
11162
3231
7646
10809
3438
5868
11580
10775
8519
6796
1019
2856
10154
9510
10200
13110
1978
6811
5639
793
7232
3039
2236
12762
4692
6539
1766
1447
949
12181
9336
1094
4804
12876
5356
4184
7950
8501
4081
530
4315
5856
10585
836
9848
13844
1582
8821
7868
12405
2824
7290
2575
7498
1180
342
6212
8104
5686
4137
12514
2055
13163
9399
3302
5123
4745
3394
10974
10975
579
3049
2706
7314
158
6511
7175
9264
9293
13287
5263
10108
8824
4193
12782
3050
3807
1887
8744
8084
10593
3678
10557
6012
4687
9727
9779
5723
1946
9388
5958
11424
6335
5052
11228
4814
8800
9362
9445
4604
1696
9070
9193
10953
734
10052
4509
12435
5960
921
12783
13926
12829
5634
11367
4041
3528
293
3098
8570
7355
5375
772
9428
4825
3779
6414
11551
3975
8437
4652
11247
1866
10764
911
9529
5020
501
12241
10936
9064
176
9246
6755
11194
11572
827
10944
1336
12382
963
6957
6333
1056
11847
3179
54
13520
10335
10132
9391
13076
4175
6717
10384
