2392
982
3295
3293
2336
2273
1803
4058
3047
2751
4478
2660
846
3463
2491
3682
4396
2952
400
4430
2266
279
1374
1541
1178
2217
3434
3628
189
349
3937
649
2711
2499
1124
4116
1707
2180
3193
486
601
601
97
2410
2385
4263
578
1085
473
1659
4184
2131
715
4047
3257
2911
1145
3836
3379
1497
449
4458
2197
732
2280
1309
556
3852
1724
3875
2579
765
3636
1919
671
2863
409
215
3432
2586
850
1400
743
3154
1936
4473
4168
1782
4302
2421
2181
3190
1551
1497
1759
3956
4414
1331
2782
3698
819
1045
3426
2625
278
1786
3457
2830
2266
45
1122
598
304
949
2685
110
3909
4386
4426
1368
797
2908
1869
1806
165
381
1956
627
4276
3528
1642
3486
2669
3996
1193
541
1940
699
2858
3245
2600
1728
2289
3265
2048
2193
2249
2249
4331
1394
2943
421
171
1618
1710
4474
1789
1214
319
2205
41
2469
2593
685
2554
2837
860
2707
2077
3115
3628
416
218
3391
4079
2623
3893
4482
626
1546
2349
1293
418
2632
1010
2191
1390
893
2039
3225
1245
2242
563
4343
1268
3087
498
2992
77
3164
4121
4274
504
2195
4435
3484
2720
1726
459
1321
3831
1324
142
2046
4285
2720
3274
1111
1895
4168
878
4247
374
930
4334
2679
3640
3921
3230
2349
1700
321
3017
3798
2141
3069
3654
3546
4338
486
170
3026
2859
3862
3778
2155
3954
3301
2804
2586
951
814
2750
1289
4103
2309
2344
3358
2382
1712
3232
153
2225
1438
3957
2932
2861
417
2534
4478
3869
294
975
1543
1564
3966
811
107
1556
2290
4454
2094
4390
1917
2415
2477
2739
2680
2890
3807
3343
1400
2941
3035
370
1916
1282
2763
4436
1444
4490
626
993
3992
208
2212
2287
1987
2323
1506
1679
2336
2642
1480
508
4037
3171
963
2303
1039
1244
337
2505
753
2341
3454
3619
361
4313
2052
2906
3974
1052
4029
317
4180
352
284
3634
3618
240
203
1359
2540
2053
2
3177
1982
2355
2914
97
1931
1039
4208
84
211
2731
2954
3824
4424
4028
3572
98
199
1834
4036
3836
1458
1638
4478
4228
1442
3538
1192
959
373
1322
2982
4226
2293
242
4198
1445
1021
3673
1603
4127
1176
3078
483
956
597
3401
710
2179
2585
4348
1701
2830
1830
621
894
2025
1759
2997
1885
1060
2246
3590
4128
1724
2344
177
4169
2289
1791
526
4350
925
2146
112
3769
1959
1734
1396
930
3377
1063
1079
938
2620
903
1090
1451
303
1195
3657
3507
4153
460
3133
3303
924
2459
2619
1808
2506
1185
1205
1259
1935
3276
2027
2592
657
3467
1266
672
173
1103
3849
3665
3481
1888
4230
2026
2656
3539
2365
3093
2811
2998
1976
1983
548
2229
1421
3189
1537
3638
1506
350
2905
2880
1561
636
406
1761
4245
127
1632
110
237
423
3539
4094
2087
2221
3141
3959
4327
3487
2141
1977
445
3508
815
1743
3255
530
1774
2819
2063
1245
1392
617
2939
1205
1284
2325
485
4404
2034
3364
872
1198
1447
4354
3302
1041
2435
2259
716
890
2742
2760
2488
2981
1343
4498
2135
3404
2684
520
468
897
3004
1161
3005
3636
2526
2332
4134
1361
4367
1870
714
3646
2315
2756
895
3996
1357
2545
3243
3225
3187
2197
3790
3998
2214
879
3572
2698
987
314
2690
588
224
2124
3319
3226
2225
4253
3880
977
3478
3727
624
3395
100
4019
782
3286
2424
341
2381
4173
731
608
3956
1455
2090
4289
2818
3178
590
60
1831
2606
4132
3896
985
3840
4402
2225
2532
4410
1112
2507
2788
1355
4427
2601
262
2999
1817
4419
3118
3120
3354
494
3616
3489
1456
2325
769
1426
1824
1442
2680
1373
3427
3351
3090
1409
669
1978
2768
40
2513
4454
3350
2277
4236
1447
3041
3639
1352
208
3030
2173
3455
271
471
2274
2370
3196
3457
3356
3175
3763
431
341
3029
229
3449
3130
2516
3903
1129
2605
2055
2538
2198
2298
4483
3504
1929
1446
1171
1076
1037
339
434
3440
748
3307
2683
4409
3140
37
2457
2674
125
1155
849
659
2752
2087
3031
477
1233
1116
1935
936
1674
973
2489
2699
3638
753
1216
3788
1216
2456
791
2490
2854
791
2060
2594
24
2315
1057
3046
244
1087
3531
3314
3677
49
1529
854
734
1032
4346
199
3625
1113
2310
3647
3193
521
2004
2790
2571
1521
222
57
3852
1047
537
483
3925
1304
1954
3837
805
551
34
3254
4299
788
3319
1850
412
3331
4082
486
2947
747
459
1317
2513
1488
1108
2332
233
720
726
2996
1375
1751
4227
172
2704
1602
2402
3075
332
1585
1826
3712
3373
1898
1893
4260
401
3944
261
374
3200
2590
1473
1706
2652
1395
2007
557
1978
1369
2284
2025
2861
3583
3556
399
1076
2674
4462
1430
2693
3910
1259
16
261
1341
1196
649
1502
2457
3437
1204
1486
272
4247
1165
3506
2259
2537
3103
121
601
1824
286
3177
1675
718
1084
2183
2153
3447
2017
842
3058
1403
3012
1929
3494
2817
1107
1611
1704
3393
2690
2498
170
1872
3540
2776
4316
3875
4087
99
2090
1771
1004
1166
2464
37
426
4231
2678
588
4149
1097
2289
1475
687
3968
3508
1441
4112
3115
2258
2160
3171
2747
1556
4381
1820
842
2949
3764
3255
4302
494
2353
1766
217
2559
3458
1621
1601
1422
1054
2712
2469
2786
1670
4459
4050
2747
1791
1154
1096
2970
1672
4345
3030
254
855
2911
2548
1572
389
2217
3591
2151
80
2574
2549
943
128
3283
4422
2564
1252
2271
1725
852
3502
2845
3919
3521
146
3470
1135
3525
4384
3896
344
4348
3998
1710
3790
3548
199
60
3139
3875
4187
3994
492
19
2908
510
1601
4121
1541
3047
561
2511
4210
4360
415
233
2903
3517
3554
912
3230
2703
2560
3866
332
3317
3230
1611
228
1281
3657
1612
1649
3372
1335
792
2393
1454
499
2868
1062
1959
2589
736
2379
654
3602
2459
3820
3540
3908
2455
1160
3771
1728
1808
830
4292
3498
654
440
2511
3097
4277
2503
3577
650
4299
3893
3795
4452
983
4069
368
4010
2939
1461
1348
3064
77
1945
1229
1142
4253
3499
1990
1079
2820
1006
153
672
4430
4256
65
1626
368
1969
865
2505
1392
1026
4231
1762
3888
4089
917
855
716
72
2827
4361
2624
63
1917
906
116
320
4109
1982
22
3407
803
4003
1626
1307
628
662
120
3072
436
2156
2178
4220
1626
1492
4236
3673
1148
3222
3327
3080
4249
1572
2023
1788
2599
2127
1430
875
783
2259
1578
2850
1444
2490
2611
748
3254
2968
2983
3807
2173
3814
2737
2101
981
2724
504
1936
3083
1386
851
2060
982
750
2102
3035
1449
95
4072
2828
625
3135
2486
2915
2009
1102
2941
3235
4457
3980
594
2920
1091
846
3074
2094
3720
4016
3277
954
528
2546
3346
714
4052
1036
2635
2115
4291
737
2378
2381
2264
2968
2435
2237
1954
1193
1749
4284
1704
901
3546
3462
2911
3867
2644
647
2362
2232
3873
2052
3095
3855
4311
1677
1560
4049
138
2290
4208
3975
3088
353
1295
1311
3198
2214
1354
2840
2655
882
1427
278
96
1138
1793
2957
2761
431
705
2583
2870
2688
1711
3352
3175
2558
4195
560
2164
3632
3401
1571
2084
605
3059
2328
1704
2813
1739
2159
165
3139
1102
1194
3470
2885
2779
2504
2363
1920
1382
4487
767
3884
1351
3074
313
3784
2386
2835
3602
1233
2727
3479
4016
3001
287
792
668
4037
4460
3225
1050
2165
3966
877
562
4175
3370
3291
2613
1575
510
3927
524
2363
2883
3878
699
3772
2779
2749
1016
1400
2300
2131
1421
2288
4326
219
406
3212
3024
1191
345
1469
3960
932
19
462
2184
1027
2547
528
2914
2082
827
4228
150
1288
2233
1431
2312
3499
2963
2527
2795
1400
1132
2781
2568
729
1578
439
305
4223
4154
3934
2647
1217
2946
4272
2392
2934
2083
2731
3439
876
3402
3901
4067
2062
2062
707
1699
576
1574
3047
167
4244
1953
4149
3973
2325
301
800
680
1249
2420
3271
1551
1269
4359
2660
229
343
639
3764
3633
1708
4464
1
1450
4145
2930
4468
898
731
895
3979
51
4490
1830
2389
289
3483
4342
4162
2686
3909
1430
413
3514
3999
499
1028
2868
3536
4251
1443
1015
2568
4221
2081
2332
227
52
2154
3344
897
2211
2733
2289
3783
2968
3860
3361
409
3861
2565
3716
3763
3054
4412
414
2453
1471
4025
2499
394
1777
2076
2623
639
1228
3445
3582
4302
1470
3450
582
4312
1325
3509
1575
3229
4412
4041
2175
1911
1342
2174
2999
198
4420
854
864
2068
2656
4433
1831
3294
3123
2734
4232
3208
1109
1197
3499
1150
3457
4013
1914
1055
2541
416
2759
1994
2492
3738
1983
4241
4224
4281
2652
3004
763
4484
1435
2788
1107
2155
793
1109
47
1515
112
3583
1483
1557
3846
3435
1944
3390
4269
1274
1206
3086
3338
4058
2196
3416
4335
992
4232
95
1248
2408
841
2758
2380
2587
3916
2242
2812
3606
43
638
3720
3528
2558
3154
4495
1092
3478
4199
2220
903
3856
4005
2191
2947
1715
2945
2167
1786
1883
3098
4331
870
704
1335
2226
857
781
2703
1842
1650
3621
2398
3057
608
710
4086
2243
1701
3170
1593
610
992
1510
1791
2148
831
3641
523
1592
3223
3209
298
4140
2077
4113
1336
2608
1892
1371
2617
290
2088
1296
971
829
919
1496
3162
3065
1009
1433
686
2008
3200
2050
995
3140
2671
1620
4460
1047
500
2283
3171
2739
4135
2604
3552
3857
4113
3609
4031
1929
184
1505
2411
2972
624
48
3278
2499
276
4143
4122
3796
6
287
2946
1298
2270
1210
449
897
1104
3809
1517
1839
2831
4144
120
3878
1563
2669
932
1383
113
2527
1630
3640
3516
1131
2964
2193
3626
2585
1209
196
3000
1463
791
1703
93
1636
4411
2225
4059
606
4431
3415
564
2692
3024
2829
3590
3709
3051
311
1854
3623
2769
4440
2231
1764
3216
967
3902
380
2445
3650
3025
171
1405
2514
819
2078
1381
2453
3354
2596
717
3952
1015
3698
2215
3994
1159
3674
2737
1687
1474
2316
3662
3551
3331
1933
4329
4484
3261
3664
4403
3818
3433
637
2870
733
1695
1050
1377
4351
3105
1125
714
513
3097
2873
2767
2722
2165
1191
869
1050
3079
3135
4491
3711
3746
400
1169
1553
3943
3026
2584
2297
4418
804
1006
4395
459
2299
970
3121
2592
1979
2194
680
738
3670
2104
3764
2321
1282
1075
553
601
2047
1744
4096
754
3908
4311
2916
1333
1962
2915
4344
3830
1180
4427
3669
2658
1007
422
1897
2334
3472
2835
4192
3515
3110
1788
2093
3613
3585
1603
1315
3049
723
2594
1011
4242
210
1578
3140
2755
4493
2100
2249
4040
4149
1484
2745
3333
3039
4454
1638
3861
1040
2404
4188
1158
138
1488
2553
2562
2024
3074
3863
3848
4414
242
1262
1048
3778
3054
706
717
1127
665
3183
4178
1942
1096
1273
1908
1456
3968
3016
4244
1872
4470
2728
2018
1350
805
4275
2009
768
288
1382
4120
1967
307
754
2632
1262
1331
1680
2131
2076
1393
3412
4113
726
3712
1447
3494
4299
4310
2858
1437
1177
967
834
2209
303
935
1954
3297
3382
1060
3435
370
1345
4351
2693
3663
1349
2249
297
2662
2660
1086
894
4482
1654
1064
1134
4230
1636
2649
2842
1482
1394
269
495
1674
344
1807
552
2910
2313
2425
3082
1158
2677
2340
726
3486
4270
2284
2609
1759
41
3798
3443
4356
582
2192
3382
3837
3204
3707
475
3852
1952
2146
1153
1908
4260
2319
2251
1283
1511
2667
999
4062
468
994
985
2543
2446
2275
2962
973
2770
2541
4158
46
3230
3252
883
3589
890
4070
2572
4387
4311
2242
926
380
2773
175
3638
787
937
1876
792
1412
3589
493
2487
1590
4234
2923
1793
3134
97
3466
1660
4326
2314
1606
1141
1448
1500
2983
4263
3409
1753
4233
3589
4247
1594
3892
2811
3631
2883
125
609
4309
3461
4201
2951
3948
3835
639
2077
2609
4469
3585
3879
2173
3506
2358
548
3101
4113
2716
463
3817
749
1312
2683
892
1940
782
327
3073
295
1108
2930
1616
958
2373
696
4140
2901
3127
827
2241
3781
1948
4144
19
4470
3496
2187
2480
4337
4061
248
1547
3243
3701
595
3959
396
1507
4442
3143
693
4452
4171
3580
2981
2031
1074
3909
4092
155
2932
3981
1638
885
4353
1603
1199
3316
3200
1529
1920
3974
2475
550
1953
47
3710
381
2950
1102
296
1002
3386
2610
331
296
921
1695
1599
3026
2000
3717
1292
242
3987
1816
1366
4292
121
1531
2940
3937
1982
2439
3299
2050
2627
3271
237
1171
3952
1770
280
2405
2118
4399
1650
1788
523
1576
2457
2531
3988
2492
1301
4006
725
2949
83
122
1256
3128
3601
3554
1259
2337
2187
1806
2491
160
2869
4101
3560
1438
1371
1770
3702
2644
3629
4328
3895
1871
4449
1309
49
3388
1655
3009
1389
1625
4027
1416
1635
13
3305
3589
37
3142
2448
4009
3810
3603
1927
4284
1451
4088
4181
2003
3836
3478
73
2584
1796
1394
1615
4072
64
2006
948
4088
2873
4270
556
296
935
1501
1626
3725
1602
3756
4204
2616
2830
2797
210
2323
3753
4221
4334
3529
341
123
2809
2488
3565
15
3486
2241
1540
4488
3977
283
3399
1515
193
3315
2478
948
3742
2976
2987
3790
3930
3442
3529
1058
2783
4475
344
2488
4045
190
2151
3331
729
604
38
996
3056
4131
135
4107
2498
926
3671
1775
2763
1241
2836
3989
3255
2247
620
2010
916
3532
3032
1555
1610
2418
2249
2289
2596
1278
82
3531
584
208
981
1478
695
1441
818
4096
2114
792
110
3208
1747
4236
1933
3435
1568
1207
2602
3545
2109
1117
1202
262
3746
1331
845
1627
20
1618
1455
15
4329
1601
4069
1740
1373
3834
2168
1935
3771
1081
376
58
3490
3379
305
2281
452
1677
3747
503
1256
1467
3224
2691
2224
3028
3472
2755
3086
2545
4459
3887
1027
1911
4166
2453
4357
759
2435
1166
3473
2447
3715
853
4427
2843
3528
1878
353
2918
1668
634
2767
1292
2045
3252
3233
1458
1157
3040
3376
1764
2978
3002
4392
1153
4116
2419
1158
1806
1722
258
2595
3149
3631
1966
1343
3751
3376
1681
3241
1094
899
1287
2768
3572
1032
2563
2238
625
2471
506
1798
163
2687
334
3530
1033
333
986
1902
424
1371
2749
2753
4036
3777
3527
3206
3065
2881
994
3034
1672
1918
2840
4016
2023
1654
2262
1628
3099
4364
2147
1788
2692
1677
3655
3081
1615
88
860
3337
3808
3249
3027
2298
950
864
3211
116
2708
327
3724
89
4291
1977
4414
1896
1010
4141
1937
2925
173
758
3875
1919
3183
3571
1252
3533
1558
3130
1239
2905
895
3500
4004
949
1240
48
9
108
367
4203
2451
2214
2919
2442
3595
3546
2052
1649
2905
2339
2262
3945
2566
55
3241
3528
1197
807
1478
432
363
1064
82
4051
2271
2946
554
3343
1682
2504
2677
3639
2851
3422
1119
704
3179
2874
3427
203
2372
2178
885
1835
2693
2841
2992
1810
2463
4255
561
370
4005
883
957
790
330
3576
3769
1595
4483
3281
1620
2378
2358
580
2098
3514
3746
359
3406
2725
450
3861
1477
2099
294
3478
2754
928
3662
3823
190
4500
2689
1725
1438
2617
1399
799
2985
3027
4493
2827
4316
2521
1681
3350
4293
2489
3540
563
336
4098
4154
4342
4359
2493
209
2534
50
1099
2334
517
185
512
1536
3161
1003
2731
3560
3666
2392
3565
2037
451
270
4280
1751
384
4133
3520
2790
2315
2914
435
439
316
1737
722
1776
1397
1412
1571
2654
1932
1078
1905
3244
2437
2218
424
2916
116
4315
571
3842
1148
2560
2086
3171
180
1411
511
2845
3520
4388
1065
3629
4350
1060
695
645
1453
4101
1733
2786
4354
3821
286
3886
491
3308
2241
1771
3665
1656
2606
1327
3616
1967
536
1920
331
1902
2317
4258
119
3256
259
1749
1014
3858
943
3498
4233
97
365
4275
3945
2275
1300
2846
1049
670
790
4363
2275
1326
3457
2917
791
63
3853
1114
2423
4073
2222
2253
267
1593
636
1104
4060
2599
2527
1132
2976
3234
1377
1932
352
687
2314
4070
843
4271
4273
3518
2051
3429
371
4464
3705
4103
1987
2021
3501
796
4291
1863
2192
4211
648
2048
633
3452
428
2792
880
2931
394
1644
3430
191
1180
1384
3550
4024
511
3347
3520
2007
3958
3423
3882
759
4141
3359
2428
2963
1458
2867
3156
4488
537
1210
845
3405
4164
2706
4394
2284
3205
2339
654
1869
1237
2838
3903
613
2094
2902
3751
1608
3227
2451
2840
3340
2269
3778
4055
341
2804
457
719
3632
2383
1349
406
3531
3361
1811
934
94
1391
214
3218
2630
3561
4033
2911
2601
3625
2053
3080
1803
709
3707
3805
1980
3775
1961
3367
3063
3036
4110
1222
2651
3524
199
4014
354
831
2516
1179
4101
4111
1686
3249
1253
2853
1826
3418
1385
103
1401
2722
4361
3257
2516
972
685
1012
748
2046
3986
962
1962
2593
1479
4044
1542
3497
1798
3397
1941
146
2021
3091
1781
432
1417
435
1529
3295
1125
4202
3753
2800
2634
1133
4177
2626
1237
1125
2479
606
1096
2341
2673
3741
1672
3449
2833
2205
3490
2319
1638
596
1203
2579
4151
3048
184
4160
3437
3237
3234
4064
412
1233
3387
4174
1215
82
3860
3319
378
1403
4351
2413
1600
3535
1515
916
2280
3629
1952
3102
4224
827
2018
615
121
3416
2601
3285
2392
3836
2245
4098
2328
2044
4230
3129
918
1847
4488
2789
3507
4171
406
2205
1930
2427
2127
311
3260
2332
1714
1034
267
4143
4383
268
1366
0
3797
1236
1257
832
1539
1350
2527
2226
479
2582
3110
4253
3568
2172
472
2657
1822
1594
2431
2686
3810
1258
2165
3125
2953
2117
840
3009
172
1526
2337
3586
1185
2035
2665
413
3877
524
1442
1951
2170
1832
1479
1967
1011
776
3470
405
2085
725
210
2539
55
1600
110
2713
32
640
4187
1337
3797
888
123
3936
2249
675
2994
2539
732
3150
210
2298
1134
3044
2264
435
2088
299
3560
161
79
1250
1785
3478
1459
4358
1122
3470
3021
1088
2022
3626
1045
3207
704
1921
3945
1770
2896
1376
2949
3065
1298
869
713
3709
3125
1663
3448
3728
1962
248
3163
4303
4356
2224
2210
2638
3096
236
3421
2642
889
3908
2994
434
3658
1164
478
1105
3621
3129
924
2837
3848
1456
3272
75
3433
3233
483
3119
3130
3104
3462
238
242
3106
986
1645
1535
4267
3881
3219
1389
1814
2530
2950
2821
1856
781
3117
3922
1242
3674
877
509
347
4087
3746
1663
2836
35
959
1995
2242
387
652
4115
2014
922
4110
2713
2636
1842
904
2631
3789
608
219
21
4393
1501
3254
4057
182
2649
3521
4145
3845
1590
3381
169
861
1247
3179
3564
2340
582
539
96
95
1942
429
1409
936
3813
1577
1246
445
168
3809
3520
4492
1053
3803
2664
2165
795
2489
956
963
307
1399
997
1925
2877
3177
434
1429
4077
3365
1190
3669
1760
153
314
2703
2673
41
699
2494
1426
2191
105
1518
3518
1941
1031
3801
2373
804
2219
4325
2266
3799
42
1595
2253
426
2951
187
1738
152
2466
1883
2539
26
1845
2578
3562
3618
3188
2239
2759
1615
2787
3766
2290
1914
2655
3250
2729
504
1478
1540
1843
375
2211
1722
3164
1676
4415
2705
3158
82
4167
2884
3167
2310
3772
2620
1974
151
2785
1463
3435
3026
2752
2737
785
3227
4301
2169
839
1995
423
3631
1623
3989
4004
2789
86
4308
3715
3355
4069
662
1054
3279
424
1305
2403
3091
2885
866
3062
686
1124
26
4176
2598
1844
3985
2879
3377
1722
1907
932
2135
2190
3879
955
4204
2885
254
2797
3219
3368
2614
4419
476
841
1733
2315
1522
2841
3856
1307
260
2860
2640
3465
4494
209
1642
546
1174
694
4484
786
519
2649
2908
2913
3054
2653
4098
2167
3007
3477
1055
3665
647
2828
2268
2419
3846
3631
2376
1651
3847
3494
4039
2967
502
1696
1053
2783
3889
4059
3560
3240
1287
3875
2031
2545
2160
1056
1156
2270
4304
2318
655
3142
2124
2002
2270
2695
2708
1213
4152
4334
1910
3193
355
3478
2667
2700
2961
3383
2497
147
3628
3889
2380
569
1017
3416
2674
2901
1073
2878
2855
1909
670
3660
2877
2053
3668
54
1382
3480
3768
1713
3573
1505
3321
298
927
1115
3277
3456
4114
88
3989
1741
1642
572
1653
3361
3027
2977
65
2218
3899
4168
483
1376
4300
3012
683
4176
1562
2891
3961
641
1661
3582
2720
4143
3895
2400
1059
359
3491
1049
1047
2223
1368
2725
1324
2066
822
2500
1203
855
469
1374
1185
573
2637
916
3675
2306
864
2712
28
550
553
3717
2763
886
2830
3639
111
3203
729
3115
4458
2294
3686
1650
1999
2785
262
1714
1467
2276
4141
915
930
272
2624
3061
1177
231
2232
1276
4434
2115
3133
2928
2399
478
3684
1239
2087
529
2592
3916
2539
3204
2424
2070
2882
1265
764
1714
3468
140
3908
2279
3083
3372
2031
3647
2744
2484
2643
2507
311
711
2273
3788
2081
1038
3059
2890
149
1403
3991
2900
1459
1705
2213
284
649
919
2068
1585
3686
3066
1571
1172
2908
836
504
3108
682
3382
3191
1750
156
1667
3337
894
2932
777
3247
3875
778
563
450
143
3730
1516
2001
3145
3992
3080
1970
679
3058
2268
1865
267
897
583
2109
1699
2826
512
3911
1306
1529
4195
3377
392
606
556
2539
2743
2164
4413
1672
19
3066
3372
1115
3156
2946
1517
39
125
1733
410
1005
4468
1734
3044
1836
573
2065
367
975
1987
236
4352
4131
2390
2715
632
555
3601
1418
1768
2382
3075
328
3470
3194
1654
689
4488
3633
4359
2598
596
2446
3079
992
2283
1698
3580
1016
1288
1411
3533
3514
1689
3622
1148
1313
3023
542
4106
4413
3677
818
4039
877
1347
2025
1636
2533
1172
2944
1843
486
810
3755
1715
1829
1334
361
1699
862
3197
3956
2716
533
88
3970
2161
1947
2015
854
2926
2384
1668
1599
3209
3336
3654
2941
1691
242
2764
1274
1757
2055
2758
1730
496
2276
1681
3234
455
2765
4343
1863
2522
881
3574
3655
1901
1623
4404
4346
3512
1942
572
1884
803
1003
1233
389
2046
2570
3102
965
2960
4064
4060
3223
2665
4422
2907
331
3624
3673
1301
3991
616
2880
4490
2442
746
989
2965
4281
3204
961
1552
2783
3127
2701
124
1566
3952
4148
1202
2681
2435
3614
4155
3882
3177
2138
1409
3849
464
123
1233
3004
1168
601
2595
2986
1941
304
3769
653
1400
1876
1094
1028
3571
3163
3581
3699
3979
4285
3335
3897
2394
190
2063
4455
2535
2865
4177
1304
3567
3498
2422
3039
3015
2637
893
3975
626
4425
1557
2303
1577
1570
4227
726
417
148
415
4278
2240
1941
358
1575
1282
942
2957
2270
958
2327
10
449
440
3172
2519
1735
152
2737
3353
492
4404
4324
1888
2977
617
841
2339
4066
3487
944
1525
3178
355
2848
1094
2202
1505
3003
1288
84
2845
482
750
2183
4437
856
2679
1528
401
1779
1227
1716
4206
2892
3691
1962
507
734
3082
2952
3994
2543
4236
4358
40
1300
875
4138
724
4004
4339
2356
627
1172
171
3108
3149
2407
2245
895
3986
4468
1198
4482
2156
71
853
932
630
2840
2331
1437
4084
2820
3134
3376
250
1849
1239
2572
3555
2611
1534
2168
1222
1473
2205
692
1686
558
2491
157
1589
4438
338
3681
1617
1093
311
2151
4018
2839
2980
3513
3977
1441
3095
3074
1956
1006
3195
3038
3678
1065
3107
1557
2419
2772
3731
878
830
3415
490
699
1566
1794
2018
3262
2133
1126
2745
546
374
4482
2050
131
1574
2239
3851
1016
1644
892
3489
3566
1827
1992
4474
912
1574
3575
253
4206
3964
2815
341
2661
4190
2429
382
4160
3987
4388
4348
1220
439
1502
3132
574
270
1745
3424
284
1846
2270
2954
1103
3437
3188
2643
1048
356
4105
1472
218
2512
4062
62
2355
107
1626
936
3854
4350
3110
2254
1641
281
3153
2448
1994
3798
428
1298
1165
1762
2431
2127
387
876
687
74
2200
3596
3552
1780
2450
1123
1482
899
3723
1558
1380
3107
519
3101
3998
1362
1809
1540
1257
797
1686
805
4141
3034
3908
734
4159
4326
39
3692
3864
3837
3650
2477
787
486
1247
817
1454
2404
1791
3022
3501
3726
3512
782
3626
1069
3100
1662
2756
4215
3384
126
2875
2879
480
802
2895
3450
780
2824
476
2652
4190
690
4314
2640
692
4115
3675
1313
2756
3173
1806
273
1203
854
499
2942
4304
2272
340
3106
925
1121
3895
237
374
3031
4243
3901
585
4086
4282
1755
569
2500
1570
3256
1465
1997
2239
2318
153
4046
4088
771
166
4039
552
287
1950
2607
3131
2010
2177
982
487
2346
4411
2791
625
4079
1322
1990
2149
3424
410
4103
1221
1363
2672
2922
598
185
3477
2658
161
3844
2694
2496
2394
1744
3734
2297
4178
2736
3790
4456
3045
2613
3767
2308
3041
2326
321
1760
884
3345
3895
2114
2911
2929
2274
4013
2188
3560
2135
2297
911
1359
1028
2537
1138
988
2541
1769
3663
613
623
166
564
3133
107
683
559
2022
3980
312
355
3903
159
1320
313
263
3949
4029
2070
1178
1091
583
2555
3691
2482
541
686
4402
2202
141
1975
744
3278
3268
1131
3978
4238
695
1383
3757
814
784
3939
3330
210
796
658
1668
1990
2967
1017
3834
4229
3002
564
3557
1667
1953
3357
2638
2310
121
2927
2861
2800
2748
3683
1192
3357
2201
807
733
4031
2597
3047
2306
4492
3620
958
3336
1426
3165
47
665
2080
501
2494
661
1429
2107
1952
1155
2203
710
1081
2510
3450
1312
3040
3574
3917
271
4185
3721
583
3513
2911
2221
2194
2963
509
2885
610
3094
795
3361
2231
1571
3819
3971
1672
