248
1851
55
1675
1838
1259
412
826
1425
1063
612
1224
1854
1209
1790
1396
759
1433
1109
841
1783
1465
1117
1813
1617
577
640
29
1291
1545
1271
1300
1156
620
1730
565
841
1846
1679
224
289
344
785
191
774
1866
843
1771
1200
441
919
948
922
1206
1549
816
328
1219
1071
1673
127
958
1351
337
1225
697
1796
724
1021
1829
1902
780
1070
105
1841
365
564
108
987
261
1867
610
180
342
539
826
1147
1158
653
1617
115
1531
727
1746
1966
1122
258
986
1321
139
973
452
1198
1119
1447
456
189
1350
917
1545
55
674
348
252
1368
433
1562
345
1979
342
1931
1616
186
1342
1687
612
673
679
620
159
1916
1028
1067
915
635
1162
221
745
1686
936
593
32
1080
1675
411
1935
835
1200
1706
229
462
456
1617
449
759
716
957
1175
501
1992
596
1158
1934
224
1227
889
799
810
1444
1419
162
553
181
1251
235
1316
1730
1552
1907
192
532
1668
1490
1182
1543
865
1776
48
24
1260
1708
359
1796
827
1916
1316
444
1794
246
728
1490
1302
804
800
1460
1214
1114
1197
929
828
670
371
892
1882
1603
1850
1665
1819
1981
1585
1918
1771
53
1068
1013
607
1009
374
1831
1163
512
1791
136
1654
449
1481
635
851
1101
1647
103
401
332
1273
1949
1922
465
1058
34
360
169
1696
1426
507
1494
453
1558
1949
678
142
924
379
847
1492
725
426
88
1170
999
1619
754
929
311
169
139
1955
1300
105
1199
1340
806
525
784
310
551
446
1694
504
1736
434
1097
1804
1468
1398
1677
1366
306
1586
504
1902
767
336
1306
676
969
1074
1156
798
348
23
370
1082
1130
517
1894
1289
1785
1158
1654
1050
918
1179
401
118
1837
1339
899
1556
184
1573
1029
1627
1156
1234
161
509
940
1563
1172
156
1739
970
841
1436
939
1259
428
1597
1964
81
694
481
631
149
1737
1085
1963
991
69
1174
866
165
1349
1842
162
1664
166
551
1896
272
110
753
292
1621
662
691
408
1739
475
1123
946
1641
1202
71
1651
380
1502
818
164
1960
1269
1887
497
1839
601
477
1567
573
802
882
1939
1917
714
136
1643
1654
638
477
1937
78
664
1909
997
421
661
1923
297
1482
404
1894
1387
1691
494
1782
1840
731
373
1626
1518
1342
1732
39
990
1616
542
259
202
1062
257
1214
520
425
284
1732
555
1848
982
1683
41
402
101
315
1631
502
758
730
894
1463
1384
1979
206
953
715
141
1208
276
1067
1919
717
1368
1457
1896
400
1095
1056
1105
369
1849
710
875
1438
1364
1682
922
1750
1818
1838
743
850
1761
1822
192
184
1345
1426
1206
849
1232
744
1633
1195
558
1239
1375
211
1463
262
146
435
941
130
535
1521
431
1124
1911
1537
1832
744
147
264
1823
1402
1784
162
1355
96
1695
236
1937
1752
1979
1260
1354
812
58
316
481
1836
163
1345
1456
873
1382
1790
165
1028
1811
1937
297
1163
1081
61
1762
1967
1610
1959
1330
1038
1390
95
1169
1928
297
464
1663
1211
1126
529
964
1456
658
1763
1009
43
514
148
718
386
1997
1251
227
1260
1245
1674
1745
1497
332
965
443
1782
1903
1880
1560
671
806
1274
854
801
1035
547
1671
769
1563
136
510
1938
342
83
1929
1409
1449
576
64
1013
749
370
1730
798
766
559
1172
482
128
1022
182
1000
669
552
926
1117
139
1649
727
1438
1011
848
315
1669
1144
1867
609
1736
351
1997
1863
312
1783
1866
1726
947
1139
1451
1982
1670
800
1031
965
1608
928
506
421
1254
1578
264
1973
1808
626
349
725
238
1373
888
675
1716
191
1015
1751
1572
1190
1819
1141
1760
737
1022
172
569
1013
636
1977
322
46
74
1228
50
353
927
1665
1346
840
1501
1082
242
1555
1058
1554
59
1952
398
1189
1275
1459
1289
1425
1404
1588
304
1785
31
1626
1601
1403
1826
581
1228
813
1970
190
301
4
1064
162
304
338
529
1457
305
1012
1362
993
21
626
1771
105
1694
1525
1859
263
655
1891
1109
756
1141
1811
450
113
5
1938
1711
1657
1159
972
930
1973
922
285
1918
1818
68
242
928
118
1661
293
1506
341
1588
498
919
1876
133
219
839
1226
878
1304
1123
1612
1874
1878
1576
1825
1057
1363
943
1938
1080
1466
937
1176
505
295
858
176
1245
580
391
1047
29
570
483
8
748
294
1774
1212
777
1451
450
846
863
465
1231
1704
497
1455
1797
300
1452
802
1475
1226
1367
791
1208
489
1126
402
673
390
1466
292
562
1464
1478
1361
1436
986
1746
1449
690
1983
227
1944
375
1717
1564
1533
1826
183
1678
1712
864
953
962
1185
713
1666
1949
1216
1313
1708
1754
582
1238
124
1210
1965
1910
1744
880
131
997
1837
738
388
545
26
894
542
1715
273
1735
598
1605
1623
1375
671
1987
1431
1665
150
1363
370
1074
914
1123
1577
1179
224
1969
1510
1101
987
721
1769
16
1297
1724
1590
102
907
876
1956
611
331
1213
1012
759
1953
369
1044
1080
1870
487
1849
1861
595
1180
538
1880
1152
1716
1266
430
1564
1181
1777
349
676
1501
1747
70
359
623
437
1073
1084
241
175
799
1606
1821
653
1339
1540
1616
1711
1282
1547
517
522
1108
1841
1184
970
1093
906
1608
1174
881
1700
992
290
187
19
1402
656
1205
1671
103
327
889
297
1069
321
1741
316
1573
519
1018
902
1299
1570
677
93
1397
1837
25
1900
1644
817
792
640
1480
1933
1188
1322
1013
1446
20
633
440
1686
310
320
1844
1020
1617
1575
879
422
754
826
1878
529
1183
129
1246
361
527
104
611
884
1401
1568
1502
1615
526
1181
358
570
751
1614
1686
1686
1539
1323
988
1374
1057
788
375
1045
1456
1906
390
2000
484
1058
867
192
1026
509
791
266
1202
425
135
295
188
1015
1332
398
473
215
1758
640
69
120
136
1010
1892
1037
660
1318
1385
243
1191
96
1845
91
180
1288
1623
677
1925
1902
721
1357
325
586
793
1437
22
416
1514
1295
1798
1667
134
250
1085
440
713
1216
922
386
1323
1234
1003
1848
639
1897
896
1297
825
1997
1066
781
521
1206
1482
1337
918
475
186
212
48
135
1413
1660
921
1211
885
1879
102
1377
1314
1441
1556
1038
51
864
1820
1475
542
476
426
1041
176
1996
1541
1511
91
1620
1787
1263
1579
263
1610
927
1375
510
575
349
100
305
78
1897
1922
179
1664
1649
1415
933
548
1006
649
331
1910
1419
1536
1657
672
1948
1328
1430
580
1516
886
508
997
1169
1747
1757
694
129
1600
963
1350
1323
1548
1774
1154
1296
1623
1039
1547
488
589
1065
1116
365
1430
376
1080
1859
1559
928
386
1929
1963
1513
1214
1358
909
745
1868
22
1955
1396
600
603
1191
733
618
1638
758
1945
1435
1880
779
979
663
1815
1303
1806
1988
1111
255
1465
762
530
1385
869
1542
59
363
1495
1401
90
1543
259
254
281
1657
1410
647
662
254
1352
1692
1536
160
843
421
983
440
1251
1366
1867
14
441
654
1453
1228
627
241
855
1212
673
1398
1557
253
347
1110
474
1454
1363
1271
99
216
29
1193
452
1290
1186
1809
572
204
769
683
817
1864
1396
1098
444
1078
116
1004
1946
1565
1571
234
1788
295
968
1685
960
896
1974
1617
559
1094
1193
598
1278
794
671
328
1806
802
1101
768
1265
24
1078
1575
977
1262
956
1664
1341
735
408
1568
1787
737
1473
170
732
84
1144
1648
1102
537
40
1180
130
673
1315
592
1216
813
1626
778
614
1121
1861
512
554
1660
485
1813
1445
1392
179
1071
897
372
1090
713
1349
247
1227
940
313
796
274
587
1793
232
1891
817
1065
898
1502
1060
1624
204
301
687
1632
830
353
954
1456
256
815
450
567
1173
1865
1808
1856
962
847
285
1543
89
652
1614
1194
653
1387
25
1443
942
143
1718
946
976
1477
470
603
1507
796
1475
1500
1914
1083
66
1538
920
1716
1177
1546
1211
692
894
1501
1917
1633
1791
1710
1951
1070
832
1628
1892
634
1838
1451
1155
1845
1870
301
666
1464
1407
492
1571
1933
270
1173
1593
207
1361
1345
364
818
580
1634
804
213
1776
1806
1616
1682
1025
94
195
1860
1401
457
756
938
1461
205
1421
612
1302
338
1154
1469
387
1426
682
884
1264
162
1460
379
191
1937
1297
859
1937
1474
1851
1331
1387
961
366
816
1834
1108
1746
1285
693
1033
652
1348
1540
1111
631
389
1779
730
1724
1077
1818
927
571
568
2
661
279
1102
56
745
210
1465
1910
1567
89
1862
621
877
1731
630
1578
243
1249
1099
686
1168
1279
852
1215
8
599
1484
343
1367
1264
1257
15
1942
374
520
797
1531
1915
195
560
603
1817
248
1490
1091
1736
358
1505
1416
665
467
882
368
1037
1959
1386
1722
1432
117
593
512
1533
1405
980
374
1768
1837
1521
977
1749
27
1571
1092
1322
203
509
1335
900
1374
1234
1826
158
230
194
1070
1986
33
578
560
1093
1626
1173
428
681
80
1702
1221
1312
281
907
1552
1296
320
88
712
1252
317
1526
1092
1509
647
483
458
546
1600
788
1549
1063
386
647
1492
556
85
163
1784
950
525
1643
760
816
968
790
1203
905
886
1976
133
827
1087
1767
714
1228
548
1452
1299
272
6
129
73
520
1608
1319
108
280
33
1337
753
1544
1918
283
1632
1106
109
1171
657
795
1862
1686
738
987
1321
1804
46
1261
83
813
598
293
1914
1204
1960
1163
78
1944
569
496
460
1088
460
7
1768
1632
338
1219
1243
633
1948
916
1461
831
993
1329
167
585
1211
1213
84
1341
825
990
564
1293
321
31
330
1928
1332
1145
1446
578
499
452
831
923
1078
253
768
1305
555
1327
1385
483
174
417
182
1123
549
1104
1120
110
62
380
433
1587
560
1842
710
1010
1484
783
1272
1282
725
556
526
831
784
1144
1204
684
1160
79
939
1624
1503
746
1969
338
1433
1616
1295
1417
1049
1747
1826
1101
1059
460
1849
1760
12
1340
810
1332
779
642
1990
1067
1860
46
1307
1007
1791
882
149
1269
1779
1260
811
1701
740
912
98
1691
282
227
599
807
429
1781
1979
72
673
1102
1560
714
1779
1796
1859
1975
137
1569
1279
522
1812
714
401
1743
699
749
1415
630
228
1685
247
1963
861
1845
921
2000
761
784
1583
1726
1188
1000
744
175
452
743
546
374
1810
1885
613
1057
1152
110
1178
209
397
1047
546
1129
1188
1658
1316
866
1392
576
241
459
1130
974
1557
1279
1069
1592
486
1241
757
960
1918
649
685
690
7
601
1935
430
365
1828
69
1051
138
589
1646
1403
520
815
894
1055
27
1333
553
1522
1906
514
78
10
1874
1602
1210
1932
1747
575
1581
121
1308
409
124
1815
278
