4414
2616
5054
5797
5890
3778
2424
4629
6074
1071
5757
2394
5061
2458
4746
5537
4541
5538
3367
197
199
2862
771
5426
4862
4182
2721
657
6359
1708
2591
5926
944
5705
437
6432
5154
5994
5674
3320
4502
5211
3689
3813
4005
71
6079
6320
182
232
6256
2123
663
6474
5832
2950
1513
4121
5898
6256
4676
3346
6106
1444
6140
1485
2105
4296
4373
2849
6441
1198
1237
958
3367
3394
1074
2009
5636
1554
4646
2292
4835
841
2243
4338
875
3751
2934
1130
6310
4081
441
194
2695
243
4726
1132
1610
5625
3497
3315
3796
2455
3939
4963
20
3838
1840
3261
4865
3876
6052
4827
4043
5815
1180
5282
1498
5072
2494
4333
4458
2776
5472
6073
6271
4983
3404
4704
6307
6089
3174
385
1948
2319
3525
1936
2715
3152
3973
1186
3496
3856
1896
5085
5794
4777
2374
6157
2274
3969
2023
5903
6193
4050
712
4808
1879
4762
6471
4050
2123
4422
1876
4962
6216
4850
3176
2726
3236
123
3256
3009
3965
5468
5387
6256
4337
5084
2251
2254
2155
2131
3635
2791
840
4290
5557
6462
3546
2380
3684
3585
5372
4537
6240
3576
5094
5192
696
6340
6181
5215
5586
1880
2399
2560
3473
618
3511
468
4848
2507
222
4311
2116
4125
304
5184
6315
79
6429
1745
122
4285
4155
5880
1761
6376
3010
5741
251
267
1184
4932
4453
4055
4660
6494
459
951
3178
605
6324
2457
1812
389
3300
4816
60
3103
2431
3577
4598
1594
5242
6417
4580
1754
648
351
3749
3921
3961
2601
1686
2074
5783
3802
2746
4455
5547
57
487
4585
6223
287
5704
6139
3334
3351
4385
5175
4289
10
868
424
5183
2748
1229
1553
844
2997
1645
5531
3813
986
2205
2102
1055
3979
624
1298
5582
1792
5204
4726
2863
85
4466
2840
4204
2482
3154
3924
2168
4355
2612
2019
5848
1348
4289
2339
6103
6366
233
4838
523
4594
2832
2824
2035
3986
5456
1655
4209
6342
2333
5049
4587
1659
4965
5992
3411
95
905
1733
4766
343
4835
5706
4565
3950
4701
4806
2991
3280
2139
3848
345
2938
6467
481
143
420
4025
4078
5151
3284
1453
5474
367
4286
1338
6032
1128
375
3707
576
1586
1939
2008
522
1003
119
1335
2311
2466
1706
5687
2789
1211
345
228
5551
1655
4772
5208
5748
6181
5088
1006
5028
3683
2216
4547
5402
3511
5685
5691
4436
6386
4791
5719
2672
5680
1259
4044
5572
5263
4427
2141
4830
3779
1238
6353
2742
3805
2808
3995
5455
1989
5859
760
3475
732
2683
1851
2824
6387
3964
2197
3694
4214
3284
6007
245
2775
5337
3840
1626
3178
284
281
4884
4974
1858
4975
6133
5439
611
2250
562
4163
2112
2627
4634
2707
6387
1421
5739
4607
2942
3225
3205
6478
209
5139
414
324
6076
1443
5672
1492
1694
6249
3127
5833
3048
15
644
6392
6193
4094
1632
856
5019
4901
5552
4647
683
2007
2893
3069
3949
2673
5910
1231
4940
5663
1881
3584
5541
1130
2615
300
4288
4320
1671
5838
2339
1711
2887
333
6347
470
4866
5590
3390
1200
6434
5734
4964
6227
440
5423
3608
438
3854
4234
4463
4166
525
6332
1882
6229
904
2270
6154
2722
314
3928
2713
6335
1783
60
4947
139
5185
2324
1166
5372
2926
3880
5275
268
6493
2006
5852
3093
430
4250
6378
820
1917
578
596
2928
3943
4851
3604
2097
3082
1329
3776
732
2595
5831
1865
3857
6258
5906
2922
4591
2895
2428
2842
2034
6241
4860
870
5462
2780
710
2447
1802
1805
5169
2739
5384
1363
4663
1658
2495
3550
6224
4516
6236
3336
5333
5603
2908
2347
6140
1221
3695
3833
5070
5439
181
1813
3944
5257
5993
2233
6291
4337
2319
855
3943
3801
5254
2153
2963
44
5737
5230
2397
5776
579
862
1563
4564
288
2342
5832
3010
5419
5511
5335
4140
690
4528
1329
776
4009
861
287
4948
2401
2447
5197
4604
6105
4212
1229
6454
3212
6433
2998
5516
1770
2639
2431
751
5763
765
4505
394
4672
1358
4473
5738
6174
840
556
3656
1751
158
2533
3172
4199
4253
720
680
2535
6473
2113
3766
5193
2878
5140
4724
5579
3858
5345
140
2423
4967
6409
1806
5401
4214
3827
6493
5773
636
3679
1874
3604
639
5481
526
4736
3195
1290
82
1567
1782
4795
2245
6473
2801
3771
212
856
3842
6455
4001
1581
1885
2431
4264
5588
1865
5745
4761
615
5740
1158
1779
4423
5519
4915
2287
6228
2956
3596
1289
5280
1063
2162
877
846
1250
2291
543
1556
3759
405
5472
1005
3299
4512
4530
5067
6349
1767
4277
1303
4271
1835
1398
1047
524
6185
6089
3019
6412
594
4909
6340
1341
538
6163
3612
3813
5355
3936
5084
245
3178
5427
2047
4914
4805
3643
3373
2462
4660
2639
4927
627
3473
821
1179
4567
2352
5551
5833
1259
5772
2531
1308
5501
5502
421
2833
1557
727
5759
4247
2260
1147
2629
1350
3104
5773
3
2599
2702
2813
3238
2581
2585
5206
5386
2195
1810
1599
1323
4102
2734
2807
1317
3139
1836
5757
2170
6241
5141
3092
4404
3729
710
4795
3975
5997
3771
4705
563
6362
1219
2346
518
584
6463
6179
5024
723
1591
3698
2567
2619
3421
3084
1777
1047
5314
853
2073
1687
257
1352
2225
5601
3631
415
3099
3753
4041
6018
6131
286
3115
3483
2186
1562
1483
6060
6055
2842
2079
5141
428
4093
4575
4024
2748
1564
4152
3124
4405
5277
1107
5603
5938
3475
1214
5703
225
6476
5000
1622
4403
6159
4362
6174
791
5928
1878
2174
1674
700
3612
5671
1140
2336
1171
1963
6119
684
1016
505
2705
5695
1748
4950
4213
1299
1951
6176
4639
5563
4694
5805
5224
2669
4098
2527
4132
3763
4920
3795
3069
4250
6032
4504
5553
4777
1829
578
6010
4961
6078
1929
6426
3553
991
695
3131
1218
1518
6034
2207
1745
3735
6287
2403
5606
1809
6436
1060
2278
4890
5246
3374
1578
1945
3087
4875
1237
4062
2764
1736
1962
3629
4514
3628
5589
3205
1409
4459
1761
6038
277
2094
3075
1502
4739
5716
3058
5004
5577
1765
4459
3283
3288
4024
3631
2228
639
2150
3783
5317
1916
2622
282
1473
1451
5366
3611
642
211
2519
1305
4440
262
599
1662
4275
2978
2430
2910
4880
2638
6018
2617
3140
893
2387
2555
5477
907
2800
2622
5684
5256
384
3393
3071
5987
690
5128
2072
458
3646
3802
1172
3447
760
1808
3146
720
2077
2771
315
2914
73
805
2780
2835
11
5339
1482
3631
4468
1315
5482
4494
6104
5466
4159
1784
63
2210
5741
1654
4950
5160
1448
4116
1081
1729
4069
2616
3877
5389
2609
1267
3098
4750
2360
633
2178
2110
366
5119
3802
638
1921
2429
4257
3885
6447
1933
3878
699
2132
2355
4009
4426
4336
2945
2114
3272
49
4516
3320
5977
3362
1893
1543
6320
4449
1989
302
6052
4075
4886
4085
1311
1984
5444
2175
4348
6043
5253
2315
1625
5379
150
1373
2087
4600
1508
4974
5922
4196
2109
5422
3142
648
4035
4953
4834
3353
3871
239
2007
3118
5056
1681
738
33
4530
1031
5180
1922
2704
5375
170
5936
2811
4586
1727
2747
5667
2098
1298
1474
6248
2790
5627
1998
2708
4604
5136
2084
3163
2491
4196
5520
2462
2011
4977
6282
5187
1137
6401
4657
697
1142
5325
290
48
2024
879
5551
6116
1746
375
2372
1665
198
2701
5480
1355
1108
6447
2006
4647
5158
1928
881
4510
4419
645
3361
2609
5036
2953
2798
2907
3262
3364
2031
6271
5133
5004
336
442
2521
3347
2008
6132
5028
3947
2218
3468
4403
3319
2444
1337
4402
551
5474
251
4351
4391
414
5820
6043
2532
2650
284
1088
3015
3917
6148
5858
566
5619
2833
4812
2969
3571
4909
4971
5257
196
3057
5241
3521
3103
1548
1214
4638
5846
4661
5445
656
4066
3755
809
3445
773
274
4755
4138
1847
5226
1248
1599
2740
4751
5038
2286
3263
3573
247
6294
2332
994
4196
3453
5862
4819
4056
2644
1126
5608
762
3242
6390
579
1610
2469
6174
2014
1644
175
273
5359
3265
4785
5836
5510
1869
5430
5532
811
3642
4819
127
1316
3074
2708
3890
1710
6025
6186
5481
4648
4999
3745
177
2208
5650
4298
3303
2470
302
5691
5183
6124
5202
6478
4102
4419
5918
4259
4089
5274
5404
2129
3389
1527
1995
4013
4896
3095
4590
3828
4196
3720
5692
4504
2335
4253
6102
4913
3950
2539
670
5739
2935
4190
4912
5455
4494
2718
2168
928
5589
637
103
1649
2848
3271
1
2905
182
5852
2627
2981
2316
2140
6209
2968
1138
6000
2739
568
3250
5490
1835
152
5326
3304
5975
4511
5218
1286
2286
5768
323
2920
4232
5759
5060
3398
72
972
348
3965
1713
1038
4208
5084
2928
5870
3228
3468
3707
341
3108
6422
4238
1872
1583
2321
4390
845
298
2067
3284
2995
3450
4891
1450
838
3781
148
3229
4482
770
2267
2260
256
927
1115
4379
1079
1190
4166
4997
2884
2888
4228
5714
109
3744
598
6395
2730
2435
4410
3791
3357
3448
4061
200
4985
5995
1159
2361
4320
3929
1994
6459
5686
137
6024
5755
5724
758
4981
2514
1623
3291
5753
6400
3788
2816
3702
5209
266
1238
1945
4770
5050
5300
3992
2035
89
1624
2756
173
1276
6232
6426
1392
4598
4396
3709
6266
5954
1284
5730
972
5663
4495
945
4485
118
4651
2886
5391
6457
1518
1589
4593
127
4509
6080
3328
2143
6044
2143
4189
1006
2828
5873
5203
1224
1477
5728
1386
4459
5160
2901
5176
3822
4264
2658
1394
4028
4793
5598
3807
3682
809
5913
356
4262
3545
10
4005
2997
2864
1763
3190
2379
4796
5035
2316
814
6412
887
5190
400
6209
4949
6169
176
5005
1825
4895
4446
2854
852
2961
3390
921
5399
1470
4226
6130
50
2551
2676
855
2772
5329
1417
1278
2958
3973
6126
810
1308
2075
3813
4540
628
3000
2638
5035
6238
3282
1961
5743
3118
1795
524
2384
2238
4800
4515
3563
4882
2562
6482
3080
4945
3399
967
4745
2444
680
4778
1158
316
4762
988
2302
726
4008
4726
409
2535
1441
3350
6041
1389
4956
125
1246
6494
3736
6148
6029
263
447
2139
12
3414
3012
3953
1768
4193
417
3280
6072
6224
1144
756
5662
3612
3321
4674
6491
5384
1613
3873
530
5871
2647
5201
950
4505
5658
45
2343
64
1470
3560
1722
3147
1381
5615
6199
5839
5834
3852
1639
2958
1658
3182
952
300
3891
67
3384
5951
338
4934
189
5988
3822
5786
1046
5946
6065
6356
78
862
5850
2819
6397
1150
4449
5029
2399
3952
555
2105
3038
4422
2676
3247
2021
3913
6219
6094
1357
6315
176
6080
5980
309
1147
2473
4301
299
2558
6238
5785
5901
2535
3873
2768
1272
1613
4059
1009
1676
160
940
6407
4816
2199
1532
2320
1336
1584
6285
5835
5954
813
3021
2626
1589
2019
4344
4709
2592
3971
5605
1217
5158
3308
4852
5014
628
4308
5893
5488
5688
3194
6067
6406
2084
5654
5242
2192
964
4103
3354
1956
1282
106
5975
1143
6288
1485
5790
3984
257
1314
4187
4989
4710
1851
4034
1313
3194
1977
5219
4109
5892
2296
341
4366
660
3897
3245
2267
1226
2726
6149
1542
4476
5168
3486
1453
2808
326
1802
512
4210
2150
3612
1698
961
4790
5155
4446
4787
6164
6128
56
3744
2401
6285
717
182
2727
3372
5451
5741
1463
5768
1952
2633
2015
5842
2260
1701
1984
3235
422
2010
5778
267
1983
2024
3355
4655
5977
5331
4824
5400
2324
4627
4679
4443
5531
649
2347
2417
2810
5047
4417
2946
1792
1952
1152
4632
6125
3165
4123
2795
404
2123
1231
1807
496
5373
5568
1788
2646
2400
5678
4694
3224
2254
3607
510
3396
6126
1193
4553
3025
5598
5418
3402
4402
2778
929
5406
698
5658
3037
4828
1409
781
6290
5027
629
5424
4951
2096
5269
5564
6091
6390
2940
3853
4031
3309
2213
2888
4463
3534
945
4925
4876
744
5072
5542
5771
6466
1654
4821
4129
4228
1058
2637
3133
4425
127
4853
4823
5695
2424
1524
232
177
242
5092
3841
949
3693
2268
3775
5198
576
1125
5423
3977
1203
1313
851
1507
4311
2311
2731
5412
6064
1768
5800
289
232
4702
2790
869
397
5901
3736
2607
2638
2484
5624
2165
1983
4537
2384
199
3169
2470
2858
6129
6336
2244
2031
2312
4963
4796
4946
562
1603
4363
3582
2699
5154
3288
5548
1016
4714
2603
218
1699
971
4560
4546
1449
732
4619
2916
2257
1061
4447
4919
3714
5896
5135
2761
5848
1449
5219
6121
626
2428
3304
2294
2846
239
4991
5791
3485
3263
4114
1655
1799
5424
20
6427
2912
1502
5688
1666
4226
214
990
5192
1124
6455
1521
1292
3146
6346
2994
5396
5219
5449
6445
1592
4772
4489
5311
2772
1835
2278
1666
6049
545
1372
2702
175
2319
1860
1875
1497
4329
3849
139
4632
357
5404
1822
708
1583
1694
4283
3856
3366
2168
608
5933
4589
1879
30
3101
3218
1391
5834
4037
3247
1180
5592
5216
1704
545
1659
1011
1795
4411
5875
3312
3353
201
2798
368
1468
1667
1660
6075
4190
5979
166
3239
1420
4008
1481
1567
1740
5509
2627
5842
1257
6087
1124
4893
5091
6475
1029
3367
3356
2614
3390
6048
5577
1134
6160
110
3508
1979
5603
826
3481
48
1398
2440
1948
5768
2462
3129
3756
1777
1432
4052
4936
1035
3911
4183
2587
2866
581
5136
4658
5657
6015
5878
5716
5821
4864
4378
2304
4263
674
1934
4988
663
485
4263
54
6130
4419
5248
5195
1707
2866
5712
1168
2927
1449
3894
4395
2762
5249
1395
370
1434
2524
6129
6257
5477
2338
3562
2386
3623
3992
2408
2082
4593
734
123
496
2846
2021
5463
350
5122
5166
5335
859
4817
2924
4909
3737
2443
2364
4994
244
2344
6360
4009
4072
34
1100
3452
4842
4509
4680
1024
5637
5152
111
5189
485
5676
1920
5862
3204
5085
856
3291
6236
1564
5362
3634
1054
4516
680
1463
809
1355
1212
5756
1687
2001
3727
510
4954
3444
4576
3879
3805
253
4696
942
1967
2248
4012
198
4729
4723
2051
2520
4091
5079
780
6050
1231
5022
3798
1823
287
4716
3584
144
2665
2717
3614
3547
4379
5997
6092
2736
5856
5796
6430
5402
4176
2938
5370
5966
1264
6098
4842
2861
2121
5394
5330
2714
5455
3027
4618
4263
4145
3477
3705
4819
4489
4157
1099
1188
5868
6467
4018
3115
383
5136
1106
1673
337
5069
1620
4159
1387
5073
4092
3429
5729
1865
6107
2409
2817
3214
4079
1827
922
2071
4671
3948
4313
4090
2462
5833
3980
3194
2521
3990
1868
3822
5119
3570
493
3115
5907
436
2213
6429
5777
1532
6232
752
2818
3065
4994
2815
5000
5662
383
2089
186
5208
4463
4602
4028
5613
6463
6290
1313
1370
4092
553
5629
6096
4343
4356
5416
1218
5829
3323
2126
5007
528
6438
5698
1513
315
4808
4577
1202
1192
1360
2991
4635
4275
4721
1293
1420
1498
692
5984
2577
4836
2342
3555
784
3614
4274
3056
1742
2851
6226
5230
4761
1714
5212
4216
1275
3799
2797
152
1714
2404
3201
2653
4488
6278
4275
2478
2210
214
2530
6363
1778
2496
3559
3189
300
4095
4695
973
917
3150
4975
1714
3874
2865
520
346
3110
3583
1511
4252
354
516
377
821
4015
4760
3754
5908
6065
4854
897
3692
3987
5119
3553
500
3332
3224
1797
4789
3569
6172
5013
4488
3687
2154
4393
4699
115
1915
4332
2987
1855
5761
2535
5941
932
3691
1054
291
908
2627
81
2825
1549
2651
3548
4748
6186
5572
2142
4542
3889
5045
5156
1602
515
6281
5336
2361
5342
1412
166
5634
2885
568
5023
3033
3994
2302
536
5892
977
761
3682
4792
417
1693
1533
2841
1744
3651
44
4277
3427
3479
3925
1903
2414
865
245
555
1339
178
2181
3160
595
4686
5963
1790
220
6198
2750
808
2662
6493
5327
3553
1733
948
5527
3032
6096
406
3270
3522
2275
2019
3708
120
4787
3983
1564
1093
4415
2308
274
215
2120
3531
4476
3597
6301
3538
1772
5521
3057
241
1497
5976
2199
2547
4491
6037
4273
5578
5693
4142
1425
829
4173
3708
522
1125
2866
5547
3457
3135
2639
4167
5663
4474
6013
1204
3991
3688
3037
4876
2904
4705
5922
645
2369
4223
5062
2162
4539
5339
1911
1344
3542
2421
3903
3710
1689
531
6473
3670
5819
1292
5437
4159
5163
2027
4622
5000
6187
972
5099
1372
1069
2860
1445
505
59
336
4869
2989
5831
1502
2300
414
221
1844
2168
3859
6399
3960
15
5958
3502
3460
3389
67
304
3551
235
6249
5842
6111
921
3610
6421
4090
4286
5559
5603
5425
4819
4613
3246
5560
1376
6134
5335
2813
6492
1993
1075
6261
3033
5185
4316
439
3533
5038
6248
2962
5655
4325
4752
1353
4223
1156
4280
1401
3065
4261
1816
2138
5965
2403
513
3937
2009
480
3822
4983
1864
4798
6241
238
3870
4180
6442
2691
693
5327
1766
2805
2142
5814
4003
606
1216
5795
3161
2994
4368
486
4258
5553
6455
2169
1969
1803
76
2178
2883
4705
2859
1490
5322
6314
1236
2434
5701
5420
37
6272
46
768
4316
426
3046
476
2997
1581
1477
4076
5892
2810
5675
1776
1392
3347
5762
4856
3716
4257
3251
3646
157
3560
2591
406
1439
6332
6086
6079
1504
3893
5894
2043
1041
4333
3878
4073
6214
983
1209
4114
855
4168
5738
5924
2547
3954
1194
788
1329
2800
3316
2104
1076
2414
3865
2637
1455
5971
2170
5076
5261
1879
1571
1010
2466
3527
1646
3340
2036
5510
2982
4547
3927
923
6363
1930
2659
2197
1259
5836
4157
536
5790
6238
2638
438
3174
128
3582
5500
3056
2509
5851
1671
2679
1749
1829
65
1161
2230
3776
4958
4422
3564
6080
3181
1188
2218
1208
3634
722
3748
3258
4201
5094
783
4466
1644
5280
5362
1783
6201
5137
6345
765
4355
2411
5994
3072
1312
3229
4204
3276
2716
2149
4743
695
4811
6207
3668
4581
976
3639
3808
2529
6454
3513
423
3432
2993
4055
1106
5365
3513
4149
6122
2144
5195
5409
4361
2912
5762
3420
4450
2394
1361
3316
1896
96
361
1067
714
2870
1738
5661
4853
1969
3621
750
6297
2972
3102
1577
4346
2691
6341
5674
67
4605
3863
2002
5345
2711
5071
3265
3714
5400
4077
4889
2645
4422
1466
5298
6092
633
1525
1233
461
6041
311
4799
996
1578
4852
6226
5145
3932
1135
4665
5566
3879
3520
1089
1963
1700
1884
5942
923
3702
5669
6053
3476
5151
1685
5087
243
5388
3280
1690
3351
3176
345
3185
2721
3799
5676
3925
3782
101
3820
5869
1918
4850
3519
5121
4620
5749
3298
3435
2584
5593
5310
3832
6307
211
6038
116
879
5182
2231
922
4927
2898
6156
4960
6306
818
4097
4855
937
5063
6413
6190
4637
2419
2135
1819
2703
5001
5698
5876
2615
1056
1807
3735
5055
6370
2134
4819
5040
3694
545
5861
5441
2565
4437
595
3957
4514
562
3155
2071
6114
2455
5895
4889
2439
970
2020
3806
4843
3286
908
116
757
4814
2981
2198
5835
1538
2963
5427
5838
5588
4851
1523
5095
1088
5328
6388
3509
6487
956
5324
1922
2663
6098
4362
3609
4994
480
2230
3195
2676
1386
1196
1571
6322
3783
1254
5339
1004
748
1147
3614
4887
6358
1618
2762
3789
620
4545
1007
4155
3940
6399
3069
2310
1872
75
893
3560
1750
3251
966
5208
5488
551
5982
4171
2539
5623
3774
1371
2419
3534
342
557
2434
6053
2633
6277
1184
2782
1514
5707
5731
4145
4423
1074
4897
2987
5628
2943
3353
1794
1237
5521
3344
4368
5214
3869
3846
1071
6427
2644
3628
5027
2269
4027
5027
380
2517
5317
2352
3376
3972
3690
4430
4181
3776
4939
2260
6472
2220
671
6360
1761
2984
3373
1041
5029
317
5055
3097
2903
1926
2540
2203
4881
1755
3825
3260
2028
2784
1285
4405
5152
6200
699
4104
2201
4267
5191
2237
4262
5686
5845
4560
1226
4204
5601
69
2849
5126
2466
555
1666
6053
2455
6361
87
5905
3478
4093
558
1663
468
3019
6096
4643
5550
4797
961
4526
5898
2642
1112
4140
5333
3517
4211
3837
3468
6455
5220
4306
783
5525
3966
1304
4227
6200
1917
665
85
2623
6200
3075
4316
1702
3118
1796
375
3496
1522
2114
6258
5104
448
5746
3020
800
3147
1673
2963
4732
3943
825
3183
6269
2529
5644
583
3666
1491
1568
4203
150
3285
4793
3884
2256
1128
1042
1606
4365
5152
5889
1885
5900
4584
835
1372
3293
2980
1043
1598
501
1525
2442
3292
6200
2584
2237
131
3507
4170
2488
1148
4453
5531
2033
2495
882
145
2734
5808
765
2754
2068
6180
2602
1064
4428
524
6420
2421
1875
1943
1286
1577
4821
2281
3289
5814
5954
1872
6424
1142
2880
5738
2486
343
3361
3325
5999
445
1916
1785
5790
988
1555
5581
5854
3713
5132
5307
3724
1054
4604
3467
4965
1179
3088
1410
5401
6062
3797
5326
5630
5162
497
5156
3630
3019
3977
2416
6133
6221
3434
4333
5159
3197
1711
3528
6234
5447
5720
1126
1166
4964
3649
5892
2650
6106
2736
5615
452
1905
4376
4662
4149
75
1507
1431
2818
5994
2330
525
2894
1208
1161
3455
5065
1090
4279
2103
902
4389
2277
3326
5594
5393
2637
5801
6138
2504
1421
5571
5377
4836
565
2691
931
5263
2590
4038
2272
6317
4548
5990
4903
1868
4980
6093
547
2760
6434
5217
5550
2442
1352
28
349
548
2608
3254
3170
2697
2302
8
4449
4093
2692
5252
3380
1052
974
4140
2336
3559
4138
2309
5998
5609
5359
4441
6288
3563
2795
6173
6014
2565
3450
5802
5879
2454
3358
3445
5753
433
5997
5990
1391
4403
4346
4909
3069
5498
5819
3843
1099
1141
3953
4404
4193
1368
4862
5811
6151
1651
5980
230
4071
5147
5894
4320
2475
6022
188
67
3115
5922
4940
785
1217
2502
3901
326
2939
4954
2282
2625
1633
4176
2585
5020
482
5539
204
4181
1453
2585
6174
3477
4770
1716
2124
6284
4488
722
3606
5491
2457
4817
3979
3873
2141
1252
4228
57
3011
5380
2313
5611
1628
3025
3097
4773
2479
1379
5810
2560
1989
328
1768
1252
4128
5226
2394
1716
2646
5465
5925
1729
36
6114
2257
1073
4164
4302
3283
2707
2669
383
199
1104
3994
3421
4848
1412
3664
4708
6251
5825
1220
1648
4170
2067
1229
5003
3830
6167
1726
5385
5856
6170
5167
5650
4260
6431
1679
90
1611
89
1319
5655
3851
141
4044
2779
1649
4296
5985
3669
679
4143
6294
2926
1376
465
991
2847
671
3857
130
1560
2878
4642
5445
4606
4932
5964
5102
3411
4337
3119
1920
4786
1736
4021
3413
4952
3462
1766
3089
2866
1860
1835
2615
5425
3873
259
4685
162
2371
5591
4181
2615
3339
6256
5492
3998
4582
1122
3745
4760
4529
3944
4351
3476
5248
593
1338
2783
2110
5046
5569
816
1153
3442
3354
579
6126
472
4487
2638
646
3319
313
390
4553
1552
3207
1374
262
1707
4206
473
2522
1760
2387
4322
1238
5314
3879
1823
2468
2700
2807
1398
1753
4614
3555
3768
6448
6226
5815
3714
1063
6135
5042
4843
4187
1309
3309
6424
3102
3657
516
3773
5279
3639
5538
3338
366
1714
2395
525
5218
2608
835
4484
3849
754
337
2540
3588
5595
865
1640
1897
3553
188
3413
3703
5835
1943
2235
98
1754
3783
5072
6087
5628
1929
4659
3648
2988
729
2332
3251
6355
563
1365
5334
6367
1931
6205
5389
6173
5134
1938
3612
1094
6058
4345
4416
2419
5846
1143
2849
2221
3831
2817
4065
4147
4165
1881
4856
617
5434
4299
560
6012
4950
3483
1103
994
1675
165
3853
5536
99
5580
887
1767
1061
4521
5419
3935
3039
4559
6177
1998
3731
2599
2150
181
6366
2105
3695
2297
1033
1010
501
2829
6286
3984
3547
1451
316
111
238
5506
3749
2327
6338
917
4499
4010
26
1639
5714
585
2951
3924
4624
2189
6432
1310
5453
3406
5552
5812
1884
1032
3468
128
2271
4063
78
5204
5988
2466
4338
5996
624
1620
1211
5687
5456
4536
4388
4108
2426
1675
4376
6139
2491
2095
5307
2051
547
4757
2872
809
3428
900
6020
376
4011
18
4209
6160
348
1190
731
3443
927
2524
331
5179
6063
5867
1941
639
3508
133
757
3890
4206
4682
92
4578
2848
5447
6364
2516
215
5772
2883
3983
3606
3173
168
5807
4790
2580
2316
4796
6160
492
2413
2562
2903
3773
108
78
5
1885
5895
4716
2288
3174
5625
3489
5
3708
3364
1131
2244
4098
5565
4653
2715
3297
6221
4222
2710
3736
6437
4807
3178
2849
3063
2062
1873
4781
4957
3871
5084
1190
5213
4544
107
3819
1829
2068
1521
5698
2204
1576
1073
25
4161
4630
5581
4004
5517
1862
1957
1499
606
5228
6147
1037
4755
2276
1660
4414
5494
3340
4500
1042
3297
2887
5097
1819
3727
1812
5860
4072
985
688
3407
3512
6124
1705
2708
1225
2713
1176
195
2136
6358
2991
1309
1814
4539
3322
4634
1071
5962
1004
5476
977
4744
1221
5337
2403
5786
1857
3835
681
6222
3247
3008
899
1794
4255
4832
5492
924
3519
2738
4696
1799
5577
1928
1160
1149
4377
2365
4295
5813
3200
5175
882
1361
4758
2758
4155
1983
4392
953
2999
4793
5502
5046
3608
455
128
3805
5140
5653
3184
693
4242
2650
2220
4945
4272
5635
328
3946
3836
1765
1817
3663
2888
3981
1682
584
3921
4095
5355
5182
2875
5148
4813
4992
2886
3049
1659
3694
4171
2349
3934
3579
920
1434
3961
6246
4365
3563
1112
5606
265
3229
5136
5291
2652
3875
3422
2159
4731
746
5421
6230
4606
2749
3616
4335
6183
1494
3154
5552
6394
3467
86
2583
3524
2635
2370
2582
1223
4895
2574
1814
1568
3607
4378
5364
2974
136
5164
2481
207
4487
1296
602
2951
4128
4532
4812
2198
2097
5751
4283
5019
611
117
622
5656
232
6480
5023
1378
2480
3764
1328
5584
4405
2867
1120
5876
2551
5050
4307
2341
1175
508
6352
1755
3836
5185
3889
4579
1075
3575
5462
4218
723
2467
2753
623
6435
3529
533
3626
225
56
696
2775
1629
1599
755
2610
3793
19
565
5045
4249
1474
4249
2312
2770
5563
2790
1865
6488
2733
2109
6011
5088
5621
171
802
1225
3961
3820
3461
2792
924
5596
1762
1970
5207
5968
413
4380
2350
913
777
3120
1026
4940
2868
1245
4899
5055
6177
3823
896
6150
5348
1057
2552
5502
6319
584
2995
945
41
2936
4436
1646
3510
3512
3722
1872
2453
6094
2899
5884
5043
2052
1777
814
153
649
3459
3487
4153
2776
3211
4435
2733
1190
800
5738
1192
1834
2216
1538
2321
1641
4800
3433
294
1854
1821
3609
5598
1952
2757
2910
6335
1116
6004
2736
6258
2152
475
4307
119
2644
3663
5390
3739
3016
5679
4945
4399
3296
4808
1583
2114
4599
3052
6345
1656
3731
908
1243
335
3143
4750
4549
2239
1423
6354
4780
6337
1266
1831
502
523
247
530
2216
1358
3520
6083
3224
3120
3885
3802
1325
2726
1308
6020
3391
4740
4535
2717
1859
3516
1840
800
4019
4910
969
6247
3229
375
1745
5926
5946
3420
319
119
3450
296
5161
5413
1684
1391
6479
5096
3214
2111
4591
455
4070
310
4096
22
5778
1992
3428
297
2657
2068
307
5174
4505
1301
6443
5088
4840
5986
2469
3831
492
5324
5822
257
2896
4154
4460
3071
889
4732
17
6303
5389
2137
3515
4347
2528
3323
4293
5234
4057
5892
201
4132
5845
987
5469
4481
3657
2752
2212
4661
1289
1837
4675
2975
4089
1924
3254
2438
4841
4777
1944
2218
4608
2677
5964
5330
4623
4549
3842
1488
5743
4495
2360
6329
5857
281
4651
3967
2350
4897
4090
518
3434
696
4454
2744
269
2754
4981
3049
2552
1023
3087
581
4492
4030
2909
6188
5569
5948
3502
1878
2069
6171
3290
419
5346
3765
1571
4744
5891
2663
4019
6181
3766
366
1683
187
3455
1670
5145
6466
314
3440
4208
6325
1534
3913
5250
3226
2844
1694
548
3588
3808
2366
472
5633
1269
3613
1803
2922
5889
2797
2518
85
172
4055
1716
2031
5885
4526
3887
2864
4968
3995
5707
2305
3358
3430
1652
5169
4679
1186
3890
1452
2492
1741
1119
1973
992
6134
2100
3717
326
4387
5616
4408
3689
6179
1597
963
4707
1940
4164
3914
3832
6438
1917
5356
4991
2361
1332
1275
2149
867
943
797
2831
5794
2934
5129
804
1861
1649
975
5331
2268
1522
2944
1981
3600
1051
5141
4129
5493
3720
1607
2417
4933
311
3326
4495
228
4563
859
3280
6322
2725
5048
602
3521
5038
3570
3488
6063
2247
2975
3490
2013
4438
371
1263
1613
1082
3860
1362
2091
4250
987
5285
5525
5878
4972
2253
949
5224
667
1490
4548
4178
4636
3280
2543
3653
1742
2384
2748
1747
313
83
2650
4463
4470
2910
5205
5868
1716
3691
3676
2379
1588
3305
5183
5624
2555
6437
253
183
3794
4404
5327
3668
3111
4130
3122
155
3936
6124
3336
6189
3602
4398
5918
4318
3704
1964
3960
718
1425
2559
4893
4869
745
5404
3640
4635
1098
5472
4908
129
204
4232
1497
1695
1948
3633
1452
5492
4730
5587
3169
1389
6373
6320
6129
169
1189
3108
3140
1938
1860
6392
3442
2042
891
2177
6086
6299
572
30
5467
3750
820
3089
3388
333
4196
3434
4358
2992
3139
5037
1511
446
3527
5671
1095
2426
1366
5062
411
2730
5765
4972
533
2501
3595
6117
4899
3255
1127
5486
5664
6042
5760
295
6209
6467
5816
3654
5332
5070
5761
2932
3331
4052
4202
2045
1069
417
3396
4167
5494
814
4529
4532
2504
1365
5785
3864
3447
1748
767
4930
4274
1517
4074
4421
4876
1156
1440
398
1635
2471
3730
2049
5447
2700
3881
1107
5563
3306
2369
6049
2915
1250
5527
6468
1844
3676
2303
1419
912
4616
1768
1008
2889
6104
1168
1660
549
6314
2646
5751
3244
890
729
5867
4467
413
3068
1761
4845
193
3204
4697
4135
3832
5607
6418
4740
3529
6433
2158
3736
2458
3740
2708
2304
292
2025
6109
3761
320
4591
4671
900
3209
6414
1822
4776
3702
1539
3851
4963
3576
6114
2485
4497
3746
2246
5860
3953
3332
2241
1175
6319
3237
1739
1087
2588
3074
1553
398
897
2029
1730
1370
5227
435
3822
1613
3247
617
3198
2521
697
2063
1654
4997
1558
1564
4022
4942
1126
6426
3106
6198
5449
434
4516
2109
487
2856
5971
5943
380
2740
197
2035
2746
2339
5020
3388
2706
1362
5062
4480
2197
1936
4460
5417
3151
966
1135
4041
826
1276
3421
4926
4624
3788
268
2480
1398
6181
1217
5032
4739
69
1220
5960
513
3337
2774
116
4222
952
3297
2402
4491
145
1255
3785
371
1053
1928
388
5388
3820
83
1482
3967
6434
3975
1711
2986
5393
770
1569
3692
5113
1902
6481
3682
4616
4008
1090
149
724
59
3168
1007
1034
3910
3318
201
1823
6066
4321
830
703
540
2310
3500
5606
4216
5266
5338
3836
4935
5302
5417
856
4390
1844
3756
2360
2928
3054
6360
770
4266
4623
460
6111
840
5404
497
2023
5698
2443
3230
2790
2324
953
4582
3527
2613
5831
1993
3734
2662
3144
487
978
1051
5451
1702
3388
2506
5653
1041
1112
3156
3699
4704
3807
5720
4746
308
1234
943
5380
127
2587
4075
1161
751
2216
4289
5041
5668
850
4949
6101
1149
4598
3919
6298
2521
4408
6245
2419
1952
5469
5355
5174
5445
6416
533
3760
2685
4051
2370
5489
4635
438
4955
700
5650
541
1526
1925
5716
5095
834
3891
6332
5754
1240
2901
2337
4593
5070
4352
632
5792
1029
4231
761
1145
826
4582
5577
2825
2146
4503
5162
1734
3513
5698
6427
5667
5102
5913
5637
308
4189
2032
4596
6011
1667
177
5636
1519
5862
6381
5666
3794
921
1987
432
4642
864
3985
5717
869
2431
5060
5122
3878
1802
1369
680
4508
862
2339
832
251
1386
3905
3282
2109
932
4877
1137
4883
1151
6143
2462
6481
4627
4679
1659
556
6147
4699
694
46
1388
1164
3530
394
5679
6110
4826
3853
5454
4419
6264
5347
2538
916
3864
4370
5070
339
60
316
1965
6212
4819
5599
2255
63
729
1130
1621
5955
2300
986
2169
1040
1454
5740
539
6271
235
3434
2359
3575
2095
434
1540
3712
867
5797
3036
6222
678
706
407
39
3100
3865
5000
5197
402
2858
5932
2607
5428
3186
5534
1942
2688
6290
2678
469
6054
5833
369
832
3956
3227
228
2410
852
409
3821
2422
3024
1867
2665
5842
2605
5845
5609
3237
793
311
5012
4396
3712
1316
6482
262
4051
5234
3850
3472
4830
6432
6402
3557
6050
4565
1995
4868
4105
3572
231
5190
1104
6091
4476
2701
3140
3875
1486
3396
885
938
173
4113
4842
3177
1717
1280
1940
2036
5900
3528
1408
5262
1204
548
5468
3628
4520
1780
4594
5710
946
2034
2274
220
6170
2333
5105
1399
4045
1888
252
1149
2957
1860
991
2422
4492
6373
2159
4937
3010
4387
3215
5444
2133
3441
4857
5838
766
3905
6475
3196
5986
2486
4935
6155
3254
75
4826
5484
5899
2008
340
3827
1885
1107
4302
4875
2108
1476
4786
4023
5539
126
4082
1868
6059
360
506
3986
302
4295
243
5322
6331
4920
860
1980
3105
1758
1797
2210
2209
2996
5822
2612
5359
265
5279
3899
2639
5226
2116
4819
1981
1030
3760
3947
743
3375
1198
2271
5761
862
183
1999
4009
6159
5803
6092
4627
5069
2543
3912
3199
2282
318
592
2186
4936
712
2485
6072
5995
1035
5445
3276
3048
1963
241
1037
1467
1445
5452
4518
53
4812
2597
4116
6116
2376
794
114
2211
3919
4073
3202
5399
401
5165
2070
2914
4364
2663
4048
2975
2870
1294
511
3141
1218
136
4061
544
1920
4048
3090
6446
3755
6151
5471
3626
1771
1508
3612
5015
5737
4909
1153
719
649
5593
5888
5023
2918
2171
2175
5840
5484
2891
5412
6043
4750
2397
5589
534
5314
1117
2355
4132
2588
4379
118
732
746
4872
90
4103
1306
2382
4770
2345
1527
6217
1532
3750
1013
5386
4794
4741
6049
2423
1278
5311
4467
551
3550
2098
1524
4831
4821
4858
4858
4948
844
1948
5355
3602
5253
3218
5202
782
940
1023
4080
2838
5707
1647
6097
1819
389
1958
6499
597
138
1555
2935
2621
5926
1484
5832
3697
4986
6078
288
2497
1203
4036
3830
4901
2392
5593
4143
2334
593
5259
2276
990
5184
3749
6243
5112
1036
271
5674
3053
6209
4601
4286
14
2174
2453
4010
5288
3177
1193
5512
5618
5099
4932
4092
6179
1151
4964
1997
1829
6080
2669
4827
1634
1537
2515
3714
491
2952
3527
2772
1077
4000
5625
358
4790
6370
552
3009
2033
371
1300
1334
5944
3232
3661
1622
6149
6305
131
2830
6049
1122
1414
973
2414
3417
5736
2277
2505
3161
2054
3663
2615
3545
6424
4810
3422
3089
5410
5592
2435
2985
1499
705
3248
4646
6273
1719
1604
5145
1995
2440
1526
4461
1994
5417
6130
911
2766
2701
4660
3544
3863
16
4338
6291
1985
892
3702
5109
96
3878
6203
4396
1118
4868
5067
997
3626
1258
3615
3668
591
2735
4156
4130
435
5786
1552
5877
3364
2299
45
1881
5890
1707
5296
2469
5364
2353
3451
1681
147
4945
2726
6411
3741
5197
6363
3607
4697
6139
3933
6110
2773
2916
1987
311
497
2591
1472
3260
3078
2362
2723
4140
157
5327
1012
5821
809
6316
698
2532
1491
5939
5511
4953
1260
3414
6036
5442
2666
1403
419
5254
6285
6317
4575
4190
6008
2023
2842
3253
3142
1160
2040
305
920
5601
2912
326
3150
685
929
2127
5533
3878
5288
2640
6238
1854
5324
537
6262
4255
2725
3188
2570
1831
4582
703
4490
3025
5762
6167
3268
6203
4492
3591
5381
1239
5529
1820
76
1387
5444
5007
4833
262
817
4480
5855
849
924
6356
2033
1402
2361
5542
1629
4636
2528
761
1032
5890
3028
323
4309
8
3937
2302
5255
522
5753
4821
4651
1411
2724
1213
6084
4333
4705
5117
3537
3807
5434
1181
5137
3868
468
619
2685
4382
4872
4266
426
516
810
3674
5102
832
1532
3265
2540
4493
3539
5333
3895
1684
2027
6099
4225
1986
892
460
825
5365
4541
6010
4227
3901
111
4100
2597
4843
1942
6418
653
6353
4191
5059
2994
5603
719
5310
641
1204
1916
6366
5573
3713
5957
2174
4097
861
2061
4260
5045
2096
586
3671
4474
681
865
4962
4808
5729
682
4657
2395
3263
3177
1312
3999
2378
5933
6067
2477
2378
1510
1088
5517
6190
4288
90
1848
4781
2741
3549
3570
2821
2704
1266
193
4438
1320
3611
845
4099
1925
3088
5529
3781
4488
945
4093
4545
283
1984
3355
36
3544
2714
164
6018
101
5747
6327
3203
6344
2372
3687
3778
2234
6317
122
5096
6181
5651
1750
4991
301
5746
2567
5388
2684
3881
386
5159
30
3112
3538
4681
1478
1303
6145
1738
6372
5678
3410
4452
5929
5441
2055
567
5731
5315
5957
282
4247
4310
301
864
461
869
1341
2374
3953
115
4417
3172
2442
2777
4789
867
5902
3298
1057
3317
6451
5344
2508
5775
6395
5425
181
4147
3435
2885
5014
1588
4296
5659
615
2513
2583
5580
4247
5229
603
3831
1648
1720
5067
1999
3922
3343
3817
2861
5716
3728
119
1987
907
6306
6494
435
2308
2895
1609
5871
5167
2494
4667
5566
3660
4430
5105
52
2962
5758
4114
4338
1465
1008
6251
6442
2217
5680
5554
6073
938
4597
3153
6244
1063
3026
4547
6044
3449
2738
2007
3262
1418
6229
6105
5823
1085
1880
5644
1686
6200
225
1853
363
2837
2757
4061
1538
2197
705
3969
2500
3451
3973
3118
4305
2160
2157
5132
5597
4025
2069
3733
4819
2235
5891
3758
3411
4749
5559
5857
2113
5083
2567
2082
5387
4081
3005
6102
3319
1808
5643
4371
2187
3897
5067
6225
1164
2614
3198
4751
3614
5218
4538
510
