5816
8797
9542
353
9430
4892
9322
2554
4148
1362
8762
9089
6287
5872
8438
1575
6056
8512
5381
8889
2909
7066
6052
9748
8874
4520
1540
700
5607
2239
1433
6166
5014
6615
8152
769
8380
956
401
1049
9616
3069
478
4653
1047
9864
6466
1481
1024
9360
1832
4150
7565
2271
1811
3559
5079
85
2611
1363
8895
442
5457
6115
3965
2758
5823
4577
2915
8529
5362
3202
8661
5844
8048
796
664
4149
9000
2092
373
1458
3389
9395
928
4776
6257
308
391
1177
7618
8329
8099
3683
261
5088
7045
8764
9812
6269
6042
7302
8628
2706
5677
3922
9707
3117
5941
2750
3505
1850
1645
211
741
7449
4838
908
4219
7330
8960
9265
5450
8627
9960
1575
6412
8264
4984
8646
8513
4477
8457
4004
8343
340
9676
2146
7411
7494
5617
7132
6681
8887
3764
4321
2753
178
1445
222
3344
9862
5825
5577
2645
610
73
5023
6968
7542
79
1570
8605
9978
7995
6902
2103
8691
5035
1025
7440
1265
2803
603
4017
7644
9193
3732
8226
5470
5014
6057
1066
4550
9610
9618
4287
4513
6196
675
9614
7682
951
8859
5403
8713
511
7785
1141
1419
5417
666
3829
2647
262
2330
5638
326
6646
2107
42
5559
6659
3374
5093
747
7977
2850
2076
1590
5428
6798
3414
6831
2572
908
7521
2544
994
7525
2144
8516
7673
5118
1022
9953
2564
9826
1096
9995
9285
4927
7512
4180
1222
1168
5361
5420
9330
7453
7724
3308
6675
7760
9327
875
7120
9513
5182
9956
2230
4449
2073
4073
9155
3870
5227
8184
9282
240
280
1542
528
7709
5666
2250
6356
7907
9141
8607
6124
4954
2123
7265
4374
1709
2097
5572
2391
5926
9090
2637
800
9765
3484
4768
2942
9378
1745
6129
392
1157
4825
6702
5426
4942
8719
5860
8833
5864
9392
5424
8715
8481
9494
9989
6494
6579
3771
7681
2348
4851
1779
5448
9886
3133
8173
3689
7673
2958
7798
2493
9669
5263
8895
8794
2205
564
1045
2254
3270
7882
2845
3559
5470
3045
7066
7763
2173
383
267
3165
9932
3204
3055
1143
419
9614
3370
83
8534
2847
8713
596
8635
3200
7332
2430
1956
1503
3653
7654
7281
2586
8480
2102
1536
8713
4289
1371
1685
790
5225
7582
8686
1512
8641
5248
3744
7224
5033
7578
6943
7936
8085
287
7118
5455
9738
8068
4184
8234
3552
7790
583
7817
6623
2924
6171
1657
1769
2724
7799
1563
7576
5493
4800
6649
899
4749
7968
6706
9995
5933
2511
2720
3125
6134
3390
8123
2503
8401
9642
3339
1334
247
4280
4389
6945
8170
7788
2282
6303
4305
4999
8737
2168
1949
4494
7579
4337
5814
191
764
2741
5845
9053
9179
1770
3993
9086
9563
1568
6988
3817
7880
2598
2707
8195
6723
7240
9207
1947
4981
9054
1328
2628
420
8127
3861
8062
8826
1365
9738
1969
8019
6104
844
774
5447
7221
5795
6762
2049
5332
9043
2538
4075
7695
1342
5945
9938
2475
8956
3291
7317
7980
3128
7637
4847
828
4074
9864
7011
9556
622
2901
1231
493
3959
7366
9286
183
3604
8881
809
9865
9082
4313
3406
176
971
5232
3425
5469
9791
1410
3114
2740
4806
694
5210
9003
2217
7100
9907
3476
792
1430
5730
4553
27
4576
6992
6741
4132
2185
8671
5612
2321
9127
8682
9771
7913
6455
4740
6523
8615
3875
4994
3456
9341
6804
5583
9155
4794
933
180
5401
1901
8440
9404
802
2580
2765
7538
2551
9092
5401
4023
1423
301
2710
1665
2328
3024
5459
7202
1294
6534
6688
3016
9018
8683
2577
8210
3939
3184
4604
5719
1911
4589
9584
2366
3322
4003
2757
1762
7411
6273
5878
8423
7163
3917
7803
7161
5955
869
2039
9585
9600
9243
3932
2822
3842
2023
6661
2629
4583
4526
4546
9193
4945
3604
5194
308
5742
6373
8767
8335
6920
1024
6676
9734
4598
638
3563
9545
5131
3668
1828
4995
2175
1782
7143
7469
3464
2494
3462
6288
4468
1058
948
4883
1442
8768
3651
6751
7858
8616
7887
9005
9240
3882
3663
221
2498
7285
3167
8478
8630
5188
1518
642
2121
8820
8371
2698
2847
5338
2167
3037
2984
733
8013
3293
1552
424
6287
6783
3418
9923
2338
2020
2301
6185
9402
1416
5355
5990
2981
6637
4523
9968
792
809
2258
5865
9081
937
3638
4073
7835
2675
5448
8920
8054
1353
5888
641
860
2587
9460
2015
5683
1487
4079
8773
3164
9275
8131
3662
4078
5493
4761
3337
3769
9001
4909
593
1282
5948
678
3657
7164
1914
5872
7119
8501
4409
3948
9544
8463
4038
8837
3943
7953
2357
7231
3138
5062
1866
4299
3047
3639
2646
6777
445
6202
8516
6207
4818
9212
5584
7240
9861
7161
4414
9947
3759
9773
4563
2792
5382
4147
7104
4904
9279
5917
8252
4903
1255
9394
5963
2232
8130
1356
6343
3724
8966
5067
7029
3878
3185
1843
2837
5169
7860
7005
2635
3536
3987
1055
3340
1839
5864
4512
3273
6185
5084
7641
6372
8058
923
9993
3865
52
4714
6141
3463
9062
9281
86
2104
2389
2461
7258
3909
6604
3174
2562
5408
2324
5960
1396
8911
6341
6591
8762
313
8176
2782
2396
283
8038
4340
4636
6649
2082
5027
6766
7383
4366
3769
1734
8302
357
9851
6717
5234
4920
2750
9474
4906
7888
5449
4125
777
257
908
8906
9491
1710
4017
2247
4640
7656
3887
6259
97
9638
9642
7114
4081
1748
1552
7349
6522
1513
1160
3610
6511
8533
5749
7640
5559
2295
7613
4861
2260
2752
4022
7668
4455
4859
8745
9153
4053
1046
1716
2263
6450
3767
6780
5835
7114
8828
2632
215
3371
1149
1588
5298
2438
937
1893
3191
7122
1127
3445
7047
3398
5497
5311
3764
4912
1949
7034
2674
9237
5962
2929
10
2602
3979
9377
4551
2015
5384
3478
2771
805
6338
5411
3368
8563
7417
8134
64
4051
4003
5689
1196
9763
4475
3188
8733
9176
4191
5516
2630
6020
7950
7539
1305
1802
6774
4512
9813
8567
4689
1893
3076
2282
5840
4906
2604
8874
3762
2149
5217
4091
5567
2257
2483
7387
2615
5302
9295
7571
8814
6693
8665
7707
9594
8049
6394
5728
7628
5271
9385
6874
4896
9683
8279
3355
4760
9637
6677
7023
5130
8568
3734
6791
9943
707
1044
4406
4244
5795
2931
5160
1052
1859
6824
6845
2722
2881
7195
1084
4194
1922
5748
8828
3509
3309
6227
4908
5322
6036
9717
2348
7003
9350
2860
7292
238
2443
687
8138
6324
9332
772
1349
3214
378
1731
9533
1592
8862
8665
987
7804
1605
1033
4293
381
8739
9913
9833
8181
853
3016
2727
2691
4046
608
2389
9758
2397
5011
1721
5281
8325
1960
7462
6561
1228
8131
961
9637
4120
2860
7444
9699
5454
7549
6823
8088
2621
5517
9786
3954
1843
3119
5721
8906
4305
4142
8315
6308
7627
4804
9961
4219
7233
8647
6320
1313
7854
3382
8275
3579
623
6147
151
9820
5360
3722
8684
6202
8931
2363
5198
4605
6142
3808
5825
3
5653
8152
4983
5199
252
969
1290
5139
1080
5240
5260
1646
6216
3022
5605
1298
6253
1859
5600
7910
5509
9403
9155
5722
2335
3938
8122
4134
2251
4034
5508
9060
2564
1554
9375
3100
9822
6159
1502
1588
9296
8815
5417
8931
5270
6871
7320
2054
1272
2710
1039
1695
17
6345
7016
7829
8460
1932
2835
1898
2782
8777
1774
9021
8585
8891
9718
4479
2943
8522
863
8399
8232
4052
6627
8290
9930
4849
3026
3303
3917
4732
6867
1809
5099
1259
5635
4388
8533
6598
3166
4757
7411
6287
166
9731
1554
2051
8774
4662
6360
1807
3892
1447
1964
5544
743
2927
1679
7573
3241
6747
1870
6367
4605
9723
778
3638
6908
2563
4084
5987
8330
7088
7119
973
2500
4134
3849
9613
208
6309
7443
1861
6215
5650
5356
1449
6405
2819
9379
7487
8109
1896
4472
7889
9218
8652
7763
9898
8043
3711
5856
7619
9080
3079
4099
5202
173
4053
9462
8764
9287
1431
9019
2751
5275
4568
9662
1500
2052
8550
1685
4471
7414
590
3538
3826
6053
2833
9116
4045
4466
8902
4780
8370
9379
9834
659
3099
4106
9331
9699
1444
3976
7417
9451
8513
208
3905
2316
5748
2979
5706
2615
4675
8031
5859
4011
3619
9939
1337
8754
9964
6003
8868
7114
1955
8668
5835
4358
2454
26
4300
6242
2905
3011
5391
212
9431
1810
6258
2219
2559
1468
4657
7084
6027
145
9555
2076
5819
2422
6471
4693
433
734
3786
1376
7136
4393
4924
1892
7388
6573
8114
4654
4956
772
7597
2655
1460
1145
3051
2282
6503
2073
6793
541
5860
630
9060
5551
5672
5074
5536
3320
1605
5105
9648
1662
3167
7980
2307
6685
5083
333
941
1372
6438
3610
6786
7271
7306
6220
2012
6161
9188
1527
7314
7224
1674
3613
542
4421
2134
5019
5923
2948
7497
4016
1691
6185
410
4065
8522
5276
2632
4422
6313
8244
5709
7337
9355
9686
4738
573
8716
5555
3569
6306
9391
30
669
3697
7335
4899
7780
5967
1757
9442
198
280
4636
2714
6312
103
617
8038
9710
3617
1301
4381
6721
4874
7502
9335
8369
971
6662
4456
9587
2840
6106
8714
9214
8475
6956
9920
9948
9450
2262
7627
704
4852
6023
9359
4937
2123
9996
1772
9520
3761
2840
2780
2920
1412
1138
4014
466
164
7092
5532
1529
7163
6778
6064
787
9460
7819
4701
3732
1310
4823
7502
9267
3189
8560
4611
87
2054
4676
7861
109
1029
4502
6941
9213
6212
1495
2975
6041
6686
9089
1533
3510
6358
7634
4066
1081
8036
1345
1895
4432
1973
9125
540
9121
8721
403
4851
4496
705
860
9979
9208
6264
7635
1152
8555
5784
1458
2619
8446
2797
8939
8045
8488
6044
2608
2462
8205
5476
81
5248
1221
2957
3988
9463
3003
3457
9627
4491
6768
5788
128
4867
2894
5470
4824
9819
7640
3517
7182
7993
5490
7329
9256
2911
3391
5136
9518
5897
8649
1101
8190
6826
4572
7629
9715
2545
1746
765
8949
4151
8856
3062
1533
6193
3855
812
888
9582
4546
77
4719
2523
1124
2293
5884
4377
6060
26
6979
9969
5301
9978
9466
2692
4323
5211
1489
1348
5886
1860
988
6295
9544
3070
2526
6568
8591
3991
1024
4776
8078
4970
6835
4819
9764
8889
9809
2040
6349
3700
202
5027
958
6895
2207
5227
2938
2697
4936
9264
1368
4732
814
7002
6602
4905
5069
4973
2151
4552
9259
7152
4885
8649
4652
8016
896
1095
1494
5269
453
3362
7971
1554
8254
3379
6466
170
1527
7387
3467
2844
857
1729
2731
8402
8401
9514
2610
8966
7449
9327
5055
2916
1034
6455
2611
4192
7695
7634
5101
9631
6187
6171
7968
1321
5294
9632
5254
1085
2551
3403
435
4972
739
6706
8492
1460
1089
1875
7589
3627
9480
3648
2301
2961
8118
6782
1934
2738
1867
8471
4056
5393
4289
3715
628
8472
6121
2993
3631
5634
8591
9979
4517
6822
9313
6738
7186
1148
3312
8587
1441
5072
9812
9711
4872
9967
2203
3775
727
3844
9788
2307
20
7108
5347
1790
4305
1355
6933
1109
7910
9741
5500
9733
3180
8420
524
2077
2352
6132
9002
8155
2064
8481
7524
5531
3903
8877
6838
7761
9424
3502
1878
8771
2715
982
2617
3793
8051
5154
8048
2219
4890
8155
502
6899
601
8055
2372
9154
5082
1249
6208
3766
8640
1655
4082
9865
8015
721
2699
9891
5665
5465
1343
7174
5883
9820
377
1713
5832
9586
8338
2258
9569
9611
6117
1663
3124
2675
2686
3721
728
3833
5019
5047
3620
9885
9452
2232
5682
7995
4172
2401
4536
4945
333
5373
8283
1052
4164
4014
562
8847
1435
9950
7595
465
7287
270
9508
3664
5825
4490
9373
2662
4116
7446
2560
4410
4921
204
1046
9861
3430
3331
6668
9028
5587
2092
4646
88
4501
5910
9021
1300
4442
8369
787
9907
3470
3288
6304
5581
1453
7263
3370
1231
7215
7834
2801
6297
8466
79
6853
3361
4032
630
185
1511
185
2170
2079
4592
7761
2922
6690
6573
8113
6617
8680
9379
7656
5235
1866
1184
490
3927
3869
3189
9456
5926
6993
9764
8881
3180
9297
2679
167
8588
9664
2729
7562
5451
754
5276
9546
5842
3288
6161
4668
1361
9716
7464
6672
4106
3131
6681
1569
5633
834
1714
2917
7478
2773
8074
3813
7153
4376
6303
5443
1580
1450
831
671
2943
4753
6793
45
2058
9600
2459
4255
6210
3171
1157
1947
7170
140
6877
3251
2975
5495
5493
862
8933
1916
5745
3751
8704
9520
4307
1664
7445
6089
5205
4038
7607
268
3982
8987
3866
975
541
7490
7577
7927
1193
8528
3430
342
4363
6366
4027
1388
5463
2961
1099
4913
4125
1142
6353
3548
1259
5011
7694
4535
1383
1597
7085
5256
1773
8658
3722
8576
7055
4444
3523
1611
5549
5909
523
4134
2127
9328
2789
5546
6144
5696
6251
1930
10000
7050
7330
924
5235
8065
9318
9548
3765
3284
4935
1781
9527
7171
3795
4210
1088
1584
5465
7125
6874
5477
5916
9939
9874
4631
2025
8005
7826
4908
3657
1062
5240
6009
9313
348
7199
8034
8482
7788
2269
1071
7119
7627
7445
6216
3534
6409
758
2997
2007
9278
9554
7920
6172
945
5045
6296
8097
5363
8338
9087
4063
1693
9110
8658
352
4960
2855
1267
5972
8519
7346
8278
6025
8862
7454
9437
1783
809
3865
4805
3048
467
8099
3491
5639
6659
4788
2005
6156
3274
3832
6655
1383
8681
7876
162
9844
8769
490
821
4701
6350
2362
4160
5326
872
9960
8326
1717
5458
5180
6322
3165
874
3101
9349
2283
4366
8385
235
5176
3705
3300
9898
5027
5051
6229
4953
9086
9000
3823
1037
6189
9485
5702
1763
7234
3997
9889
6015
3683
2035
5224
3411
4879
1272
9744
7300
4835
3824
5956
5989
7123
1795
3546
1621
5481
7094
1396
5022
8718
4264
7175
1980
3640
7858
3829
4116
6471
4119
6730
7423
338
6846
835
6984
3070
3280
8077
2485
8796
3954
6654
4496
135
6239
4070
2197
9812
1309
1159
6814
8143
6985
8377
4940
2655
614
6345
8397
6919
671
5951
8934
6848
7667
6027
9911
289
3192
1552
3074
9585
6137
5921
1678
8699
2693
2447
2923
5429
332
1879
7425
6893
136
3084
5147
7938
2196
1576
4790
8922
2534
813
275
4624
7471
4841
3188
5681
8776
6839
3065
8773
1296
207
6499
7427
6336
2359
5933
1391
2781
5023
5979
3263
6112
8977
7360
4112
3907
1879
8245
984
565
9523
3460
5099
3039
4124
2409
3958
1290
7493
7585
8840
6735
8595
7280
8180
3579
164
7248
9420
4278
3952
6590
896
4225
8311
2976
1539
8068
7880
6564
6412
5487
1852
6574
4493
6722
4574
266
3917
3873
275
5086
3457
289
3631
9466
2907
7892
1312
7484
7055
5275
1765
7105
9818
5691
610
1497
1136
3488
6091
8792
7206
253
6710
7217
2111
7674
7895
7105
6394
9492
7052
5463
322
6912
9272
815
7379
5861
3748
3202
5170
1017
2593
9363
9003
8475
1593
736
4209
5255
7849
1867
8355
6420
130
8475
6758
5402
4989
2016
1474
464
9258
5338
5133
8535
240
8090
8514
8637
1756
5518
2758
8749
1313
8742
1819
3754
2720
1615
4670
6739
3122
1563
5298
2894
9814
2090
6183
2944
2215
8142
9553
3649
5371
1214
3751
3
1315
4457
4807
8825
6321
3480
6039
4787
2421
7378
3423
7225
5692
6310
3605
8320
771
5516
7053
6839
1721
53
673
3674
4619
3212
634
1152
251
3834
917
4629
823
7639
8129
3569
2560
4711
7391
6561
32
9865
1979
5153
7222
8284
8925
9899
3259
5977
7999
8260
8880
8703
7733
6142
7349
270
1416
3941
9189
2134
3320
6631
4104
4326
7575
9541
1642
3852
3914
9587
7476
4078
2504
9172
6099
1225
7231
3983
4596
1964
1942
8416
1089
9992
2193
3667
8437
5669
4915
9957
6366
3100
7136
4704
7390
3678
574
4674
3843
7254
1095
3082
360
4183
434
1408
2513
5128
5510
8863
6876
2405
4583
1854
7661
7371
3754
7114
53
3450
6132
4121
1679
6653
3796
797
5676
4591
9960
2991
1527
2822
4054
1067
2837
9543
4076
28
6887
1350
2765
5018
9970
7598
8572
4545
3585
1038
2646
4698
9121
5293
3865
7624
7467
9958
8016
1470
6978
3724
1650
2935
5376
5106
6873
1859
822
501
2581
9582
2388
8044
459
96
2341
3776
5140
9735
9818
9990
8593
1043
8451
6654
4339
3192
219
7973
7326
7627
6009
1396
5061
4352
6838
8278
727
7587
527
4540
7398
1913
7444
9987
1570
1862
1175
78
7914
3643
4655
487
6327
8762
1526
1069
582
9826
3303
224
8068
5751
5396
5196
303
7075
8850
1294
7863
8060
3708
9175
5321
454
2415
4958
3318
7258
662
1593
3665
3419
1914
1291
207
8686
2038
7905
7447
3212
4145
2197
5257
6544
8783
5022
219
9119
2174
6291
1739
8536
4028
8490
7458
273
9301
9906
377
5669
3272
2479
6504
1809
4791
8740
294
7419
1871
4009
9988
1441
6338
2195
1992
3087
9322
3883
3330
1922
4914
1080
8430
1004
8515
420
4372
7796
2106
9074
8616
7244
2391
925
3081
7088
7783
2568
8035
4603
5331
9329
6833
2345
8226
2740
3361
6439
7197
7029
7603
4040
5075
5193
3215
1553
7412
9636
4839
1125
9561
7748
6524
6034
7395
1702
2044
7831
7377
6487
3936
6260
2208
5111
1067
2297
9420
9205
4243
4429
7507
6916
7634
515
1749
96
6978
3903
2583
5012
116
8030
2462
749
4257
8386
6069
5687
8133
8403
4098
2181
4699
3804
9576
2111
6109
2314
7789
7008
9427
972
8569
8799
4834
4613
1665
8720
5157
129
9892
9010
7952
1886
6515
8406
6740
3765
8713
6664
548
7840
524
6211
3525
4249
6655
4956
2746
7648
223
2572
8470
4489
9517
395
3313
6515
200
5456
95
257
8624
3192
6624
1239
4099
6147
1257
5946
3539
9971
7494
5003
8794
1076
7389
8645
6264
1171
1152
2022
2090
1268
3651
2811
4287
1365
8383
6070
9165
8254
1441
2667
8684
5918
8995
6224
2606
6498
4215
3737
8790
4328
304
2249
2002
4091
6276
3101
5962
181
8891
653
9543
3830
4050
3499
1174
5450
7472
9884
6947
5958
6942
6126
3198
8264
7233
3532
9241
5337
3412
9449
8852
2889
9710
295
1564
2559
5598
3178
1075
9914
6364
3018
2313
3310
4141
3690
8685
7547
2541
3130
3775
7006
6295
5917
7085
4289
7369
3664
2640
6822
4903
8365
7220
678
4028
9019
2744
6348
5453
9808
6337
2381
6574
7261
6752
5028
4400
9950
7817
8264
6165
9009
3398
8123
670
466
849
4444
2669
2303
7394
887
1868
9212
555
1839
9271
8478
5299
9649
3977
650
1451
3769
690
8195
8824
5430
5323
161
2140
8873
9574
7910
2806
1196
1362
8997
1621
8700
4318
7072
3992
4948
5801
7384
6756
2037
3966
8133
107
7872
3722
1845
6181
7946
8055
8371
1936
1505
7292
3477
9402
2886
75
1491
650
2670
6023
4160
1356
267
3250
4162
7499
6435
2559
2509
4255
4706
2017
4861
5640
4122
6287
8113
5177
4996
3828
1831
2481
571
9634
8811
4653
7783
5869
5864
3507
8407
1673
3547
195
7919
2528
8434
2085
8178
488
2428
8185
7387
4423
215
7861
5985
7256
5882
1296
5233
8869
1326
4699
74
6336
1232
417
5137
2043
9537
9775
9063
5971
6751
4719
5412
8004
3189
4735
9138
4398
9191
8576
7869
3452
7401
7299
5602
1656
2334
8508
7911
7685
6775
2531
8205
6286
9022
76
6502
990
7069
3097
6325
1668
4654
6029
1099
1512
9651
3028
8936
1575
4166
9053
7176
4604
8801
6123
887
4222
7257
3855
9574
3842
308
2543
1737
5568
4655
3460
5484
2450
9033
7822
5863
2245
6883
3406
2595
4205
3032
1220
6422
1180
2200
6171
422
3897
3958
4620
7986
2354
4312
7578
4966
9906
4816
3742
7529
1455
4869
2061
8411
8247
8664
5406
1067
3497
8619
1661
5621
2717
4245
7877
8091
7436
5570
7648
4749
2744
7179
7209
78
5573
2938
7949
4091
345
605
3432
8964
6062
5941
7494
1274
8680
3712
3507
9777
7995
1748
2493
7952
4155
6576
2815
1130
6572
6667
5467
4809
7099
3675
1537
1365
7598
4438
1981
6089
9776
7070
1360
5084
3972
6027
3815
6194
6340
915
5479
1378
6596
5365
950
8732
7355
3741
3140
4047
1987
5508
7996
5899
3559
3105
3239
5247
2183
2145
7136
545
3291
9098
6286
9686
628
7557
4718
477
343
8019
9686
1441
2350
627
4740
3844
6326
3857
9164
8675
3347
3786
2388
9462
653
8354
2025
317
1493
3987
6176
2746
3348
8089
9343
666
4063
5465
6714
3436
3611
4009
6998
4642
1980
7109
9286
9281
7931
7865
1271
710
8629
8264
2406
6801
4149
8000
4888
3986
7606
5032
1435
3737
4435
8797
1172
2889
7008
6222
7967
7466
4289
2243
7118
1309
5026
8692
6708
3118
1236
752
3204
1986
815
6207
6249
3679
5825
8627
671
1526
2412
9691
8039
6056
4924
9020
2312
4081
5870
5324
4017
6297
6636
4031
2461
998
8293
2650
1463
3793
7271
4347
383
4806
5321
2625
3745
7280
571
6360
4905
8269
4349
8927
2820
4008
1383
5396
7465
5381
5229
2360
5752
8651
364
329
156
58
6311
5636
7709
3007
8747
5471
9149
4695
3817
8568
69
8495
5571
9938
7830
2471
1771
5176
7891
6895
4903
8135
725
8612
2311
394
8677
4598
4584
9486
3391
1787
6422
1995
809
3676
1973
8297
4234
4693
8376
4182
2538
7325
5018
2444
3688
5180
7147
3423
2944
4703
3091
9968
7182
3422
5205
1171
2752
7202
2238
8772
5925
5811
4087
4607
6090
955
2320
1625
8381
1793
1609
6697
8882
514
5739
1903
1373
1495
3536
9336
7647
322
9024
2575
5973
898
8977
3603
2574
3122
5669
3581
2680
6915
7605
13
4897
6959
8331
9116
923
1590
5639
2814
5791
8165
7478
404
7615
3238
8463
116
1193
5237
6972
2494
6984
2831
7919
4370
7938
9528
6794
2602
2345
6981
8768
3354
4267
7334
2574
1998
9866
6989
747
4895
8431
3117
561
2114
9705
7962
9713
4115
6577
5371
2793
4864
8302
2057
7260
3397
7802
3713
5984
3846
6186
3514
8290
3847
4997
9897
1537
5734
6792
4712
9013
7642
192
63
7828
3975
5753
86
578
8897
5352
8584
9676
249
7527
5214
4875
6864
6566
4390
6598
3003
6658
2113
7610
7373
2552
7279
9050
932
7441
6530
6054
9696
3979
3166
3774
7645
2075
2125
7395
4745
583
4514
3575
7210
1744
4960
8155
2447
3350
8172
9219
5185
4862
1278
2449
1810
3391
7333
2436
1807
7787
2024
9544
7682
2328
4321
9278
295
3089
6586
5457
426
8836
936
5498
9135
2177
1112
597
8502
227
8437
815
6454
3488
4809
6300
2303
9243
3672
1590
9930
3262
5147
336
2078
9615
7197
2165
9715
7732
6091
6941
4930
431
3070
6415
8619
7312
1643
4018
7897
7555
6691
4943
2057
500
595
943
985
7128
12
6832
3788
8233
9949
2256
8041
49
3763
5067
5096
9425
5818
1635
4812
2146
1644
9719
5878
8917
3236
7960
5863
1596
6363
7881
8676
6459
1109
6747
6482
2844
421
4228
8597
3247
6832
2692
1034
5826
3717
7174
7548
266
9173
7678
6340
2036
3263
5433
5886
6232
7211
4335
6256
846
8034
5497
9921
9099
1748
569
4543
6658
3949
7319
6804
1099
3842
2210
6592
8273
6755
6027
4652
965
7946
4971
666
6807
3209
2030
5341
6024
8173
6566
2555
4828
3247
2474
1744
7181
8309
2121
5896
1968
6154
2144
4487
2617
6102
9145
5585
8616
9031
8271
5202
807
3120
9922
2824
1864
1662
5552
2210
4622
6648
4088
9574
9800
8157
7646
8353
5414
2993
4241
9518
3144
1955
7441
9559
2804
3604
3872
846
4826
5591
3433
4454
9295
5841
5408
8546
7393
3599
3923
3133
6778
6994
4024
878
9800
8420
2638
5357
3700
3108
8117
5671
8944
1149
402
8013
3259
6978
4362
2008
5789
8691
4038
8592
6127
8056
967
375
2268
1010
1694
2492
566
9522
9769
3948
6171
8730
7296
6438
1282
228
5790
3913
2121
5024
7696
7340
9849
7384
9823
1194
4435
4992
5346
9017
5135
5914
3538
1213
7515
753
6208
9924
8232
5485
5461
8020
1804
6184
211
187
6342
8889
6129
577
9406
3738
3706
5382
8349
8482
3888
2768
772
8480
6433
3698
2871
4797
3278
6412
8322
9361
9272
9601
3534
4540
1851
7668
4706
8338
1007
8729
5655
3562
1323
7880
3640
2555
3455
3423
6036
1132
6774
2923
5952
6143
2855
3151
2836
832
4794
3389
4579
1987
7037
1156
6730
8875
7700
8097
2343
2310
2775
4595
1929
8449
5175
2804
141
6327
5306
2285
5351
6306
2570
4372
1728
5990
6556
4254
3630
9322
3868
24
7914
9323
3533
5937
1291
7166
9423
5410
733
7095
4047
8546
9413
2840
2041
2091
6926
3010
2686
4532
679
9550
1805
854
2243
7953
5620
273
1418
7004
6802
4730
1967
1630
6583
8263
1801
4477
4007
5647
577
9652
4677
7509
5004
8418
7841
1936
9159
9867
753
7403
4745
6520
7889
5954
6190
7409
1329
1094
5444
6391
7068
8625
3789
2192
2374
5484
4796
2325
2397
1720
4115
1754
7362
9288
8378
5487
3318
5599
1402
4627
5807
7661
7091
9594
8340
2666
7595
1653
2803
3682
3939
4620
1219
7203
5109
7462
9455
2785
6695
5056
3292
2858
5779
2544
7472
5131
7405
1182
3422
2265
293
1786
1261
9299
2871
592
7402
5072
749
7769
3041
9363
9856
1006
5236
4613
9541
3362
9158
9111
1033
968
5066
4465
1141
1805
1921
6741
1038
8411
9551
1647
9717
7423
5947
4333
7825
614
7748
6395
4395
1983
4361
527
5347
7647
9182
8389
4538
1365
1042
635
4065
9353
3792
4416
1489
8440
5510
6360
4626
2117
2523
4722
9854
5054
1386
7786
1369
5065
988
8210
3882
1239
6180
3089
8005
8625
643
4372
3838
5093
6788
7705
5539
2838
7460
4011
870
5426
4027
2650
5400
8527
8833
5593
2268
4777
7368
2603
7587
3637
1916
5623
7534
675
7020
8642
8005
9376
7009
7487
6240
3110
5636
4195
4207
8710
9833
6574
6106
4063
1878
8604
744
1270
1984
9122
1469
7600
3136
8211
259
8422
2416
1489
6869
8714
2980
6518
418
4872
718
6583
5297
265
2190
5280
6434
7512
1481
4741
3580
4439
8812
6770
5300
1345
7873
5709
1962
7244
9725
4640
5466
1308
8788
3922
7068
9622
230
9603
8182
8325
465
3964
9814
3803
3511
4538
6615
8523
5642
9250
2339
4342
8746
1657
3930
3992
7714
584
2929
7460
9277
9966
7542
2708
2044
3034
8796
6924
3812
7132
8113
6958
1758
3926
7870
4009
1834
2034
8782
2281
524
9800
8379
6819
359
7967
5085
5562
3568
3048
8344
1861
2840
8277
4923
9342
8377
8208
9233
4863
7738
7500
2732
8380
8955
2701
9515
5376
9437
4147
5234
877
9275
1501
9634
9927
9732
1858
6103
5640
6576
3873
8854
5126
4109
3713
7713
3477
84
4692
3712
2158
5762
9429
2268
8498
950
186
7054
8809
229
4262
8791
7888
9456
9630
8966
1379
8387
4613
6586
138
5456
4483
8680
779
1198
632
9962
1567
833
5078
4131
6138
4763
386
7839
6026
3673
575
3043
8116
2534
586
8387
10
5911
377
7518
9140
2238
3354
8455
7473
6299
6389
2340
9800
9770
9611
6527
545
9351
6321
2700
913
3155
3725
4726
9818
3591
8787
2600
7105
7939
8209
3515
2361
3035
476
1216
8996
3846
8765
302
3140
7809
4638
7344
6451
7435
7975
9062
7970
8170
1103
2386
3849
812
4558
8693
6211
1546
947
2223
2384
7094
6278
5353
1567
2254
8460
4852
8277
6298
944
5914
6140
3916
5745
73
3397
9414
1743
7693
2796
2894
9204
802
1697
944
1275
4001
5076
7933
159
3628
2324
3600
5280
3407
5084
4876
1963
3144
8462
5686
2440
1542
248
5295
9622
737
4448
4736
3334
7797
2867
6985
4420
5160
8014
7348
8754
1292
605
5572
7967
3929
5220
693
1138
7332
3341
6798
4585
6072
9654
6621
345
3604
1646
249
9064
7369
4967
179
8782
7607
4097
3501
2169
9260
7714
5883
9758
7521
7359
4410
7125
7747
1816
2458
486
610
1982
8931
3596
1430
1902
2286
1253
3526
4483
2339
1761
3854
3371
7667
1862
3186
2057
2403
196
9432
5646
4833
6701
4037
9841
7566
7920
2079
4777
6967
4930
7213
1207
8709
4742
125
7977
5709
5099
2267
188
6732
7366
5204
3293
247
9247
8892
1095
8823
8234
1776
4015
5518
1424
1888
7411
6964
4217
4721
1796
5180
6501
1888
1051
3755
2904
6643
5240
2682
8129
3720
7132
7783
7855
5228
3754
8577
3915
9858
6171
3618
7468
8901
632
5805
9544
5589
1411
8992
7041
670
1928
9453
9136
1555
4095
2390
7576
6713
6377
6218
3347
7163
8473
8757
7004
2965
1756
7507
9897
2041
4763
9658
1882
8922
2431
2545
4457
2958
3624
9220
541
7842
599
9398
9147
5800
8028
9119
9721
1494
6206
6900
1237
3870
6279
1225
4147
9903
2789
8573
1314
4954
535
7066
4767
2100
6734
4062
672
4038
3697
1168
6911
7489
3509
4348
2073
3841
4841
2001
4174
8169
3933
4374
2068
2709
7916
5120
8226
2056
9288
5467
1826
1625
7036
6445
4451
1656
5703
9767
9553
7631
416
2171
2299
4299
8952
3816
8709
8668
3159
9522
6057
2703
8114
4724
167
6407
538
9011
7415
5516
9575
7834
1077
7274
9507
4427
3556
754
6208
7101
7349
8036
4387
9116
8883
7386
8341
1821
4029
7079
8778
9113
249
394
6646
1062
9511
7599
2686
1244
8864
909
4946
8026
30
9911
1451
6956
5945
4944
7010
4025
7837
1626
1987
5131
3770
9146
1553
123
2439
399
7179
6232
5008
3164
2285
946
9818
9604
4069
495
5263
4748
736
8881
7073
5795
310
9596
5804
6846
2853
1546
9126
5040
1216
7639
3811
2703
4694
7434
2111
5245
5419
9316
3267
6042
224
9988
1563
4916
8427
9224
3841
1146
2807
9168
1846
1109
6165
1327
3798
5069
5510
2629
3530
7435
4299
474
4621
7163
5768
2167
7610
9921
3318
3059
4254
574
4983
4773
968
4973
7613
3461
3267
5874
6210
742
4484
6421
4432
8377
6901
9968
9288
2399
5238
5100
4633
3971
9979
8756
738
7032
8669
9185
1795
1143
9480
8375
6503
939
8503
1334
6898
5526
3393
3480
7905
520
4038
4880
4721
940
193
418
3623
9433
8636
2268
4
6957
6469
3525
469
5480
5223
7691
1912
81
4068
3402
2556
5282
7059
5881
4796
6576
3208
4123
5086
5503
3688
1076
6401
7155
4332
638
1213
2567
9122
7003
7696
4470
8396
6905
9962
8263
3334
5487
3847
7599
9850
1014
2704
6972
2566
4399
272
3111
7005
1023
6896
3540
8962
1831
1257
9935
6334
6206
9492
1411
458
7770
8263
3147
1808
5419
4488
4023
9223
4517
9524
8705
6315
8259
3767
355
8757
3444
6732
4021
2709
9373
6811
634
5671
731
3283
805
727
948
9945
1616
4107
5859
3520
1802
6365
6571
6243
4368
3915
5556
1787
9246
6172
1355
9148
4193
728
6636
2184
7875
2138
3244
9325
5255
687
4361
3458
2297
1260
8716
1664
332
9468
6477
6766
8999
8970
4014
4488
8766
4432
2693
6851
7949
4158
6768
310
3325
3922
5404
7090
2654
5673
5652
7456
3156
7982
8086
2283
9101
2615
9615
7839
1058
7625
1276
8385
9907
2605
9284
1929
8553
9332
461
9967
4944
4005
2661
5121
3606
6326
3290
10000
9870
338
4583
2103
6088
791
5645
9859
776
5795
3999
6192
154
5531
6677
2575
8580
4569
2400
5043
6167
6855
301
5095
9483
8353
2708
9467
2593
7720
977
3213
7736
9649
2383
8706
9460
4054
1511
4395
5263
3425
479
2225
3036
3827
5878
7750
9272
257
5364
6875
2747
2310
1454
5722
9760
9680
2864
5742
9269
1562
6980
9381
4552
424
4949
2545
4366
6216
7993
3207
209
1937
998
9282
7277
3469
5385
2845
5248
1372
4145
6344
733
5306
914
1058
562
6178
7726
384
6322
564
9545
4541
1646
9398
8299
4168
3644
9892
9578
4431
450
8759
5404
9024
4799
4913
8100
9683
3136
2654
5465
2210
5793
241
2558
9639
3289
2717
22
710
5139
3235
3941
7446
2298
2358
8978
3480
492
951
3421
8741
9836
453
3009
2223
8442
583
7089
775
8222
9695
1302
7241
6008
9126
4579
5313
2241
4421
7497
3960
4971
6703
323
9937
6113
7985
9782
7790
3974
6725
8497
3428
2323
8800
9729
5713
4691
5429
1933
8266
215
1220
2452
6045
8116
4378
824
9145
360
7119
8146
1012
1070
902
9594
1924
5696
3909
8268
1957
8956
3881
8891
5174
3092
5041
5401
2520
6922
5100
5676
3231
9842
5791
6652
2404
3275
8810
1364
6206
2410
7437
5278
5710
8296
2161
7774
6246
4113
148
9093
5846
5462
576
9344
6992
4943
440
8610
3167
6007
8011
4678
4153
2875
7588
9070
3977
2095
4285
9257
5587
5583
206
4483
5830
738
295
668
1542
9378
4737
2853
2681
602
8208
8716
4545
7980
5584
6424
4691
7706
6369
8224
9396
5729
9460
1769
9582
8098
7064
3828
7592
4038
2109
4324
318
4192
9928
735
9664
490
2813
5314
5526
2961
4283
3487
5419
3439
6226
4669
7174
2078
997
7231
8595
5475
6485
4165
299
5067
5768
7645
7249
3238
2755
9182
8439
877
4272
7403
7394
4699
1947
7194
8269
5962
9656
7881
6833
94
9895
1422
2501
3553
161
1453
9175
8712
5357
6994
9489
8230
8714
5589
205
5216
4390
1547
7783
9797
6841
3550
2056
6267
3334
225
5871
5226
9958
3696
5961
724
4863
4080
229
8086
788
6521
7918
2198
3339
9229
5205
548
284
2872
154
689
3636
2467
6794
8971
1246
6073
3156
817
3108
7778
6701
6102
2050
2658
6293
7815
7654
6435
3672
7575
2164
2536
7821
632
8353
5588
9056
8154
9023
5182
5090
8043
5205
6851
7075
5864
3283
3293
4239
8234
1044
9426
6358
2810
9453
4759
3085
6987
9666
2919
9657
8764
9016
3137
9728
8518
5886
9482
5514
8348
6003
3328
5308
4764
6676
4642
1852
1329
5408
1009
345
8585
1439
7315
845
9005
2127
1523
3158
8264
9281
4446
9051
1499
7936
6406
3982
1919
7182
3130
3477
1177
7398
6946
3765
8940
2277
2171
3240
7142
5150
6209
950
2154
3364
5191
3809
7342
5023
2487
8074
7363
70
3272
2535
2428
7756
8939
7975
9098
3350
6853
6156
3682
1698
4075
5371
7862
4565
1436
1276
5711
5629
2133
9504
9447
1870
4342
2813
6332
3320
2738
1300
6904
597
3450
3006
6043
8269
7411
7969
3834
3935
4254
1835
7276
1938
5816
9556
8063
9347
8375
4754
3762
6042
3218
8460
6518
4461
3370
6430
5142
4371
4489
9115
5733
7515
2165
3713
4779
4243
6021
2555
6577
450
9285
4435
3822
9698
6286
7340
7672
5192
9825
2686
3923
9304
2605
6644
781
6329
7288
8182
6457
8925
3821
9017
8835
7777
1323
9030
7516
8552
416
3870
2206
371
5191
5252
2314
4758
6466
1791
4763
8206
7436
4466
7190
2556
1448
8163
1332
574
7209
4637
8182
7717
852
7864
3910
8072
9359
1296
1205
9605
973
5886
9601
8208
431
3419
7991
23
3666
6733
21
617
7922
8557
5993
7344
2989
4216
7967
9172
6677
7032
3696
8129
855
7270
3160
8251
4416
4310
9411
2482
4806
4733
1884
6770
4513
8863
8133
676
8484
8413
4236
4995
7671
4491
1838
5032
3273
2402
4066
2685
248
8186
2043
378
4508
8580
9365
5224
1479
6121
2541
5526
8972
6727
1234
1105
6663
7237
4231
6001
4638
1831
9664
694
7406
7818
451
3249
1671
8326
593
6326
2037
5672
7147
8339
4141
5839
6603
1888
2708
861
3894
2830
6803
1458
9651
9962
8821
3282
999
1196
6745
5290
8797
43
9794
642
9271
2664
9727
2138
857
8024
7179
5377
9660
2800
1271
5940
8694
1694
9528
4148
7922
2740
3001
7493
5677
7081
3560
893
267
7777
5728
6192
2830
1963
8554
4523
3723
600
7365
7690
4704
4693
3564
7947
6035
4253
8152
2483
5868
8977
8286
7615
2485
8612
5212
5399
215
1819
5079
8996
7620
7532
8595
1221
8524
7907
1276
2944
9165
5782
8576
2320
7781
2310
3856
3953
3936
1438
7764
658
51
8429
225
9668
6901
3497
2267
3326
4081
2353
1539
5844
4770
2939
4400
1246
2459
827
1029
1937
5741
4471
7545
4045
2807
1235
2037
7469
5888
4011
9568
5694
9067
5960
5850
4612
720
4052
372
5450
2547
4685
2689
3278
5518
3014
5519
6601
8247
2800
6026
8878
604
2110
4324
6834
7336
8407
3490
1267
3871
9072
2913
2008
9681
7107
6798
1151
2577
7355
6853
3005
6605
2850
7736
3122
7224
8559
3403
6338
6292
655
6453
3085
8449
5887
987
3977
5307
6534
8535
7367
4352
9443
1649
1281
4781
1927
5404
4680
4161
6787
5344
563
1258
5547
3686
520
9168
4758
2677
1415
3161
5765
6685
8737
6643
9001
3895
5081
532
6943
8283
8969
2287
7787
8947
2345
4518
6117
744
6891
2018
4331
9484
4499
897
4636
8560
603
1163
877
2801
9810
1707
6356
1187
3343
1782
9502
6399
7881
923
6614
2824
3643
8719
1522
4158
9806
3010
3517
1791
5283
7551
6938
2933
9571
7402
5476
4457
8339
7281
7616
7265
1844
3713
2306
6186
6106
605
9267
2807
5403
8924
7012
8428
3770
7559
1804
406
8937
8285
7024
8265
1989
6715
7750
6337
3750
6492
1674
5830
9544
4086
9075
7607
4115
2000
1958
7907
158
6878
749
7777
2486
4914
5662
7120
2300
9083
474
7866
424
3258
9866
8824
8912
7350
4816
4352
3126
9599
5150
5919
5691
5841
1376
9940
6983
2414
2481
3383
2686
2072
850
8884
4954
7478
8217
9804
496
8455
9049
7266
9912
2986
9549
2836
2130
6811
3443
7220
4370
142
9344
3779
6258
7546
584
5299
4370
7605
2565
5732
1216
133
3736
1916
6636
8699
3806
6322
2991
6995
7259
4858
3082
9678
6803
1378
4661
9733
3303
6482
4665
195
3150
3317
9955
9219
2554
6494
4481
1398
9257
1558
5902
3377
6674
7788
6104
5405
5410
942
9558
6780
5765
8213
1537
4876
1390
7492
2322
3279
5753
8855
6763
3138
1597
208
3011
4284
908
9215
2644
842
5324
6228
9029
9641
5003
8164
8581
4383
8167
9939
6304
8516
8120
9029
2154
438
6808
3552
6885
4565
5115
1245
5618
1234
4617
1751
8749
6912
1308
7152
3375
1878
7724
4221
4213
1911
3959
2009
1371
7288
600
7937
9023
7639
7610
125
5756
2526
6556
6066
136
9534
7264
8628
8792
5074
4415
6045
337
3789
5305
2491
7598
8832
3828
9303
9252
2831
834
4942
4957
9812
9175
6582
7337
579
6933
9909
4065
5500
6500
4529
5428
3593
7112
371
1501
709
7573
1086
9071
400
8548
5504
1023
1803
8265
1995
3420
6392
2429
939
6748
4377
1020
2945
4724
7208
7561
8386
7142
7372
1222
7103
8047
9143
5458
2567
1897
2397
8579
620
9131
3461
8783
9450
1406
2230
3011
6358
8797
5577
5908
4164
3195
3751
4854
6616
6871
4236
3815
4241
3666
8828
4889
5475
418
5653
3650
9418
9149
1762
18
7835
9468
1508
3830
392
1259
1983
3402
7030
3846
871
8270
9441
5281
9708
6333
6229
4297
1012
6
5930
5150
5077
3613
6928
8938
2952
9119
3922
3003
6161
306
9703
9524
621
6368
2623
6404
9787
7185
8123
7788
3575
613
3439
564
9870
3622
1234
7817
5939
6802
5727
616
1280
9211
557
8193
5841
8394
1325
8727
928
4056
1734
9406
4610
1486
4420
2346
2694
6479
9053
9537
3556
7805
1675
6562
7758
2677
865
4370
305
2974
1906
8831
9374
5448
6924
5663
7496
9115
1163
8417
8294
5288
8412
5920
6102
121
4442
1207
9276
9455
9707
6462
5878
7752
2672
8938
2868
1111
9656
8152
7027
1029
6410
4080
4958
9828
385
4243
5628
9238
5333
3086
7072
3398
2392
1919
5096
3372
7461
1952
3075
8478
7105
5780
1809
1683
6244
6969
1828
9237
9504
6978
8804
1677
491
9196
5500
2430
8623
8278
963
7120
181
5505
9223
4998
3338
6806
4121
391
2978
9322
9214
1199
7526
9521
2442
889
1594
7530
8686
5975
1667
149
4772
6239
7083
3845
2205
3858
8398
1800
3822
102
8798
9185
544
4825
9350
2355
9231
841
3658
9813
6737
2306
3253
4194
8331
490
4981
5935
2499
335
5764
7956
1355
856
7592
4987
5124
4938
8551
6279
3578
4768
5810
8037
3675
961
3923
7636
3430
1999
4969
1431
3717
1826
8373
3606
463
9658
4088
8241
2436
135
5568
6653
6228
5961
1245
4601
9579
4331
6566
3238
3115
7213
3230
1000
158
2745
8793
9946
4780
7418
8789
2426
6134
7253
3446
9547
7749
6007
4926
2732
9578
6342
5761
7997
2113
729
6013
5660
2043
7162
8243
9341
2852
9289
7536
3824
8989
7606
8844
9851
2413
9019
916
7197
8464
4346
1056
4319
3403
4024
1947
439
2465
1750
2296
6110
3877
5317
3991
5023
5811
562
6722
7157
5759
2266
6107
976
7330
6299
8502
2586
0
9412
4568
1350
5411
7509
3030
6138
2109
8377
1247
2224
3461
5155
7614
2140
337
7119
313
3146
6072
8047
5361
1180
5621
3959
9797
2202
6676
9584
2153
5793
6032
161
9301
2310
1188
7996
5933
212
6198
2116
201
9134
9463
1059
2135
9279
2683
59
1915
3655
817
1805
1281
5112
4690
2421
7563
8673
5909
7503
1195
2630
9038
8239
3688
9396
8988
4448
9776
7380
908
6559
7551
5878
5026
6497
7736
2919
2455
7102
790
325
8133
1044
5601
3195
8319
2400
2906
8789
4267
1356
6078
5483
9210
4421
1484
6288
8566
5974
5753
4903
6030
5998
8262
5714
816
5966
6974
5895
9365
2068
5909
2290
188
3741
78
3050
3407
2917
1143
7547
8869
3284
2574
2012
2596
4910
3012
5261
9817
4067
1944
1780
3110
5178
9033
8745
1165
7576
503
6046
5996
435
7507
9416
2036
6278
8802
5237
6448
387
5788
5808
2826
9469
27
4658
9575
8318
7455
3664
3446
5288
365
1439
5387
4317
994
5151
1642
7692
1594
4520
4947
2492
4305
2552
7479
3919
9338
679
2605
5910
6304
3512
5147
4050
7956
9821
3643
859
7992
9434
4877
6817
3499
4124
8474
2608
9429
3536
7613
938
5545
5326
1841
5640
4902
4931
5535
3538
1828
230
6532
2012
9331
6408
8813
1434
8751
859
6102
3979
2086
9661
6825
5797
2498
755
8765
8254
5445
6644
3816
7513
1600
1735
5588
8877
6621
1478
3622
7727
6385
774
5713
9424
4558
8356
9130
4763
3934
8275
3561
7895
5842
9421
970
4715
5222
5683
9404
9494
1211
2384
5010
6938
3948
8925
1963
3673
3130
5472
5795
7039
4137
2961
7271
7550
6580
4623
7679
788
5108
6565
4770
1545
2361
439
5060
8723
7562
9443
8534
8300
1325
5394
8041
2765
115
7525
2541
1279
7728
3605
2478
5825
9534
7610
1628
6293
5743
6962
1763
9409
1468
477
4743
9281
3578
4880
1
8716
7604
7990
3309
978
5734
7048
6515
2440
5254
4089
3884
9918
7761
6597
4007
6727
1823
6392
96
2928
4465
4603
6405
6208
2845
9756
9340
653
8953
6121
3414
9594
5692
8674
4029
4732
4345
2928
7286
2604
3616
9013
244
3824
7911
872
9674
8930
646
6573
8162
1166
332
5831
3661
1047
933
3376
6686
4925
4756
951
6948
1723
137
8525
7959
5365
9819
783
217
5580
5354
1308
8259
8601
5416
9780
1308
2081
4107
752
6862
4753
4577
7542
3878
8523
2855
9442
9214
4860
9004
5110
9630
1285
5506
6652
97
2226
6224
6100
7265
6508
2211
9184
3660
8881
8009
9889
3532
5282
6328
3978
4054
5597
6823
2261
3740
4929
6595
206
6653
8323
731
9701
7770
9944
8820
4112
6914
5051
1332
7151
2798
991
4113
5001
2622
2471
5730
940
9025
6368
9419
3308
3631
9554
7591
684
7268
1954
4008
9925
9728
9202
7888
4115
3637
2121
284
1994
671
1263
9060
5246
3951
7628
714
3421
5224
664
8498
2135
4118
4886
1047
4750
6790
5651
2264
8431
7575
363
8662
4975
6581
4474
8940
2256
9698
970
4854
4302
8539
5356
1986
2327
3579
4052
5118
3210
1935
7745
4119
767
7445
3671
9141
3968
771
1598
4487
9745
215
9380
2908
7745
2990
7334
3379
3295
5097
4897
2672
4536
1099
9117
1392
5524
2851
4217
4804
5442
3663
1979
4934
3682
8037
8381
5785
507
1943
3971
196
7639
3216
5608
4135
398
918
6272
5183
2550
5878
1630
626
2070
7713
6033
6637
8153
3485
2709
7202
8529
3033
8927
7666
6392
7303
5704
642
8390
3775
3117
9071
5731
6518
2037
2489
1454
7513
4939
1927
5552
378
852
4513
5870
7807
893
4104
460
4596
7816
5559
8084
8100
7335
2670
5425
9137
4651
4665
4986
8086
7416
1675
2526
6201
4728
634
7416
5341
6102
7156
8360
7906
862
6841
1251
1622
9600
9332
8884
5977
8538
1932
3973
7408
655
5953
2359
3447
3366
7267
1234
5168
8378
6233
6025
2642
8973
9129
2374
5420
3256
2539
4266
5322
283
8940
2883
7866
8053
8505
45
8839
4480
392
7975
7111
7677
4808
4130
4745
2894
7803
7413
3609
1171
284
4784
9700
175
4796
1794
7311
2751
3985
2459
8084
2625
5684
7261
5055
6884
9200
503
7826
9631
3437
4915
6414
5677
4407
4222
2563
2478
7772
1069
3941
9715
7805
6275
2147
6404
2167
4352
8631
7828
8684
3313
1680
9844
462
4625
5907
3866
7899
3015
8004
9390
6226
7426
4071
9962
2798
7551
8004
6477
383
6915
3477
6220
4478
9654
2122
1442
6807
1513
4875
8390
7453
4355
359
8585
6764
2992
4599
4450
4298
8891
2613
8914
2048
2941
5160
2322
4904
2495
6745
430
8001
354
7861
5367
2154
2467
8060
7885
6624
906
2885
2270
4890
409
5968
8114
5259
856
4790
8060
959
799
5743
9201
9261
2739
2137
8665
7396
862
1589
922
5429
7494
9522
7053
7147
8044
4220
5587
5252
5981
1995
8102
6347
5833
1402
7164
6785
7990
2565
5429
3486
3476
5866
6781
9347
1503
7009
5946
9126
9237
883
7557
3688
1260
5899
99
8410
3531
254
9938
7489
9137
4339
1175
6385
8167
1201
212
651
3315
4981
3985
5654
5566
3228
7661
6595
5333
3536
9821
8435
2918
3746
6594
2647
5962
5057
6080
5431
9367
7319
6857
1199
9752
6676
9850
3356
9673
1578
7706
5848
1412
2658
9653
1509
974
9765
5028
5060
7356
1345
5226
3825
3200
5171
47
306
5229
2
1534
301
7840
5869
3506
1751
922
4691
3623
338
9157
258
6598
2520
4466
3378
239
7183
8930
9012
2207
3861
6794
7890
4607
6820
2631
5975
9219
9121
8737
9556
1268
5489
8846
8564
7362
7885
3180
8874
6650
3590
7988
968
3294
462
9516
2167
3698
3854
2503
1607
2634
992
5256
8118
2214
9441
3652
9345
1578
4608
9404
1142
7506
1211
6213
4933
8133
8761
1672
6142
5938
6857
5299
7532
4248
7618
754
4982
9629
1379
88
7908
2256
1126
3078
1069
6996
8682
3693
4301
1652
4714
7702
5817
4783
3215
7649
4465
6838
6332
328
1198
600
3656
7643
1397
1685
7216
6430
3319
5761
9704
2493
7270
6973
3111
4294
5114
850
1527
8779
2292
565
9240
1648
3454
4937
226
8697
9167
8679
5971
2477
6125
2772
1139
8664
5317
9114
812
4293
7536
4961
1486
1887
6516
8502
3261
9959
5333
7070
2252
3188
2818
4398
6967
6747
412
3899
1079
6059
4034
8770
9877
7137
1258
5283
5923
3721
1694
5786
7707
613
1138
9881
1684
5640
9840
6509
9345
1637
5996
5795
1462
2770
6381
9213
9827
9617
7561
4207
1176
9356
372
5561
2365
5534
8948
3573
8998
6176
3670
2364
2177
9457
3535
2798
8717
4567
6463
2668
3683
3679
5959
9534
9380
1788
2734
1975
6194
537
6125
3613
3855
1152
5476
7912
6130
1419
3953
6700
8998
4237
3958
6434
1909
4681
5871
7131
6152
5381
7704
8494
7069
1087
9200
3836
2843
9641
4492
5078
6407
1318
2565
9669
3531
2244
12
7164
1281
6527
8173
5857
8645
5877
666
6273
9180
7856
1267
7702
4507
5319
3362
4053
9568
4517
4238
3371
1669
320
5522
6562
5987
72
8401
938
216
2988
4728
5267
5254
5854
8259
4881
5020
7695
9049
5398
6300
563
2927
4350
6500
3662
6458
3084
4083
3640
6080
2541
1796
67
2268
8251
6786
1297
5600
601
9149
2403
7554
2038
1843
9582
8359
7712
7528
1923
4453
4887
7356
624
2125
9418
8998
9707
9150
9274
449
1407
2904
2519
3636
8798
16
2475
8217
2164
1898
2610
3941
9601
6078
349
1516
9760
7139
4045
1258
444
9744
5329
1631
5717
3036
2658
6746
3536
2680
9972
6521
4504
5622
6257
2732
5550
9880
8460
7440
9690
8299
8340
5035
5542
2396
6067
7505
4125
1045
3996
7296
2848
7423
3918
5753
790
6708
5160
2799
4192
7735
4296
4647
2870
1270
3930
50
3021
9712
8722
2446
6423
968
8759
3354
5626
9235
7138
9479
7977
3322
8024
9707
5174
6083
579
9089
9459
3827
522
7634
7281
8951
2165
4157
4750
8182
1113
7594
1093
783
8247
8757
1611
402
8485
9980
3096
7423
8512
4342
3497
651
6364
5356
4328
5564
3274
7283
3130
1358
2986
3795
4928
4044
2700
4362
2176
9008
7828
3066
4143
5793
8880
1686
656
1702
9011
7669
7589
9077
5575
4113
1109
8062
3631
7218
3324
6707
2558
8098
5072
2121
8810
4591
3698
1542
7296
7979
7476
452
8037
7765
2121
9182
3503
7210
1836
2136
7182
3537
7088
1976
6684
5917
9516
4481
3110
8291
8670
9007
4515
4229
7342
7234
125
654
137
9881
1225
1410
5707
201
1286
8597
773
7224
4160
6575
4463
6074
5486
6759
6530
6947
6065
3544
1585
7491
8213
6418
1141
9630
4494
7314
5020
6014
4856
6702
6056
8257
2221
5170
4081
6920
5140
2278
1878
7228
1623
1425
1046
3833
1671
9146
3353
2074
9066
9528
3528
3502
5657
5781
1967
4772
2965
5232
5104
9751
1673
4710
3308
7937
8006
9196
9463
3847
2127
5992
9595
9697
9356
7329
8560
7473
1904
4223
2257
9072
6859
3821
7530
6145
3913
200
7348
9375
1278
6278
7872
7455
8018
4108
6172
6848
1233
3199
9598
6534
1628
8829
3595
8119
9893
2277
7102
1049
6598
9027
6476
9545
4093
8945
2380
4917
7889
532
3397
594
4407
7528
6572
1805
628
228
488
4826
1878
6517
161
8447
7948
284
5942
3672
1578
1972
8592
4999
9677
3047
2038
7005
4707
8786
2655
2326
6012
6785
7388
3286
6932
9048
7419
9691
9413
8609
4051
8001
6328
6498
4229
9503
3709
4519
6144
1266
9453
9717
3261
8124
7492
1575
9383
5538
4598
6257
6573
9914
9547
4601
7635
6293
4156
2824
8661
7985
2783
4566
4610
7809
7858
8714
892
7623
561
335
9216
1639
5686
9211
5613
4484
4732
6812
6170
1284
5566
43
173
3425
9184
717
8144
9714
389
5122
9542
9636
3310
6129
3279
7788
4655
8701
7134
6450
6130
5376
237
5854
1409
4020
4625
1088
6955
4759
544
1404
3489
7487
5496
9657
939
1866
2059
2789
9952
693
4224
4308
4647
9889
529
3232
5863
4629
8323
7133
5965
6579
4499
7511
7515
2446
9081
9597
5643
7
8064
9952
1035
8017
7906
1008
5303
4912
3012
6245
3598
12
4893
4367
9269
1347
9167
7065
2911
6578
148
979
9562
4610
4664
9226
6385
8032
5044
3912
789
9915
1932
5252
8583
9139
8256
7162
7469
7710
8258
7161
447
8276
3737
4082
8224
4397
1369
7638
6877
9045
6525
8294
2450
1669
826
6721
7327
5296
7369
4064
3514
8543
6609
9057
4311
5035
1846
505
1716
4101
6394
9217
9069
5973
9056
5453
1624
9851
3578
2715
1504
1530
3677
6431
8649
8911
7345
9322
2564
8814
5000
1383
3077
5561
7572
7896
2039
8184
5091
710
3049
2074
5105
6024
4511
7105
5084
2692
5385
8959
5869
3257
9110
8099
7466
4952
4654
5189
1144
8654
1761
580
7274
363
2912
9276
1672
1322
5189
8942
5710
2188
7996
3040
1087
2589
3162
9523
9385
9657
7706
2156
7284
4418
2904
6011
7275
9958
9759
4536
5897
4095
2253
5052
3878
4663
1343
1364
90
8042
2789
8561
6494
1810
1476
2818
4844
5670
5688
337
5666
3773
272
4949
2626
7282
3168
581
9484
6479
4921
9693
1318
8126
5422
9657
9057
9034
5474
3542
7428
6783
9271
8192
7974
7343
9185
8463
8133
128
8557
8118
3296
9935
7905
6569
9529
1666
2387
1425
2403
2487
9219
2523
5621
5749
8747
7830
2833
6570
2291
9063
7633
3491
7864
4006
6886
7677
3172
2674
6923
962
6496
3434
2526
7569
8720
4274
4654
6833
7306
8643
8940
8520
8113
61
7314
7800
6244
1503
8411
9234
8251
1628
3008
7807
832
875
9501
3175
9557
8539
3033
5196
5270
9506
5108
8652
4152
28
4941
1772
8608
46
9654
1526
5970
6317
8617
8603
5230
9018
5417
7507
6080
3392
1890
3019
2504
3092
3656
8321
5490
9097
6453
6622
479
6692
6841
8263
2944
2904
2884
3200
2369
5383
923
3441
7292
7565
4253
957
9504
88
8470
5444
7251
7859
8936
2950
3298
3759
4282
5462
6747
6210
6024
4259
2055
2796
6407
4622
3970
4251
4250
5971
4414
3370
3110
4247
1150
623
416
5155
1222
1774
7326
6431
9711
3819
3051
4004
1025
8371
9168
4264
9319
2847
5798
7111
1487
1563
528
3910
9967
8867
7769
7990
4844
3309
5577
9891
8657
7911
55
6675
5142
940
9245
8303
7367
8557
4451
6378
1502
2470
6353
4335
8058
6854
2386
1340
5199
8920
6984
4640
902
3376
333
2116
840
4061
8368
9194
1528
7187
563
7244
7606
3370
3090
7253
9795
3283
3617
4022
5017
9621
9673
568
6957
8946
5194
3535
7199
201
2611
568
3425
9106
9118
6621
4190
5403
6413
8060
40
1330
8557
2992
5748
5820
3605
281
6321
3404
1317
5456
364
9601
7892
5069
9280
6847
8084
6015
1663
9089
7499
9306
2921
3843
1910
2581
4435
5983
1318
1873
897
2590
5671
5977
7586
3209
4369
5246
7304
4685
4219
7039
6475
79
1219
669
4224
5641
3365
887
742
6396
9958
7606
6583
817
6236
2898
8961
5830
4945
3217
4604
9218
811
3799
3629
1492
6958
1097
5805
7367
1289
910
7487
1377
3682
7429
4191
4912
4540
4400
1694
2698
2518
7795
4659
5736
7913
8817
4611
7550
12
6121
2049
5441
8703
4550
6952
6803
2246
7418
4468
4034
3807
1069
1511
5420
8650
3210
7649
4701
8455
2932
6791
1105
8116
4160
4970
9198
7321
4706
1430
4527
5192
5159
5508
7004
2298
2870
2084
2460
2951
5929
1974
7089
6340
8660
9414
8892
51
40
4394
6894
5509
159
725
7283
693
5990
9089
7551
7
3096
6355
5238
1831
6697
7712
255
9900
7120
6392
727
8106
6757
8985
2453
4089
9565
8231
113
4608
8210
543
5013
6736
7843
9053
3757
3402
4730
4277
5197
15
1102
8285
9188
2405
268
6772
2632
8122
1377
6193
1151
9776
5889
7222
7184
1406
6164
2872
3784
8477
7882
248
4376
1939
4718
165
9718
971
3415
2472
4055
4785
4350
4766
4798
6577
3367
1287
2504
7715
6092
9507
7466
9173
2224
3145
262
8381
9973
1949
1260
1107
1190
3677
9903
6098
1355
6864
216
4642
3357
384
455
7973
6198
4344
7729
1404
8122
6474
3357
7494
4417
3423
9181
7227
4276
2855
2920
8757
338
5647
4090
6434
1849
9600
5400
5855
4023
3815
6112
1634
9988
6611
2601
4980
324
2431
4967
7605
1663
6177
3506
9880
7473
4494
7679
328
6236
5636
2834
5430
4264
8632
1127
5020
5908
324
9732
6668
4502
2829
641
4637
8077
503
5369
6080
5143
4782
1208
4904
2983
5212
8826
8173
3665
7338
7226
3436
3002
5279
1359
4789
4630
2348
5749
7490
420
4582
2677
3711
5715
6279
3872
9997
8265
5308
5240
4431
4513
5142
7621
7171
1639
6420
2332
1992
2840
4718
5731
6741
9152
5610
9646
3391
813
405
6152
3743
6512
2200
3887
760
8446
6304
9635
5825
6522
2839
3357
6664
9270
6436
625
4906
2648
3184
7145
329
4520
2407
348
1636
5140
6000
7961
4390
2782
850
8093
7605
4085
5525
9030
2336
6086
5406
3880
6762
125
9607
9116
4598
7035
9050
6398
857
5153
1394
7622
7085
1288
107
5228
1535
8314
1630
9077
2033
1356
8177
2766
1591
5583
557
9229
760
4568
5791
5417
108
9810
3695
4518
6139
7521
6567
5611
7311
1837
5610
3494
4965
1699
3490
9159
8759
2767
580
3204
4775
6181
5817
8671
1696
8773
8016
4827
5225
8003
2811
3811
2671
7148
8293
300
3991
1655
3514
9089
9426
2671
8588
7145
3037
9212
4156
7880
8662
9821
3195
4474
1435
4792
6245
6644
1364
6096
9901
8078
1983
8330
6184
5450
9668
7900
9574
9230
2575
9869
5242
9504
16
2488
5476
676
1827
2307
8930
3807
5817
7422
794
6646
4400
4651
4464
5865
8015
5854
2196
9927
855
1282
5390
4036
2384
5617
7597
823
5258
1249
5109
7680
5679
6795
4616
7843
8014
2425
4249
5178
1171
8977
962
4864
5809
8681
2352
2728
7787
2546
1126
8284
2778
3939
703
3256
3160
8045
7196
2837
602
5211
6500
726
9857
8916
9888
2564
7882
4865
4394
7062
631
9592
8038
5003
7788
6649
9932
4872
3606
1498
9020
2854
9120
2518
5703
111
7842
6231
330
3840
5776
1046
7877
7079
3943
715
2143
3792
5268
2617
5683
4875
3029
5276
688
3202
7197
2728
9970
7896
4344
4829
5217
6970
5526
1754
9485
6428
2910
2067
4223
7894
128
1374
232
468
2522
1778
1081
6116
5655
6795
670
6401
4133
4575
1402
6536
9093
1250
2702
7908
2538
3560
671
3184
3880
8692
249
4663
5287
4235
8096
4559
6295
262
1412
715
9280
7547
2791
8466
2936
3391
8002
7761
5427
3976
1491
4036
3107
6022
6537
2209
9925
8402
439
6445
2454
7886
2341
854
3494
5086
8319
7948
1560
601
8114
6862
7831
393
1721
651
3547
108
7451
1695
4576
6466
7339
644
1766
682
6664
8201
5646
5379
297
1966
5257
4828
7211
2437
9097
1453
5852
5433
701
6594
305
7680
852
310
4410
5055
3148
2261
2883
5806
19
3832
4174
7506
2799
2136
3320
6060
5448
1690
1686
9852
7466
5421
9573
1815
6473
2126
4075
4734
3585
6999
586
9085
8501
7703
9247
8448
7439
4464
5800
4622
3841
440
4665
7785
9028
815
8923
4340
1413
7849
9673
2427
1296
9601
6303
7691
8361
2631
9751
3346
3438
4763
2029
5401
2968
7724
7607
6880
6993
7991
677
5923
1682
1958
1799
2440
4250
1731
1921
7868
547
3111
7971
8958
5577
6934
4920
4762
3927
5416
4248
5651
4055
2897
5546
5627
3723
9863
6720
9827
6031
5308
1608
9270
6237
94
2799
2556
4817
9242
6685
2436
3385
9536
8060
2031
857
6793
4924
4765
2910
685
317
4779
7553
4696
5460
612
7254
4186
5217
9102
887
5357
7191
5533
220
6776
1585
9259
5673
2156
2525
3692
3907
6245
6917
7783
752
8289
918
6522
2096
5909
6943
9531
7467
3138
7096
993
378
6553
8272
5643
4384
5011
2771
6306
5731
5333
2569
441
7678
776
3508
9809
6656
1511
5567
1306
2926
1350
7358
10
