5143
5932
4658
1380
747
4654
790
2074
2782
3068
5218
2283
2579
2406
5151
3344
3057
1680
3652
5511
4408
3067
3635
3480
4157
2398
615
4502
2767
719
3358
2850
593
2246
5825
5583
430
402
2469
1496
5557
1778
2239
3986
751
5766
2650
312
3687
1259
1985
2970
2067
2996
51
951
3492
1259
284
4606
1247
4349
474
4353
3479
3052
1847
4437
3662
3473
3761
5187
5071
3267
1146
2180
610
4469
5232
2537
4437
725
2564
843
3679
187
987
832
3923
4852
957
5943
4613
668
3587
271
969
770
2618
4427
114
777
2156
5811
1988
1356
2786
3436
4694
1249
2878
5843
259
5483
2866
5664
4397
1300
2540
5749
4388
3334
4259
401
2893
5702
2415
4570
3381
3257
2969
5812
4538
3487
2502
2869
4536
2985
4923
5389
1627
5973
2760
4739
5009
3029
5843
1154
3610
2428
2302
3435
4822
2087
3389
4986
5092
619
1287
2005
1088
1901
1631
1217
2514
5212
2400
2170
502
2133
5311
5380
3009
4029
2959
3115
1267
2431
3544
3808
3722
3881
2671
1924
5846
3603
1910
2860
1602
2919
2981
293
1243
5185
2813
5040
5255
3344
3487
3292
5168
913
2618
3176
593
5087
688
70
4305
4879
784
924
2594
622
4575
3851
1401
5185
2367
1193
4747
5177
1117
671
4873
2956
1719
1844
5357
1189
1793
2986
2799
4193
2129
106
2401
3842
2854
2196
2800
684
5341
850
1255
1390
3583
301
2361
1713
5494
3756
5002
3170
3492
2550
5557
4628
1746
3362
3333
2617
4240
1638
3838
3923
3810
460
5178
4722
5170
5814
4912
1560
54
1840
5302
5734
3807
3127
3482
2819
907
2162
2449
5750
5107
1577
173
4724
3888
4426
4978
5020
2916
1184
396
5439
1352
4894
3991
5802
739
3248
3353
1620
2994
910
4368
4027
3677
2189
4112
4551
3711
5496
1530
208
2186
5752
3128
5181
237
1928
532
1713
1558
3122
1669
3744
1238
5088
1571
1838
5514
4975
3254
3202
952
307
4402
3616
732
4578
4915
5854
353
4091
2803
2236
3003
1081
2701
3554
2954
4613
4037
5382
5166
1331
1951
2894
447
396
1373
3330
4796
5239
5866
2837
164
5495
4655
5421
2620
2252
506
3413
4509
2888
5925
2706
4043
930
4120
5040
5250
5693
201
165
168
1238
545
2417
4758
5894
5599
3289
1834
4301
1434
1948
5200
2450
5792
671
1454
5542
5228
1022
2649
1139
3287
5271
1895
3302
5964
2624
4384
4141
4825
5198
5954
3880
2698
2519
2834
613
4142
2913
2592
4505
5643
4997
1972
811
2812
4729
2962
1950
5718
1742
1860
2019
412
3248
4240
1358
2532
1413
2024
3386
5330
188
241
1409
4073
2327
5575
2931
4263
2731
1261
5410
907
4278
5183
1885
5589
1967
3402
478
4285
408
2588
3581
4069
2287
2522
1527
671
1720
2530
1126
493
2046
5483
3512
3378
3692
3602
542
375
5857
5766
4792
480
4319
153
4755
4260
1008
5005
2096
1807
1848
2954
5777
553
4699
1707
4612
921
501
4052
260
403
2407
1302
1658
5877
1283
4223
3804
4727
3661
500
2711
3407
1021
2668
5863
331
5549
5116
1746
630
3668
4273
3558
1716
1755
5640
3395
956
1929
2589
2814
249
4495
506
520
322
940
710
2598
81
631
468
5721
1181
247
1022
1461
4677
3680
1159
3615
1366
1259
3969
665
2630
5279
4163
1463
4698
2993
5850
5551
2271
4589
5004
3679
4823
3429
5027
4989
831
3472
1106
1261
3941
918
2577
5072
1676
4900
326
806
3714
4542
1841
5000
2201
4442
5592
2733
1578
5150
2805
3098
4207
1980
4815
4476
1464
5881
5620
4450
722
3293
1540
1030
4054
3201
4124
1451
883
4669
2396
5311
597
2119
1253
4487
4908
589
5968
5401
4551
3739
4900
1771
301
5458
2128
4681
57
4938
1245
5141
412
2151
777
5789
3203
4870
1945
4733
4091
2493
283
382
457
4267
1556
520
4491
1379
620
5292
5191
5080
2519
5402
29
1174
1499
2744
548
1273
3287
214
2307
2041
1405
2533
2681
408
2173
2329
5116
4876
4558
5296
3066
1551
1971
2464
877
2197
490
3349
3753
4374
2071
3010
2625
2071
2034
2049
4751
3362
1162
887
1861
3112
1156
4856
160
4236
4599
4761
3427
2071
5190
1423
486
825
5769
1806
186
3074
4949
2021
2346
5717
4349
1453
457
1568
2489
4287
4546
5819
4033
506
1217
2412
2926
791
3057
249
3900
3970
2057
3600
5068
5088
3454
119
4237
4682
5226
1698
5454
2589
3832
4302
2291
4245
1912
5312
3107
1736
1121
3825
4199
842
4023
2683
5863
1227
2486
4679
2493
1281
2163
5758
3522
3332
5273
4434
2612
1883
5594
2977
4605
3330
2122
223
4457
772
892
2746
4425
2995
4183
4926
1889
3653
1808
2899
5093
4176
5827
5803
2960
4671
5460
5136
1792
72
3357
3396
3976
2625
5722
476
2837
2222
1660
2600
4328
1106
2633
3427
3276
4429
2316
1003
3401
1730
622
1056
4889
2177
2247
2860
4818
148
2452
3084
4042
629
2239
5409
1853
2373
3912
75
4952
1696
2126
4284
2651
4716
2073
5113
645
3826
3192
1327
4390
4896
4060
4784
4087
2317
892
3844
2323
1088
1607
4494
4122
101
437
510
4736
4368
833
4056
302
4378
5844
5517
1451
1561
5745
5824
4937
5927
1239
5466
550
5188
755
1893
2562
1426
4060
2248
816
3654
5561
4218
790
1691
3907
1732
3458
735
2174
3331
3636
4656
5628
3709
2510
2952
1606
4521
3282
1700
423
666
5869
5542
2209
1689
5072
4585
1755
986
2818
515
3546
5368
3922
1431
4001
5285
455
472
97
2651
3761
3911
4755
1931
199
4573
4518
2983
5978
502
4638
4911
2187
1072
665
2974
345
247
4011
5004
2829
1236
1021
4033
3866
2999
583
2802
31
501
488
3576
4331
2956
5103
5665
3410
5949
312
5419
5301
2117
3824
2402
5188
2872
862
2872
934
3116
2385
5260
1178
4740
1146
3031
2627
2346
888
1449
457
5491
266
3738
3089
1474
1286
3092
269
132
1476
809
4977
65
769
1920
2852
4577
4402
5105
958
4463
1126
916
2870
1854
2168
4825
5388
1820
5958
807
3838
1974
1635
1028
5677
3243
4497
1175
2745
3323
1942
4838
5218
1478
1508
2462
3767
1525
3882
1572
4517
4686
3944
4582
2065
4750
5970
2119
1482
1467
2158
2644
5260
4065
5745
760
4145
1425
1656
2837
754
5884
3426
1583
1586
3175
74
1678
1318
2679
55
2823
487
1948
2110
58
5010
5224
3769
4240
2281
1253
4172
1526
452
5920
175
195
1216
1941
1694
5942
1702
5901
5124
5753
5519
5824
4914
5387
3322
5
5659
3324
4461
712
3123
1597
4988
1201
1960
6000
2010
5726
1429
2912
4404
3477
927
4749
5767
1449
2601
4672
2123
4437
4549
587
5295
1460
4437
3647
5316
4151
2468
1605
4396
3735
4152
5643
1970
4506
5091
5396
2340
5218
3109
1408
527
4258
5230
1895
1097
1097
3244
4539
1440
5838
1598
3372
2159
5095
3119
265
3596
5808
2614
3773
1478
4894
4240
5393
2873
3519
4090
223
2551
4601
5286
5768
4303
3483
3800
4086
907
3041
2214
5897
716
2786
677
5865
4043
3503
395
5177
2102
344
5425
4119
995
1097
5173
3884
5361
1873
5723
3342
5382
4411
3429
3443
1636
5121
266
713
1854
5574
2911
3970
1638
1038
1868
2398
3617
4937
1246
4749
1243
5983
3735
3967
3519
1215
4854
1461
330
4333
2266
342
27
5349
2443
4421
189
3740
3442
3799
5152
3203
4133
5760
754
5226
4555
3568
2891
1484
4885
3979
4499
2004
2851
3496
5605
2476
4200
2535
362
3993
1264
1115
278
787
3966
5965
4523
1775
884
1922
5209
5474
4825
4448
3861
1678
4197
1972
3466
1741
51
4393
4557
141
317
332
1616
2989
2519
3784
5802
882
435
211
124
2858
4628
4925
3869
3130
1036
2930
3150
3818
3778
4712
5966
5876
1476
5708
4695
3064
3798
187
4116
3274
3330
425
1375
1680
1679
3158
694
5236
4808
4385
2280
1620
5519
5477
4033
766
1185
5867
5284
4357
5825
2823
1107
4285
735
2785
3575
5457
3055
1378
4328
3288
609
3083
5277
2870
4599
4926
3390
416
606
5544
4996
397
526
5160
680
4719
137
2586
220
652
2670
468
3091
4878
5667
4468
3556
303
1000
4968
324
791
4180
3919
2366
3784
3612
4924
803
1239
452
2678
4159
1391
3670
2150
1268
2751
5886
896
5251
4125
2309
936
1208
2849
5964
1506
3889
2199
1595
560
848
2707
2381
4803
1267
3707
3197
1380
4824
524
4206
5905
286
385
1861
5176
1757
730
2950
198
3894
5824
1255
1375
2727
1528
3913
3156
5090
3753
1545
3984
1747
3903
5108
3954
3407
2789
2210
192
4871
3085
3130
2036
3471
5630
3144
4643
2934
4283
5828
354
563
3948
3680
338
4195
2805
4548
900
3315
2392
4933
589
2350
1601
876
1537
5744
4613
5520
3347
4487
3258
4186
355
1695
4636
4513
5279
2791
2848
5372
3208
4239
5862
4785
1798
4021
450
1656
1221
4969
968
5595
5735
1061
693
4567
1253
3433
4751
2451
469
1072
18
2867
3904
5992
1601
1557
5671
3436
225
5453
3132
1027
4502
1124
530
1546
3959
4962
820
574
3963
915
3526
3901
1498
2804
368
4896
5737
5243
4789
2089
4195
5698
3305
3066
2780
5450
1929
4123
1253
1731
803
1214
5310
4319
4359
5108
3051
4062
4109
2906
4929
2679
5960
4567
5240
1989
825
5835
4542
2710
5917
4552
3398
343
525
548
989
2436
369
3995
3826
4202
4720
4058
2535
80
1445
5034
4538
4657
2980
2764
2593
1833
153
2743
540
1718
5402
298
1704
1373
3420
1633
4392
2707
5948
1368
2489
3555
3904
4774
5958
4830
1931
4150
679
1827
1123
2633
5424
5488
1060
1760
5087
5874
2287
1524
3169
956
3147
5170
4144
701
3955
4849
3269
5218
1269
1690
5224
841
1998
5221
5884
4113
2627
1521
847
1043
5536
2393
810
2883
1770
3208
3390
4782
558
3613
1798
2601
5483
2078
2165
511
2201
4734
1586
1670
3985
246
977
2447
3852
3543
1027
365
5177
1772
4945
2205
5546
1608
5817
568
2970
4377
2707
4207
1375
898
811
2688
4460
27
767
1257
2618
5832
3532
2352
101
2978
4639
2796
1624
1595
4412
5034
2077
1156
739
5688
1649
322
1218
2967
4760
5126
3584
2529
950
1885
1898
5794
1047
3198
1971
5824
1014
289
4299
5174
823
1666
1802
946
2682
525
5473
733
3489
644
3971
279
4837
5554
5368
4083
5044
2192
5696
5197
255
3809
5121
4782
5699
1065
4686
3927
2881
2188
2246
5110
4357
473
2621
3981
553
5757
1257
5142
2422
574
3484
5162
483
2571
2969
5721
3159
4427
4884
2514
5513
645
3223
1162
2476
5226
5948
5802
4384
5031
1236
5099
2397
4834
1227
3629
4658
1353
1673
2685
5449
1906
5067
4420
5678
4575
4899
271
2129
5830
3467
528
2241
3914
5618
4092
4727
227
2592
1918
5172
4948
4788
5719
1367
3011
4833
481
3652
5668
4437
40
1611
2138
4151
1530
3380
2299
286
4297
1589
4009
3469
452
738
5376
4040
324
3859
4466
1100
1164
3288
3240
1351
1890
999
1373
5976
2105
3304
462
2025
4515
454
2841
2095
3885
3893
2501
5016
1295
4806
5966
1155
1829
716
4630
3684
1627
2006
4619
5200
3169
4781
4817
2041
5681
382
798
411
4060
995
1621
3258
463
2408
3654
3414
3273
321
5884
5696
819
5165
4839
1953
1537
5730
4558
3148
1542
4055
1810
5830
4789
3496
1133
2927
5708
409
3469
93
264
5151
469
2821
895
2479
3368
4179
2317
730
5792
2603
1939
4465
5857
83
3475
3351
2394
5386
73
3431
4137
4253
2980
1594
464
2383
5729
3233
3015
3379
222
591
5783
4073
1719
4303
5026
428
967
4623
4128
5390
2543
2160
4452
2512
2758
1762
836
3792
1753
4308
3992
2192
5295
1709
4910
3028
4131
1373
1114
1313
2131
1942
5561
272
4875
4602
738
1890
5411
1703
1985
5859
4250
5364
1834
3336
3794
495
2380
1204
1925
2086
3661
287
1182
4991
3193
2440
185
5499
5653
5767
1163
1124
3715
343
3074
963
3027
5628
4480
4622
2210
4002
4214
5244
4130
1694
4761
684
3458
668
5072
1912
1694
5751
507
1755
3278
216
620
244
4280
786
4248
1225
2119
3007
1659
2612
5002
2902
3908
2255
5957
4062
46
2997
1185
2189
5121
5461
318
4395
1082
5332
1895
1921
5485
5361
1373
400
1423
4394
4549
1637
5662
90
2916
3700
3634
4227
2308
1749
3516
3712
2234
1283
3676
1175
2575
5301
5088
4239
523
5283
1878
101
4260
2645
2334
2214
3656
4042
2288
300
348
2461
2780
5394
2694
5290
4330
3972
2079
3554
917
88
2405
5451
1640
1986
1913
1399
530
2855
2552
2045
953
401
1338
5673
936
3194
2527
4377
617
4072
5317
1665
5866
1582
1321
2954
4695
1023
5469
4721
2560
5262
3719
2904
3184
1051
3131
236
4104
4111
1238
2915
2892
74
5949
2711
2169
1912
4349
4566
3143
1648
3763
4854
2141
3191
281
1206
1500
1845
3200
1354
2795
644
3215
3434
337
308
1982
3523
3818
2174
2951
782
4219
3762
4811
5196
5756
413
2283
4609
586
2822
4572
5033
694
1080
3747
1210
5709
1190
2913
1636
2777
1110
2706
5197
3207
5419
578
3238
1828
5514
96
2345
2096
4090
2973
5568
2815
5272
3260
5452
4012
5583
1237
3529
283
3334
5261
1745
469
2115
1667
823
2891
1378
3935
5444
1111
866
5968
895
568
3209
3829
877
5961
4939
1867
5025
5971
3321
3698
1734
3005
859
5736
5423
1478
140
1405
2385
1256
5002
200
4436
2402
2407
1206
2814
3841
4509
1419
3406
327
620
1688
1745
1721
3143
3896
1110
3256
2640
3987
5092
4668
3045
1806
2009
539
3486
3477
526
3793
3454
2796
4099
3338
3309
946
2511
1243
2833
5440
2143
4760
2425
1511
5458
1467
3543
5217
4673
5454
3241
4635
3594
1033
1960
1438
5716
5697
2072
2220
3788
764
1681
289
4528
5592
1371
2103
1086
5070
3362
3049
2788
3573
5827
5941
2539
812
430
3295
3992
2932
2237
5566
3175
2810
4466
718
2137
5886
1840
4191
4802
3723
5705
319
5159
2292
4842
1705
847
1856
1184
5877
2067
1899
3950
5806
2625
3712
2629
87
745
2866
2837
972
2301
1981
3584
764
2783
3341
1502
3993
1478
1602
3540
1163
2492
5177
5270
4934
530
5580
2068
2086
5603
3123
1216
2671
5640
1952
2476
401
1149
2569
2151
5919
4939
1628
1781
4427
5284
3874
4304
8
1113
3336
2931
19
2089
2717
3754
3043
2064
4261
5472
3728
2967
3536
405
1658
4923
2048
3945
1979
5687
3786
2733
2472
4616
5884
3356
3817
640
3038
4661
5792
1644
5451
537
5515
3848
444
751
5416
2944
4567
2862
3780
2191
3175
4798
3873
2894
807
337
92
3482
2892
5833
1833
4204
1668
18
825
5564
750
568
3435
5544
4055
5523
3677
3150
1448
2297
5421
17
4170
3338
656
867
1615
5034
1118
4973
3082
3852
698
1960
607
840
3985
4017
4056
3811
3657
2545
3647
5333
1382
4218
4673
5011
4125
3404
1898
973
5321
5009
2735
3179
5664
698
2653
2433
1589
4088
3901
353
5453
1197
356
4486
4818
3084
1044
5046
3562
369
3354
510
491
4712
166
715
2803
4705
3722
5751
2276
1527
3807
5876
827
3253
4574
1075
3751
5520
1253
774
1667
2637
3635
1606
4750
4138
1752
2364
837
4136
846
4712
1543
5842
4479
3205
5783
5822
2970
3736
5670
2895
971
786
4248
2031
2049
754
3978
1903
5088
2686
4712
5517
2278
5390
4013
4893
1063
2308
912
2487
4491
4166
3210
5478
1424
4183
1567
2946
3255
2773
2378
5387
3955
4362
4994
5559
1207
5954
811
2719
4600
635
1359
5146
4916
3648
4665
1305
1413
3402
3833
4491
5313
3989
1834
2576
4193
4204
267
2813
3146
5443
914
835
1540
4365
1110
4393
3903
372
3225
5047
4882
5723
977
2832
707
5850
4836
1322
3200
2676
293
2209
5362
5419
2694
2482
3058
3892
2654
1618
2107
2045
5663
3706
2559
2082
2714
2492
245
2938
5658
573
405
3135
3822
2736
3673
5529
4344
2585
5912
5415
5931
1482
4334
1056
3823
4793
2121
4057
5065
1845
4214
2594
432
4261
2783
4787
5351
5578
3848
1920
3574
173
4533
348
3087
727
4207
2875
1838
4952
698
3658
601
260
2944
3772
3120
4988
4428
4950
3390
4652
5434
960
1459
4167
3384
5529
5217
1061
2
816
3112
1256
2316
1237
3722
492
1255
4500
1026
4521
4822
344
4499
2365
2002
4767
202
429
1903
1686
4454
3345
1386
4461
2824
4246
5021
4417
2148
1263
5815
1531
2644
194
2036
3381
2818
1463
5140
335
3783
922
3974
410
625
4777
2974
2144
4511
165
2939
3436
5500
2452
679
1707
783
5394
4132
1166
5622
4892
1639
3539
2178
5699
913
3341
1548
3809
2792
5877
3094
738
4640
5770
2568
1115
910
3386
5257
5308
4138
5789
5980
4451
995
4858
3129
4249
1952
4113
1820
3817
4581
4956
2669
233
1027
1715
1345
3002
67
3427
3875
2711
1113
1367
4542
2946
4058
2089
5996
3823
5797
2174
4027
5326
2553
2000
475
5921
4218
5400
2469
1089
0
3414
2561
3363
132
5192
2558
4326
5668
2647
2428
2758
1920
5301
1774
136
1009
339
3464
2770
167
2413
980
2269
283
5555
4798
4804
604
4371
157
624
1918
605
1618
4208
457
26
5526
3796
1911
2668
247
708
3525
3991
5834
1821
2378
149
1213
1866
1251
2407
1565
1117
1182
2424
2124
5939
3644
4534
4063
5383
193
5773
3425
4071
354
93
2809
1155
3134
4484
2724
1067
1018
1156
4654
2558
2628
129
1703
3285
1601
1836
2493
802
5124
583
4808
600
2472
3265
592
1651
193
1287
2600
5726
805
5560
2021
2268
3696
1110
669
502
5416
4475
1737
1583
4737
4147
287
3334
2705
4342
977
4918
2334
1295
3018
4258
5711
3891
599
1263
2446
4255
3266
5671
596
3344
1306
5884
4542
1360
3995
418
5124
3448
3207
4269
2842
1549
2664
2397
1543
5258
4904
3803
871
470
2747
2643
3796
2038
638
4001
5192
4625
4797
5187
325
2340
1707
4618
2419
5596
3693
946
4516
1528
4010
349
4508
1364
4798
4856
811
5112
608
3590
4277
5771
2169
1696
4031
2611
2361
2772
3914
1766
5439
1857
1682
2690
1087
4689
1493
1193
5085
5501
5301
5688
2681
3851
921
424
3264
2596
6000
714
234
5355
181
2678
5003
3193
1472
3018
5266
1621
2438
5140
4173
1022
1899
5591
4744
1646
218
4392
2014
5104
109
593
1783
2396
1095
1383
4843
5911
3851
5570
4288
4991
941
2195
5953
1883
3968
4503
1356
5501
3875
729
3154
4643
2615
1393
3337
4928
4749
247
1889
2339
3202
3230
375
1898
671
2328
3584
2849
4902
927
2207
1775
1438
3305
602
311
4839
5746
5070
2193
849
3003
930
4337
5896
5206
3594
4604
1976
4778
3948
1236
1028
833
4281
3640
4596
24
2452
3980
5896
748
1238
4603
933
2183
244
2942
2672
2473
2758
3604
919
2471
4343
1531
4034
1909
2808
4501
4924
2107
3977
116
2232
2743
2498
3202
2504
5259
2036
4867
3262
963
2806
1717
820
2817
3515
3702
5276
1969
878
2178
2125
44
4910
1544
1060
2467
230
4847
4382
5458
3652
2118
769
1195
1591
5313
5279
5919
856
1412
1170
1076
5512
5914
924
4653
649
3562
2535
56
4938
4392
4453
4070
4295
1355
2169
696
1778
1991
5769
3134
2333
2683
4297
117
1292
5020
3398
1293
3753
3468
739
5016
4841
1281
3692
209
4019
3899
3031
3348
3463
2197
3631
961
4617
3666
2663
3771
1809
2113
890
1635
5580
1604
5851
2341
160
435
3383
2353
4518
5077
4979
3110
381
1758
5661
5369
4717
3978
5633
5548
2320
1267
4786
2554
602
854
4949
354
574
2758
3114
4893
4687
5764
541
953
3070
5417
5176
1548
1537
781
3280
965
139
2682
4910
5950
892
867
1896
3144
3114
2512
4071
3789
2639
5585
1681
4557
365
4173
73
1900
3911
5277
2151
4782
532
1682
5081
5190
3178
5210
5119
5060
1475
2225
163
3702
4915
5523
3102
1592
5213
2834
4023
5725
2173
5556
5377
1482
366
478
1689
5021
800
5830
4641
1514
1204
3157
902
2823
4270
4751
382
2661
4862
3612
2632
1501
2045
5981
1764
4015
4370
799
5164
1827
912
2566
3796
5445
4589
257
4819
3145
1650
2920
2356
773
4430
3945
4907
470
89
358
2357
3390
5136
3213
4552
4939
2296
5780
3119
18
553
983
3895
5804
3957
1439
3311
5621
2826
1217
2954
2609
1695
4271
4296
5204
1494
3078
286
3555
2571
2556
5831
4662
1968
2133
1639
2124
4225
3769
4080
1685
546
4965
154
4134
3823
1719
4289
4032
3970
3408
3159
5248
2849
693
2331
5404
1551
1831
4514
301
4780
5640
2008
2177
3159
1907
959
498
5345
3050
2460
559
3966
4929
3112
3512
3618
4630
3496
5839
3772
83
5565
662
2777
645
1833
2066
1060
932
5165
4640
3951
2839
152
409
2750
4878
4643
5207
4583
4407
3217
4367
2175
4835
5754
3492
3615
3672
3321
2970
1052
4470
5058
4673
2605
283
2055
4907
746
130
5444
2625
1247
3908
5141
1396
1884
14
2816
5018
3383
4285
2917
2174
2212
1630
3948
4845
1657
5979
5618
703
4566
4822
5291
5397
5166
1323
3569
697
5740
2044
5811
2201
2768
5162
5529
1362
2502
2437
5374
552
2436
2599
1290
4360
5567
4855
5690
710
2782
1817
5934
1688
5975
1075
1128
36
2126
4605
3631
1079
4903
2864
1462
1151
5272
3451
3982
5303
5811
4312
3855
437
1540
4229
892
4564
253
525
3729
5115
3486
5800
1554
90
1581
5622
5671
2545
1322
5198
1378
2638
2423
3964
2701
3330
2239
5009
2901
2240
1407
4899
3380
828
2335
5726
3809
3164
2857
3650
3753
2165
3933
2399
1606
4494
3064
667
2632
2097
3615
5698
7
29
1604
513
739
1304
4477
1720
2575
757
5938
3689
5612
4175
2859
3110
1821
1397
3868
890
2766
2671
5568
5813
3658
2408
1940
1956
2636
5569
1943
2501
3073
467
1283
2412
3710
3371
4212
3207
1965
1476
3873
3123
3121
1990
4828
5666
3026
5168
1897
5457
3717
830
3660
297
137
1224
5487
236
1950
5694
4725
2767
2002
5405
254
5194
5909
3252
4437
2086
4080
4
3178
2335
625
1623
2572
573
3673
473
2636
374
4328
636
778
5947
5500
291
1226
8
3593
2837
2421
2154
5110
4999
473
5169
739
5179
3190
2789
1011
3120
5718
4479
3625
4688
2422
2421
766
5767
1141
499
4995
4501
4018
5498
4952
4494
4148
2741
3120
3018
3340
5683
73
2772
4057
3507
3052
4715
173
2192
4514
311
5399
5231
3918
993
3787
5083
4819
3876
3923
1365
1461
1583
2409
4241
2952
139
1195
5522
749
1803
2054
716
3646
599
5148
2503
2934
5132
4528
373
2000
619
186
3161
3419
2841
2566
1845
902
3427
2639
3636
1767
1431
3229
1630
5215
5859
3263
3281
4612
1722
1096
1815
852
928
4940
728
1553
3578
976
1010
4534
2188
693
578
5604
788
1299
4974
4968
5710
1477
1511
2011
5394
3225
1430
3292
4991
3822
4255
503
2824
1275
22
4404
4342
3041
2505
5092
308
3199
3302
1854
3756
4225
4918
971
5134
953
2888
230
4078
2017
439
4783
3397
2001
3119
201
4315
1748
483
1423
2676
3494
3055
5077
2246
347
2030
4648
5955
1839
4912
5689
1649
2574
3938
2531
5176
62
1884
653
3855
5537
741
4185
5544
276
3587
4786
1669
2388
5442
4063
3473
3583
1490
1385
2407
723
2989
3276
1980
4427
5560
2470
3186
4574
1941
4183
5076
3248
928
2575
5368
1639
418
2820
5850
5258
1942
4686
3913
2458
2436
5386
4159
2674
1873
70
4826
5207
2270
5360
2512
2553
768
5731
2170
4799
5564
2873
1501
5334
5771
2482
5375
5516
676
3021
1867
1261
640
3648
1771
5084
5025
2236
1505
105
2336
1401
1784
4707
3137
5838
1047
3275
4555
2272
5969
4694
4087
205
1366
4362
3429
648
4868
3332
3233
4575
2409
2805
1675
3141
1021
142
4337
668
1538
919
3628
5333
5113
1568
119
1968
4520
1674
4256
3812
415
5752
2156
5182
64
3879
2036
5912
3935
4596
2372
3272
5558
4432
2567
5038
4272
4298
5267
590
2448
5088
1393
4287
694
3265
2920
3322
325
2345
4692
1940
2802
5760
959
4841
1941
2023
4642
169
5835
2441
1585
1005
1118
2665
2618
4394
4871
5860
323
955
367
3024
4966
5723
2561
2160
5679
3608
473
2869
2243
1544
5706
3092
342
4764
4992
2290
3510
1885
257
809
3224
5651
1721
3754
1281
506
2089
4412
1818
812
186
4639
3591
2564
1750
1814
4993
1355
1032
3208
120
1790
585
4696
623
5958
3757
5050
990
1774
2853
2437
5279
892
2192
498
2885
3887
3724
5326
2160
5138
3400
2296
1232
1731
5601
4302
2612
2167
170
5684
527
730
3637
3286
757
4049
1781
1765
1657
1145
5069
2341
3198
1153
2389
2095
1130
2389
1902
48
1858
3621
4102
528
5865
5489
3590
5560
4111
1416
262
1447
235
5609
3637
216
5246
2078
1674
4969
5950
2695
2665
2202
708
3544
249
2278
3615
2592
1370
8
5564
5327
989
5240
442
5940
261
1787
2223
2714
5399
2953
278
5547
2537
4069
3166
1533
5517
2367
3182
4813
2004
4363
903
2529
921
875
324
1524
2553
418
2201
5966
3848
2793
4006
2501
1776
4679
4402
2239
1931
4560
746
5954
5371
3084
3606
4713
2608
1701
2249
5889
3246
4709
5962
2644
532
4471
4409
752
3571
4589
3184
323
2975
1524
3481
4199
148
1263
3984
1650
1918
1298
1778
907
4399
5430
3114
5027
2176
871
2558
4186
139
590
2787
1432
5903
4488
4916
1388
689
244
2528
2871
4646
5175
253
5634
5000
3018
4259
2772
3994
3550
5587
306
195
84
2115
1858
5446
2183
2758
4386
545
964
3740
4856
5717
1129
4544
2439
1141
4517
1641
1922
1947
3021
54
5232
150
1851
86
3230
1827
861
5196
2137
1824
3074
4256
1286
1610
1016
1351
2245
282
5034
6000
4260
2415
5652
4630
3241
5976
5329
809
4561
1842
1746
1430
65
5667
2726
4897
5039
5847
2008
1567
3874
2678
3393
4092
2156
835
3103
1000
3067
2761
4613
1060
4987
3879
3369
4333
3429
1674
2225
601
3846
4942
3587
3709
5235
271
1663
1617
5679
4665
4927
2317
1221
5717
3421
175
5138
2369
1816
876
1847
3016
367
4315
5508
3875
4919
1961
5423
3705
5054
4512
4693
2643
5716
4837
1839
260
4866
3653
3210
3434
3552
3495
3941
2113
3884
5108
1067
2141
4785
5841
1078
4395
2908
4386
5822
2923
455
4657
435
849
2031
4970
1446
2690
3258
3958
3468
81
4085
5168
4606
66
2743
4889
5695
3466
1449
5658
3920
2463
2569
2915
3898
2310
1730
2956
2321
411
4793
1262
3987
611
3727
2511
866
4272
1859
3836
5852
88
3601
457
1387
4892
1179
5960
1431
4667
4948
313
1451
1964
4622
3983
4644
4629
3691
4353
4655
627
3166
2217
1010
3991
5861
2507
483
2875
2400
102
5399
3263
2888
189
850
452
2841
660
1618
429
2065
5796
3631
3678
5158
5961
1536
2682
3163
4905
3580
1099
2672
5200
1907
730
1479
2432
862
4579
5064
784
168
1422
923
1561
3761
3811
1600
4942
819
3959
810
5947
897
4315
5964
182
3442
2109
5500
240
1303
4279
742
989
5846
833
2043
5402
2111
2640
4861
5867
3158
5193
726
832
894
3367
2553
215
1065
875
3163
2121
1700
5807
4971
2277
5338
4952
2351
2373
5443
1052
2189
1521
328
5002
3291
5352
5259
774
3029
1357
1668
2881
496
4888
2881
4825
4650
1688
653
2757
4240
4902
301
1279
5378
5671
3798
1419
3295
767
5435
3680
1514
5108
4116
1868
815
5383
2087
2552
4769
2730
4498
3743
952
4906
4903
1735
584
3379
4539
2086
3864
586
4385
3595
3555
3731
145
120
1169
723
4605
1973
2102
4764
5008
2976
3104
4512
1668
3478
1631
2846
977
2741
3045
3397
3482
2468
1369
1358
3096
1543
4494
2247
88
5859
4624
806
3673
5066
672
5570
5054
4798
637
2776
3688
1986
642
5385
4123
1077
3487
265
3439
5702
4007
4296
1521
4719
3852
5716
3856
728
5262
282
4754
3934
680
1011
1030
423
4586
727
2134
1414
2478
1751
5228
800
5755
2328
3982
5161
5686
1169
4682
1466
201
2232
1137
4559
949
5502
2187
1146
5491
1734
2767
4879
986
134
5845
2125
4068
1964
4863
4591
4945
3440
2668
305
207
2533
2963
1547
3654
4661
2156
1349
2436
3223
1185
192
3104
1439
587
5069
459
4328
2617
1894
889
5843
5658
1816
3783
3421
2531
4029
2429
5265
3091
1921
4525
3783
724
5853
428
1274
3127
1434
3549
5328
1786
1515
1410
4717
198
1549
4059
5627
5824
2249
1279
215
3509
3021
1331
4845
4717
5476
3511
4171
4474
4403
1275
2016
508
3363
308
3678
619
1256
1418
3393
4959
3427
5436
946
2504
2804
4624
491
699
5788
5836
4888
3460
194
3678
296
927
1613
2107
4377
5597
3030
5685
5055
5701
4103
586
4461
378
2581
2808
2696
5694
4402
3888
5509
4606
912
1533
1452
5733
5659
2379
764
2595
2516
1584
1456
4064
666
1704
2871
3000
3774
176
4953
4475
465
5111
3036
2284
5807
1820
2125
5813
1388
872
637
839
246
4335
1334
4893
4619
2904
2240
2622
5872
4785
2891
3587
4383
4029
541
5259
5782
1326
3100
2065
4820
3254
4556
4123
989
3562
1739
3876
4767
5044
1211
3513
2631
5974
5163
230
3054
2927
5263
2002
2508
3569
3455
899
2787
442
5300
2845
1749
1252
5696
5006
778
620
314
1686
1146
665
5554
214
2014
1516
5583
5488
5439
69
4247
2175
1469
2349
1184
4542
1389
72
843
2526
5458
1833
4880
2353
3634
3296
4260
5867
4906
5099
945
4205
4817
1323
5476
5771
4172
3838
2833
3737
2907
4753
3846
1796
1004
5865
5550
2077
983
978
2678
1714
459
5053
4750
883
3212
2833
1113
1145
3122
494
5546
2616
5232
1922
2486
359
3955
1784
1175
3292
4801
2817
1559
4377
2097
4370
378
5705
2220
2637
3663
354
5170
905
260
146
3494
3984
5006
899
5040
2331
4153
921
2784
1565
5879
2215
1059
404
5959
2583
5798
2420
1051
5116
2133
304
2751
2218
3941
3342
5313
4552
5087
4143
3890
1449
4336
1069
2823
2063
1768
4967
3716
1848
4032
5601
1377
1098
2662
3995
3604
4843
5631
1070
4050
1630
2926
760
499
4577
941
1590
1898
4449
4916
2166
4771
2987
4171
575
86
3912
3709
4057
796
605
3854
187
3294
5930
3901
171
1815
5917
877
608
4405
2561
150
3800
5691
35
5020
2785
3378
5229
2487
2242
3210
1795
5672
4688
1257
5933
395
4414
2061
1994
5319
297
5429
3965
4770
2689
5251
4972
755
4945
449
3860
1301
4494
1440
3862
5350
3577
5209
4063
973
1827
3631
429
2476
4236
4831
2378
4748
1639
3370
2632
2419
1338
4466
5603
1582
5008
1820
892
3665
2812
379
1964
5251
1204
5638
1424
169
5596
1162
4119
5405
1019
2039
1866
89
5110
2528
3461
2762
2622
4040
5977
1003
3461
5954
4952
161
464
1987
4089
2301
2683
5455
5062
5164
963
4631
3555
5387
4656
4001
3899
3689
5706
2951
2359
3352
943
2963
4892
3540
2862
1647
5851
1209
350
646
4483
461
3539
2479
2982
5960
5174
553
741
2370
2440
2494
1188
1723
1298
1521
3877
3440
1635
4901
3004
66
5202
1292
2880
613
5493
5373
2034
361
1736
5685
5519
3357
1485
3501
5303
4023
294
3309
993
4205
3634
3372
2963
29
5549
1751
3833
329
2014
570
3242
1280
5050
810
3502
5530
3006
3391
1554
2602
2619
1954
1518
3015
2837
4492
387
4636
4967
2477
3699
937
150
5595
4780
4312
4530
3128
1642
5375
5589
2126
1709
939
1156
3905
1939
5344
5504
5118
750
5570
790
5058
1207
279
936
5301
5564
460
3650
566
1436
3296
221
194
3090
2315
4221
3861
2444
3685
4146
5289
5073
5666
93
5914
4294
2125
4178
728
2823
1630
225
79
5280
4862
2565
2941
1811
125
3399
4367
2400
5249
1494
5554
1641
384
265
2383
2485
543
2717
5110
3393
388
3200
5790
1998
1984
2172
4067
4044
1430
3839
4992
5016
2743
997
4654
2521
5811
1118
3032
5819
422
1938
3675
974
2630
4613
1180
357
488
5877
5270
3677
1700
3344
4275
86
5667
3423
4913
4391
1453
5337
3307
67
4009
5673
474
4198
5630
3254
2984
4222
303
2976
3730
4724
2059
3135
3778
128
1958
293
804
3048
3198
3865
2473
2638
1481
5265
3800
3212
1355
665
4123
646
3649
351
3710
2411
937
1452
5092
4982
3460
2885
1529
4131
5964
2941
1971
1123
5388
2758
97
1660
3912
4872
5304
529
981
1831
3816
686
887
2095
5275
4316
4219
3593
4982
4994
1723
5283
1555
4202
5303
1184
3586
5767
1195
2321
5152
3479
3534
2847
1837
3842
599
4677
3422
3238
1759
3717
5854
615
2694
2862
1275
3742
439
4260
5118
995
2507
5207
5633
5251
3507
4771
3262
1698
1956
3509
3093
1654
2784
3093
5298
3637
4754
4530
3472
4207
3565
1997
5334
1818
1966
3632
2496
626
3343
5904
2401
5465
2491
4856
413
2151
115
1958
1305
3242
961
3318
1157
5641
2729
4838
591
1794
5432
1215
642
1114
2983
4495
4773
407
5273
1839
1178
5361
1975
4770
3816
682
2288
514
5566
376
4836
1727
5014
2539
2328
5949
4845
5710
2678
2860
4336
2196
5425
2115
3530
258
4276
3534
1425
4479
3632
2169
784
5778
5129
4297
3188
1949
1937
5067
2525
965
2041
1176
5871
2189
5267
5912
1449
3170
2064
3054
5660
1314
69
345
2402
698
4705
4856
125
3054
320
5397
4874
109
5317
4059
931
4534
4970
4703
5585
2867
2325
239
5619
4083
4281
4677
3593
2052
5466
5790
5581
4982
1851
3763
896
3902
4784
66
4615
3428
1171
63
3431
2275
3108
4236
3433
2145
3026
419
2500
3671
5403
2909
5853
5016
4809
1453
1288
3181
936
5992
2510
1028
3948
871
4232
4309
4065
4329
5761
2633
3728
778
3868
4924
4763
1901
1756
2513
4249
2422
5746
4764
5153
1096
899
2095
1469
1083
139
3315
2780
3151
1655
737
2348
1880
1573
1212
1019
2924
5392
88
5050
107
5352
2731
1585
4256
2243
5219
1219
735
1245
1834
4633
4168
5318
4871
1052
2591
1848
3339
3992
1398
4794
4929
4841
5311
1635
10
251
985
5021
531
3870
5632
4295
729
1645
3768
788
5902
5910
2233
5296
5569
3949
3358
4098
2769
3198
1411
421
4450
714
5904
3229
3574
4906
371
318
5297
5065
3684
2208
4847
3936
5298
5721
3234
69
492
5809
5193
271
5866
1278
5136
2686
2130
1505
4326
261
4121
306
5837
2952
4897
403
3689
1147
2148
2775
