3673
2209
5620
252
3008
180
7308
6436
2703
3081
7698
2748
6693
5034
1739
4997
2213
2979
4996
7802
3923
4829
2631
7863
5551
6080
2434
1068
1582
6902
457
5820
730
4561
6465
3439
6556
977
5532
3964
1207
1099
3004
7683
5485
3297
2377
4750
4363
1554
5460
4256
7079
7936
3072
5302
5312
1697
7031
2668
1030
5562
7792
5939
3705
6663
3472
2179
5693
2196
6475
3842
4907
5809
5620
1923
3478
7603
6518
1687
3989
2723
650
2856
3473
7671
2135
2641
3656
2639
4305
3769
2916
1841
6927
6728
7252
5206
340
2882
7622
3136
1934
4930
1011
665
7403
4248
3753
6468
3657
3846
3237
568
3724
5885
77
6478
3808
1994
2610
6138
178
3901
7251
3897
2223
226
7486
4376
4767
7606
5601
4450
661
4193
1541
6097
4717
790
493
7657
7810
4758
173
1695
145
3536
3144
6120
2856
1425
208
689
5115
2996
5151
5600
1940
3533
4609
6994
7173
3625
6297
5623
6923
5491
4198
5469
5732
5514
6024
3988
6505
6405
701
306
7235
865
6065
7253
6914
1679
3249
2115
1482
3563
2105
7618
5929
3023
3694
6648
2040
6023
6832
4919
4304
4355
6470
4540
3218
2955
2831
6437
4436
4695
2385
574
6262
3248
5620
716
4930
5351
7783
4920
5378
4771
6525
4644
1074
5723
4202
2077
2848
3417
3832
4836
4998
303
6387
4954
6427
6181
5104
7430
912
6161
7514
2833
3454
3654
7192
4100
2312
5689
1372
4959
6236
7436
2941
1028
3013
7182
1716
48
6462
3497
6287
7928
5819
462
807
2996
7212
6204
844
6358
3681
4341
3089
5472
7717
7885
4483
1377
2211
397
3744
1293
1071
1055
5350
6218
3216
4189
7382
6035
3869
7325
1949
5310
4700
23
6782
501
5710
3867
4736
7490
7558
1047
5689
6618
3786
1729
4583
6802
772
4050
3859
6187
1251
3062
7283
510
571
5974
702
2888
1666
3213
7652
2354
4810
1672
638
1713
3541
2775
2690
6572
3794
950
601
5600
6725
165
4247
5351
4917
3913
2081
544
1340
6209
3793
827
348
5303
2773
5633
4841
5138
1115
2295
7353
7868
4554
7334
7210
5266
2243
3805
322
1956
2880
7020
2187
7301
4816
6383
4777
887
1636
2285
1264
1774
6680
308
4950
6256
7028
5205
6914
2071
5935
269
3140
4232
7264
6967
396
839
5502
2153
7661
416
7036
5858
4965
2333
7020
4600
2698
5688
5596
5548
1689
657
5987
617
6931
4276
5991
7174
878
7181
729
7395
6546
3085
4381
5959
6193
6236
7052
2126
3771
4928
4050
4446
2720
6939
5232
3325
274
4408
4198
7671
4073
1797
7259
7741
96
6949
6499
34
7322
6645
7193
4761
1070
3223
5163
7242
2798
3366
7863
4069
2048
4069
3254
208
3130
249
6528
7679
1520
2426
4942
753
6300
2204
5660
2514
961
6635
7652
5687
4222
3490
1892
2821
5208
1125
6459
6796
6403
2117
7171
2590
4444
6059
4219
4724
489
2439
2380
5950
5160
3724
2115
7153
5638
81
415
2835
2836
5810
4333
1450
7172
1344
6109
4593
743
2864
4345
6209
3845
5528
314
3272
5203
4925
4422
4837
1709
7323
3408
6709
1608
2976
2239
6247
4700
7479
6670
3512
6617
2798
4276
119
1866
4232
275
7812
2869
4060
5524
5560
4962
2503
5835
886
3477
5397
6308
2237
6412
5228
1963
5218
6037
895
2022
7963
7943
939
1193
4719
87
2286
5747
5303
5430
6529
5321
4898
3323
2569
7419
3462
7985
6796
3886
1111
5041
4037
5893
3374
3510
193
1920
7084
1611
408
1790
3778
2214
4663
2539
3722
5773
1210
64
4437
2877
4589
382
5110
3200
7299
958
3311
4666
6058
2861
6517
5612
6151
4768
6397
1643
1634
4510
2826
4036
4018
7823
839
7177
2235
1081
5564
5836
3568
1046
4221
2946
3278
6357
1668
4946
1395
6232
4488
4642
5158
732
7649
4184
6359
2852
218
6971
1055
480
4246
1637
3966
3041
7763
3226
7798
1605
4575
1468
1998
4897
563
716
5004
2035
1769
6767
4789
939
2937
3922
7873
6682
6271
3265
5008
7810
2200
3766
5530
2803
1568
204
3666
3994
4172
7211
3717
2404
512
2245
3217
3480
6337
4412
4393
5712
2143
5994
3908
4424
679
1690
3134
7266
3584
2254
2409
7830
6781
5024
3042
4103
4573
2558
2950
5718
7659
3282
7660
4489
3298
4027
4947
5723
2235
7595
3003
2824
4764
2908
6461
5721
1174
5447
5685
1472
6973
6091
618
6337
7458
7361
4225
1941
5840
5697
3749
6179
7543
3739
6641
5690
7394
1826
2544
4207
1600
5439
1872
2255
5237
5481
771
6533
7739
5829
3302
7287
5056
5631
7058
6282
2230
6299
2020
3026
4439
2808
6729
6404
1464
3121
4037
3783
820
2977
6515
3075
5225
3497
2777
5100
636
961
5609
38
498
230
1040
1655
4346
2708
4426
1559
7883
5538
2304
7574
6501
4768
6493
5212
2986
1259
7456
3166
6479
3826
6377
6815
419
3525
2458
7204
5892
5629
4563
3793
5368
1370
5341
6572
1006
961
4936
2917
4345
3866
3464
66
3327
387
3914
1359
7479
5138
2522
1650
388
5191
4584
3204
6142
1659
6621
594
127
6653
1433
122
6021
6203
2373
4509
7421
1173
7375
6816
3935
3676
1610
602
1223
4882
4819
2857
7483
7936
510
5846
1693
5714
3613
4203
2478
5519
6595
4187
2819
908
6309
7195
4900
6668
2042
4159
4222
2076
1670
2463
6543
7863
5959
2151
4319
2391
691
1174
1867
694
2970
1776
4075
7900
5821
3119
7071
1861
6771
4748
3871
6369
4789
327
6938
3645
972
7250
7173
4527
3903
4842
354
4871
299
4411
1506
1409
1952
7947
7761
4335
191
7935
5695
7233
3608
26
2865
7087
3352
3134
3401
5836
5727
2591
1939
5265
2335
1365
3266
7719
2094
5627
4488
7355
6608
1268
4903
4678
5602
3698
2354
1467
3990
7363
5454
7072
4553
1081
1804
261
967
2142
20
4227
3382
664
1662
786
4389
4056
5484
1108
2072
6055
1783
7648
1856
4052
3977
1883
6778
7979
4777
2751
456
7263
4964
3733
3365
3048
3042
5669
5946
7717
2038
3165
5669
368
4945
4159
3251
3334
1933
7962
1990
1143
5264
4280
6638
3573
1045
373
2194
1913
5899
6374
3198
1136
1101
2410
1538
6423
5026
6758
5232
5553
6062
1648
4985
2878
3134
4767
6362
5085
4334
3782
7842
5311
4111
3342
6260
2234
6000
7468
1259
2254
1625
5307
2336
5370
4847
1182
5798
3125
1128
7091
6282
6359
5688
5825
437
2441
6018
7158
412
7377
4970
2990
7125
4259
1028
3206
3729
6192
8
3168
883
6441
3011
5929
6360
4188
1270
5548
7011
7199
36
7256
2919
1072
1990
3062
1167
7299
5705
761
5394
4724
6035
7854
1806
108
4896
688
707
2901
2879
584
5474
3905
3114
3408
7069
7703
1715
1609
5355
2126
378
461
3225
6699
7618
5438
4949
5490
7962
7548
6437
538
4398
7443
3515
3348
633
2075
6068
234
1855
5986
7264
614
3597
4805
7129
7137
511
319
1013
7334
5599
2002
276
6370
3394
4040
2077
2725
5686
7101
1112
673
7053
4318
5336
7253
4579
6986
7551
7103
1268
2695
2334
4699
4743
2739
2987
6985
4167
1266
6262
902
1393
4133
4734
5686
6726
3296
3017
1918
951
7217
5980
4990
4453
3191
7822
5948
5022
3276
2018
2705
4448
6365
4061
7965
1653
7373
7902
2873
7384
467
2972
5637
939
3212
7697
405
5805
2753
3632
2578
7485
2333
2933
3606
5916
5659
3522
4433
532
1557
2273
4259
7993
4084
2219
5255
5175
3756
6098
2873
4846
3200
1611
3662
7139
2538
5759
1992
1949
2575
1308
2384
7536
2259
7561
1402
353
540
7555
7194
5455
7771
5444
7464
3786
1610
6461
1104
7403
1719
243
5758
5207
2336
2925
4883
4553
3186
6901
2706
4097
6588
6508
2326
7266
2100
1083
4298
7149
4862
3282
5651
7706
6085
813
6646
5943
6396
7386
224
1068
2169
6683
6183
2910
3357
5346
1485
1333
230
3023
7666
7586
1954
7389
6485
846
3828
6452
7796
5651
3474
1363
3073
2733
1786
5308
5715
4218
5454
2207
2019
2242
599
1019
3355
5974
5948
1430
6915
3621
2230
3214
227
2675
7985
2714
7649
5516
6139
7127
5893
6329
1131
5027
3373
7797
512
5230
4044
6315
6842
3961
3126
5810
3002
6114
4809
7555
4566
1464
245
6386
2385
1860
986
5406
5307
3172
5970
2546
3218
5512
3207
4608
5145
3570
4512
1410
3005
6058
5333
6978
5370
5943
310
2882
3721
4536
5825
7323
5287
2372
1524
2349
4926
5432
5907
1370
4444
2243
6474
2714
3172
4034
7342
7017
6218
5246
3872
4792
1165
6188
7135
7916
7355
1088
3242
3553
5549
98
5642
3551
6665
7795
3387
7718
6769
1854
4209
2464
6453
603
4630
1913
4589
5036
6696
1028
7179
42
2870
6966
3105
6414
5926
2212
6997
6556
5038
1752
48
25
5308
2041
7720
2279
2702
4532
3908
3944
474
1732
2938
2419
5764
3595
7762
4922
4101
4709
1941
5145
6293
1795
6783
6565
2604
692
7613
5974
58
229
6255
1518
1230
4456
4522
2022
6833
5650
4620
2151
5745
2034
2252
5902
1774
1308
4176
1197
4900
2026
7527
3746
868
6026
306
1740
2272
4533
7692
4296
3080
2168
2974
5650
3828
3734
1887
2190
3359
2240
5727
2812
5214
5057
6504
3408
5266
2811
3074
2637
1951
5845
4937
2922
5111
852
7747
4774
42
6332
7468
7472
4686
4191
7089
4828
7507
7913
6538
6687
2490
1402
4053
1562
2739
7667
3566
1348
244
4518
7732
2385
1549
7462
2928
2958
4525
933
7583
1013
1682
5954
116
2149
7229
6605
2686
2981
7397
2636
751
358
2344
613
1001
4238
787
1999
2040
3341
7439
7669
1482
4074
2531
6229
2188
6478
4575
3060
295
270
2511
4131
1747
358
2458
7723
2471
4546
2798
1396
7615
4631
846
3861
1854
3882
1979
5099
6995
343
5336
1568
4278
6564
3227
7195
7970
4822
325
6091
6129
347
4666
7240
7790
2752
2776
6216
2980
7290
3011
7809
6354
4586
6363
2934
1882
2549
49
1741
3687
6915
6970
2521
6378
4598
4492
2122
4508
7155
2506
1609
7777
3179
5565
3834
2122
4398
2500
1525
6747
4359
1953
5348
4042
2573
1601
4827
6793
4049
4474
4184
1940
39
5828
550
5485
6017
6775
4104
6768
4807
7110
5652
3328
349
2390
2599
5030
5579
4737
2851
5905
7584
7154
5619
6522
182
552
2936
2451
3335
5772
7287
5186
3334
3205
7621
976
6508
3281
5517
4430
3439
3364
2380
4192
2975
5120
5477
4411
6450
4895
2577
6628
3901
6257
184
3033
7175
6965
3972
461
7125
3971
5240
4908
6709
4712
6047
4028
6897
395
1589
2508
3614
6414
3904
5724
6107
4031
1592
3571
1169
7534
7579
4565
2290
6612
5401
1510
4039
2827
7315
7485
4271
6890
683
2708
2396
2584
4122
1885
7504
263
1733
3288
7155
5186
5135
5044
7753
4394
5126
2380
4232
6745
1847
7488
1613
3996
2357
3724
1852
2452
1568
1682
4483
2478
6795
6497
4900
2107
3387
5288
4632
86
1591
431
3430
663
2991
1947
6963
7627
3169
1137
6592
1702
3354
6293
2706
4941
3258
5213
7377
3821
1948
856
7844
1768
7822
7780
5033
7462
7036
3308
6922
4698
4836
6051
4867
4843
3680
3371
24
5931
1803
1699
1696
904
5694
6818
3032
5952
1895
5567
3334
3241
5184
7929
4570
5339
457
2847
160
5591
5866
2165
2345
1988
765
1033
6256
4292
3481
3455
7144
2914
5000
4034
2769
861
183
244
6379
1022
3927
5276
1436
2408
3766
4360
5935
2791
1625
754
17
4416
3936
4021
7144
6124
7656
5822
4789
3049
1736
4990
1830
3550
4042
6497
7366
1373
6972
5752
5606
6346
5026
1183
4733
4477
7733
1348
2011
6061
4245
2075
2368
595
1923
5546
3562
2789
5765
6224
252
2652
63
3821
1018
469
3900
6284
4553
6066
303
4938
860
397
4475
3915
828
3888
4619
424
7611
3527
5297
2205
7332
7061
4442
5311
675
4478
5295
649
165
6849
4826
1138
5965
7321
89
7934
6464
7863
1408
3594
5939
4203
3246
2330
6660
1932
5301
4231
5013
4966
2851
3635
4343
3094
7297
4771
5116
7575
6690
802
6992
685
3489
4625
6321
7320
3705
5017
4499
2796
4051
6486
5470
2963
1616
3005
5462
2380
6791
69
4256
7510
1634
958
2617
6340
857
143
5554
7883
2118
1381
976
4968
4530
565
2592
7231
7496
6783
5818
1757
5441
2085
6827
1521
5499
3840
6269
1446
1422
5221
7547
2223
3242
1598
1435
5738
7513
2572
2661
5694
7130
1840
5787
2061
3044
422
6460
3921
7458
5021
3490
7656
782
3432
6680
1497
2252
891
935
5272
2548
4909
593
1447
5908
6180
817
1453
5196
2464
787
6918
1584
2014
4344
4044
5148
3351
1487
3768
6404
7839
4258
4700
3714
4985
6304
6809
278
5922
3111
1765
277
6101
2567
1077
3299
3668
7587
1765
3136
2271
6767
5204
4840
6459
2384
1238
7984
7821
2377
169
178
300
7385
2169
3951
7853
937
478
7200
1992
4705
2168
4849
1725
6216
4391
4049
5375
5433
2951
5363
1833
6113
6835
5629
1986
232
7656
3810
5473
7202
7908
7546
6684
1163
2202
5138
1401
2406
5289
367
4717
6280
6710
5354
6409
7420
4039
6057
3855
578
2278
6318
1334
3902
237
2642
5393
2344
7003
3383
6121
3048
1926
6751
7495
5865
2920
6443
4665
2216
1721
6999
2133
2983
2427
143
7974
5796
6188
1868
2054
6121
1726
1949
5170
3411
3978
4413
3648
5502
4259
1394
3878
1478
5638
138
595
421
2699
6118
2368
5884
4645
6739
6645
1644
6998
6720
5669
4798
3210
973
177
4058
1871
4409
3273
4833
1138
2997
3489
1651
1910
5672
345
7640
3663
1706
2334
5536
3847
2645
1462
4504
124
6447
7432
6496
3944
5762
227
6737
7049
7798
538
907
2728
3295
7322
4878
5965
4394
5482
1463
913
753
821
613
6327
490
4194
2780
7099
5353
2429
6573
3970
3200
1750
7840
7770
2377
1785
6362
7822
3619
3424
161
45
6186
2214
1122
4452
3659
41
7243
7
4085
7564
7232
4223
584
3817
155
6368
6803
5382
5402
2112
1733
7825
4664
6687
1931
3629
6972
3392
3874
7095
6021
1383
7573
369
6573
708
6552
138
2265
7351
1128
4468
5288
7171
988
7155
4181
6100
3952
996
41
1652
625
7894
6262
1431
5119
1486
7624
6249
1252
3311
6004
7209
7297
4223
3065
134
6928
3897
2682
957
1658
7051
5047
2001
1352
2286
5877
6731
4492
113
1401
7888
7489
4177
42
266
5642
1061
4235
207
4207
3505
5093
1538
3745
3227
6727
5697
1766
4181
1949
4145
3009
2846
5715
3745
592
6828
1631
682
1683
743
5904
5744
5165
449
1334
3480
6690
0
4030
682
2100
6494
2276
7426
5382
2166
5376
5410
1501
7583
6663
1525
7870
6903
1780
4086
3360
7956
7714
2874
4009
1247
4060
748
715
2936
6742
1660
4878
6585
1608
6594
5550
6578
7553
4449
7747
4396
389
1656
5312
7065
2992
1839
5139
3490
5536
1089
4213
2046
3043
4130
5597
7023
7176
4604
6480
98
3573
4487
2707
3725
7308
4175
6555
2255
4939
7271
3848
1924
87
2200
6070
4432
3823
3650
6325
7450
3207
2453
2590
4457
739
928
725
5109
484
3457
3049
7286
6124
290
347
4957
5037
5106
637
551
4961
7458
599
1451
3770
3355
6810
4134
7299
6230
2022
4563
2008
2948
7
1022
7604
4475
3226
6952
3770
6886
6206
2633
2058
5279
7959
5768
6700
3222
5363
1563
6626
4049
6104
226
3827
3630
3304
3752
1071
5588
7355
6322
2805
6910
5428
562
5382
1378
5498
2019
6425
1620
5045
403
6520
919
3467
873
713
5006
5001
6918
3345
7886
1081
6991
2026
6519
6813
1979
2272
2493
645
7076
5813
7783
5334
3848
2132
2523
7519
7821
1115
4631
316
3862
6541
908
6188
1587
5895
4200
2564
3369
2768
7386
1370
239
3685
3160
1790
6157
7758
1267
1249
4807
3121
4327
6774
5239
7200
6631
3517
6132
7397
2213
3626
6492
1242
2843
5668
6988
7227
6731
2085
1600
4532
5266
1568
5668
601
5084
5804
4638
3735
1482
4176
3706
1022
4106
1254
2671
2635
1937
4435
5315
2548
1374
2060
1688
2196
1395
1310
3028
5098
6781
5483
1686
1237
4460
7113
1847
668
5568
4395
986
2071
1677
7047
5489
4744
1068
2571
2949
7452
6259
2848
6360
1702
5066
282
2221
7115
628
2752
4685
6483
7899
3976
1070
5587
7406
1570
2866
3695
951
7540
4385
968
419
6549
7277
6313
3111
5764
5711
3512
6128
2011
1362
2757
4708
1092
4820
6021
5720
4503
4189
2310
7496
4376
6797
5091
3540
4579
5800
6692
2608
1759
7436
5270
7372
2945
3455
1467
1705
6952
556
1322
5765
1261
4382
813
3506
5975
1861
5935
7063
3711
2872
2826
2480
4484
5402
1572
6065
2121
67
7328
2050
7292
4050
2433
7761
3252
488
7708
2051
2779
4225
6959
4867
5421
202
6296
366
6459
2849
1861
2469
7063
6295
3920
3627
322
688
4523
2139
7749
2807
1963
2644
5119
2316
5997
5583
110
4730
182
3340
1576
6291
1424
6916
6911
986
4907
6993
7813
4916
3790
4369
70
163
3307
7589
2271
3526
6116
5606
1362
2649
7779
3175
6130
1457
3267
619
2220
4758
24
1773
5681
2666
2899
2874
2947
1014
111
4704
2397
6665
2294
4248
2671
2962
509
3279
2585
2279
4164
1824
7365
6776
4663
7600
2091
109
7264
4807
4417
3456
360
3409
1480
4193
1985
3756
2835
2390
2328
611
7750
3642
5087
7787
111
2811
3801
3464
3243
4081
4287
1110
1012
2643
1929
4558
1093
7386
7982
7754
4392
1232
3353
6663
4000
7049
2093
2147
636
4722
4863
2057
2236
7217
305
4141
7196
4352
3449
5476
1680
7324
3972
169
6135
6381
3859
6655
5918
454
3628
1027
6865
2641
87
1812
1983
7301
3030
3992
1753
7595
189
6880
3941
7303
3728
2181
6017
1315
1678
1623
7818
2169
5560
5001
6691
2124
7367
6190
813
5598
5228
4041
5592
3955
1445
5735
7738
1100
5036
689
7746
913
3784
5036
3012
3591
1547
6558
1214
7509
5926
4181
457
4376
950
6363
4197
3522
281
2289
4225
99
3345
7355
1810
7182
1606
1030
6427
327
305
7408
5102
1604
2297
3950
1039
7421
616
2512
2617
6616
3891
1097
2918
1217
3591
2155
5834
6407
6194
7215
6108
1108
403
1609
1276
6820
5262
4353
2108
5525
5657
4744
7479
5391
5186
4369
5693
7635
7735
6567
7470
5900
7328
687
4746
6631
444
6872
3327
5073
5498
276
4191
5669
3043
2066
7430
3285
5942
159
140
7702
2619
4934
7704
459
5813
826
7926
5547
733
1850
889
4988
2363
6732
1190
1321
3944
2529
3126
1312
3782
7145
6639
1068
7060
2936
5280
4314
1434
1616
3056
32
1421
168
1134
2874
4215
2430
626
5215
4818
957
3345
2626
7499
708
784
7968
2759
2634
2812
5814
134
3500
378
3822
2931
7101
2076
4281
6385
2522
7795
4693
7844
5924
4101
4752
3416
282
7377
4850
4784
2112
5434
1880
6690
5423
4854
7930
7428
7556
2686
6937
7141
1153
2159
775
6130
3564
3123
7515
5772
563
1069
7381
5379
3288
1109
1086
3762
5115
1712
175
983
595
1967
6034
7326
6542
7168
6935
5752
170
659
7174
7576
4019
749
5774
6500
648
4873
4886
7225
69
7715
4652
4265
4694
2027
7033
7759
6261
5940
1975
5267
4938
3159
7261
1410
6585
6750
178
203
5536
5562
6746
716
3261
2245
5532
4744
2798
4645
5154
5024
6074
7517
7511
746
6910
6477
6757
5729
7904
4832
259
2062
903
6606
7624
4887
2866
3779
5210
2738
1749
4713
2901
1519
6775
1741
3447
1333
3809
7363
481
3192
3731
3985
4458
5668
751
6301
248
4552
3925
2165
7972
1374
3721
6052
3084
3505
3334
4248
11
6908
3802
7527
4111
5218
7160
6971
4576
5532
2742
4708
3034
6490
1895
4558
8000
3681
1731
2900
2644
1714
6344
2308
2601
6070
2673
3718
7620
6441
2643
6539
6052
671
7292
3921
6804
1119
7400
6084
1782
2922
2220
2300
3965
3814
7439
7462
5045
1923
7683
3587
1104
1149
4719
2250
3846
4831
6885
7644
5044
4023
1090
2687
7745
7070
7926
2465
4548
1111
5345
7402
3094
3363
2515
6305
1934
6673
7388
6600
7690
3582
7986
2894
5927
2524
182
3619
3519
1606
26
3294
561
5638
796
4268
1278
7879
6723
7392
7939
4240
3804
3815
1121
3742
5403
142
7711
3211
3487
523
1525
7890
732
5131
6228
4204
7921
5673
279
2029
3513
1521
604
4247
2592
7818
7712
1270
851
6687
5883
1091
667
6675
6791
5506
2519
1382
6647
806
5061
5865
6613
1591
5176
7339
6112
2002
7610
2156
4246
4356
683
33
6773
2284
5634
5112
4851
549
2773
4281
4979
3063
395
7211
2502
3498
368
717
994
1867
6081
3235
2606
870
6009
3142
2275
2859
2245
1119
4844
4210
6904
3669
7550
4600
7155
2283
2703
3682
5068
7669
3739
2641
6261
2749
1225
6812
3734
5805
6699
1223
4565
2125
6107
6382
6011
6409
3983
1662
1564
3253
218
5716
5867
6705
4056
4797
2164
3123
480
5268
636
4908
1943
5882
6529
1314
684
2520
7886
1303
707
689
2190
1169
7336
2710
2301
6552
93
6530
6902
7199
3617
2378
5603
3463
1748
5022
7934
1788
415
2517
3754
2416
3501
1437
2604
4357
829
2385
2787
4931
1339
5497
3915
7433
1068
6016
31
1926
27
7408
6591
1315
4594
5760
6083
3957
291
1277
6898
3152
802
5020
7955
5986
4866
2503
3058
6548
3559
924
7513
6386
7519
2730
4736
4819
398
5856
140
6344
6075
2887
5349
327
166
1883
7033
5286
1849
102
5798
4632
4934
5641
5048
7583
3123
6525
3860
2928
4783
7602
7174
5170
645
6858
5122
3487
4319
2666
6735
7155
6840
1048
2045
3005
2284
1471
5538
7820
4079
2033
1757
2960
4828
4340
4440
4882
7060
4264
4536
5055
2617
3098
3510
7083
7342
5518
7405
2529
6765
2556
1264
7957
4799
5768
5309
2641
7089
318
7198
6565
6342
6638
5030
4136
4604
7881
5334
3801
4838
4069
2715
1517
5113
1960
1773
1827
1541
3664
3098
2415
842
7614
236
3798
7719
3489
2661
2269
2434
3182
7742
863
3376
3171
3422
2996
5207
4309
4163
6649
902
3197
1020
7837
6928
4903
1270
3431
6433
4696
3069
5938
7661
1352
3159
7553
1757
4335
6831
3455
3704
5226
3915
1452
5982
7010
479
2280
5531
1583
7806
6254
5694
1810
1563
4815
3719
4591
5017
1789
7334
4226
1826
5641
437
3613
5975
1518
1681
2609
1319
5205
7518
6958
235
4233
706
6128
4329
6150
1771
3726
249
5626
1124
7250
4676
7433
58
3056
6886
316
673
4098
2887
4324
3340
736
2796
2691
4573
6522
7390
6832
1896
3127
3560
5144
3448
3121
6962
3621
933
7552
1154
5912
223
3214
7640
421
5595
5991
3458
6596
5291
4444
4298
3458
7269
1318
34
5792
1735
5346
4425
2901
5563
3018
6204
7688
5901
124
159
4039
4643
3751
6234
6877
7119
7130
5914
6150
2848
6205
7188
2202
6054
1499
3451
3455
1156
1728
6950
2467
4807
2929
4078
4670
406
3646
1351
2684
5257
4796
1761
3294
840
5956
5222
1820
3278
279
4183
967
6573
5028
7524
6868
4842
7315
5754
4727
3236
3085
769
3263
3483
7025
2115
48
6733
4494
2066
3315
191
3261
476
3869
5595
5718
2428
4534
5139
7290
8
7644
127
5214
4050
7959
3379
5642
3259
5898
7339
3252
158
7732
2377
1771
2165
4857
5422
7399
2016
3995
2419
4444
231
1837
4674
1698
2413
7988
4395
5518
5354
1981
542
5503
6476
6959
2376
7781
6514
1280
2000
2604
1020
994
1386
3507
7902
2382
4171
722
7285
3722
1604
6549
3447
4714
1540
1657
1186
7184
7154
5222
3888
6128
4902
7331
3024
7830
1329
4662
195
2640
453
3232
50
5312
213
4666
5241
6607
6115
4576
4150
2807
7124
7291
4635
2144
2817
5569
119
899
7937
2703
2377
4014
1975
1224
5518
2848
4055
1122
2681
152
7216
4989
3159
4967
4295
3945
111
3444
5268
4918
6321
4285
396
4077
2427
5445
560
3330
980
337
4725
4848
1737
773
589
7812
7098
2254
190
1971
4975
7868
285
5086
2264
6006
424
1262
450
4
1932
2412
2228
293
1342
5339
7927
2580
1660
6888
4415
1339
7167
1529
1602
7652
1826
7870
6391
2196
2067
2319
6828
1802
7947
5201
7938
4993
7565
2252
873
1194
2697
5762
5202
7304
5208
6589
4463
551
56
1318
2763
6961
6013
4300
6874
7543
3741
6517
289
7590
7183
7405
1377
6003
4966
122
3315
5771
6
5863
3475
7929
502
2180
576
5204
7164
360
825
5399
7255
7737
2848
5408
6023
7615
2394
3361
424
2589
2728
1389
7251
3495
5870
7032
4407
5846
244
4380
6058
1721
7400
7869
6751
2941
82
399
7176
1043
758
1366
3332
6121
1244
481
903
4439
6848
4571
2483
6650
7419
6248
1280
6443
2500
7444
3437
3610
1835
2246
5998
14
4854
4543
7561
2538
390
651
760
3313
3326
4408
4610
1875
1694
1399
6990
5434
4288
7344
1033
7650
6266
4704
1772
4120
3068
7506
4753
2906
6075
520
2302
6973
1941
7818
6207
3873
7505
1688
1778
3311
2469
6493
5827
3632
219
7071
615
1055
4504
723
5062
3907
214
2582
5142
2093
3827
6979
3222
3465
7753
6406
7540
6253
1953
810
5413
2350
2709
2020
2334
4106
6977
6546
3057
4150
1257
2823
6467
1607
2115
4005
3318
1945
884
7020
1190
4050
4321
3516
5520
2502
4019
3930
4302
3276
1070
5487
7812
2141
5501
5106
4740
7401
7362
7981
3293
3653
687
6401
6363
3361
3804
6650
830
166
779
7743
3439
2979
287
2336
2319
7407
6853
4157
3071
5520
983
3244
1719
1112
7494
4718
4097
6904
7817
301
3164
3044
1446
2014
1664
2843
2947
3577
7144
3202
4106
5551
2947
5762
5438
1485
6613
7588
1409
147
6690
7330
5303
2378
5790
511
2317
7363
2313
7686
5133
7861
2294
1231
6736
3934
7375
6655
3556
7703
6313
4441
3704
2884
4426
47
3622
4635
1587
2916
4718
1325
5000
1026
7345
7352
5808
2184
2533
6887
5244
3780
6510
1618
2086
1023
2171
3636
3337
3527
7696
6329
5110
2747
3727
2099
2075
4915
7359
6602
7577
5647
2316
7231
2026
2794
4704
5032
4712
7278
1063
4736
1929
7050
6674
4292
5036
626
1288
6866
5337
646
4048
7772
6810
5042
6851
5431
7645
1189
1352
4252
4402
3533
3883
1629
1738
3464
947
3588
2300
6812
7572
6566
5448
4072
1617
648
3801
6623
2134
5269
4908
6519
4266
343
6457
6485
7131
2657
5456
7868
3213
4573
4200
5470
7932
2767
7710
5138
4351
7653
1979
4406
4138
4707
5330
484
4735
6889
5424
7395
2028
7210
892
3732
748
2734
1889
1954
6434
4394
2406
3614
2590
1802
3396
683
4801
1558
826
5115
1460
702
3187
1523
6399
6700
2851
2931
1206
7007
1
6407
3798
7631
6017
4370
6225
244
6771
29
1733
1600
5366
580
2401
824
5105
6261
6190
3517
1901
622
5117
4861
3336
1661
7269
3627
5358
1063
7901
2583
5850
3095
1623
4476
3823
1222
4647
7044
456
3339
1011
1721
3152
3694
4969
5537
6713
4939
1733
624
3160
6523
3252
1296
1966
1103
7618
7161
3459
2556
3378
3238
6828
6854
568
2062
5364
5773
7903
7966
5363
6358
6203
867
4067
7085
7911
5801
2282
2658
7963
6537
6046
7621
2373
4999
5212
2805
2055
6311
7015
3338
437
1881
7310
550
1970
3823
6491
3096
4475
7382
4900
3910
2853
181
4070
1040
4515
989
979
6971
4195
4092
7306
7984
6678
4559
5315
5475
4556
2894
1845
3202
7683
6884
2045
5254
6157
2112
7970
1764
504
2768
7767
7015
6127
6295
5854
6235
5762
2877
3967
984
1502
6541
1669
6109
21
2449
7244
1728
1320
3438
889
2612
4017
679
6291
5407
7934
4171
7721
5590
7153
4450
7818
1675
7288
1470
4206
5417
7398
4783
7044
7409
7114
2938
6694
5637
3207
3986
1982
2939
7865
4208
5594
4740
5620
2179
4580
1088
5415
7911
1766
1367
4253
2963
3008
1231
3925
1407
3841
7103
1838
7675
5029
5766
1993
5655
7103
588
401
4970
513
6920
2233
2692
6607
4135
3623
5143
1373
698
5388
2591
7280
3433
4296
2561
3343
796
5663
4409
7168
7213
6729
2486
4470
682
1843
1785
6367
940
4528
4217
595
1128
1687
7490
7426
3751
2817
6282
5666
4716
5172
5172
5444
2015
4002
1699
4532
3344
938
6162
1518
2673
2170
554
6349
6012
2289
4654
375
5660
3072
2356
4186
5530
320
630
688
253
1954
4578
3290
389
6467
4327
2654
4453
590
2991
6378
7239
5542
2407
2997
7311
3042
7315
7587
6580
4013
2891
7039
1745
7151
1271
7459
4709
6666
2001
5601
3287
29
6970
361
3573
2886
7443
514
2290
5651
6698
5272
7595
6676
2450
7577
2069
7773
3372
7253
3401
4438
6313
7600
79
3748
7945
6008
1356
2721
1961
329
1202
2715
5777
1106
5067
4243
1652
3507
4408
7015
7031
4118
3609
3358
6496
4041
990
7980
6847
1684
4965
399
6843
4265
5268
1797
575
4520
866
5164
5651
7176
2547
6612
549
5088
5559
3805
7804
1516
5095
4313
84
3126
6857
1210
3127
723
5257
6615
704
6462
924
462
1712
4589
232
7680
2804
2476
483
3201
1850
1760
6599
2552
2016
2924
2787
3247
6858
5641
5675
4589
1996
6472
7077
7445
5289
6471
2085
7915
6622
1575
5126
2015
4243
821
5972
2910
5902
5617
6428
4671
4110
7623
1373
3909
3077
5077
4875
6611
2035
4754
6778
6976
5447
1839
1571
4374
6121
2256
13
7366
2696
7494
6953
4197
7180
4558
7262
4442
4136
4192
7383
6299
5085
2832
7148
77
1951
2299
3665
6628
1958
2095
2078
3708
353
7471
7666
4979
6159
3667
2107
1402
1329
6267
118
1942
2583
6164
6624
1154
6436
1275
5986
417
4346
2755
6620
3459
3123
4818
6460
1330
3683
4803
5603
2226
1011
7774
7031
5265
5415
3885
225
7870
7862
6352
896
3529
1424
5546
5194
6976
7979
5962
7322
2739
5219
6392
5239
1315
1096
6385
3817
7999
6443
1101
6130
7519
5627
3012
6684
7552
5204
5813
4460
3557
3588
683
1989
1777
1894
2643
2499
235
7292
4067
6733
7391
5541
3439
4588
3564
1416
5448
2722
6887
821
6140
6818
7770
3719
1631
3795
25
3347
4904
7303
7823
1946
2318
3384
765
4169
2905
4958
3465
5859
3247
7802
5555
7404
563
158
433
1438
7820
6230
3454
1797
6376
403
4660
4275
2065
1950
1532
7480
4639
6562
7936
7994
5783
7451
7576
4898
4739
4902
1299
5709
4264
7642
3683
3538
6564
5682
3827
4841
18
2591
982
6893
4148
1088
4436
195
7717
6825
5347
324
3841
833
7670
1813
3374
2427
241
1086
4961
6307
3791
6686
3595
3639
6650
1069
2160
1448
4545
4996
4294
401
2365
6971
610
4708
6648
6146
5796
6620
6777
1596
5564
1530
4944
2897
4830
6945
6081
4028
2774
701
1658
4234
7240
2095
3907
7946
6842
7749
6022
2285
126
648
6124
5369
4860
5463
7506
6317
2585
6307
1560
7181
3863
1174
2986
6023
3305
7218
2747
2086
1441
2195
76
4540
5831
476
3543
4702
97
587
4696
7082
3769
6238
6324
2228
7069
7340
6125
7042
3809
502
5036
6045
2098
1545
453
5715
247
5724
725
3610
3950
6843
3334
5810
3098
985
3462
215
5753
7031
4767
6922
6952
2328
5297
3094
5771
4693
7437
147
2929
4511
6782
6919
6301
6809
4035
6887
4245
6993
2307
1045
4239
7860
784
1446
4123
1744
5790
3282
3478
5200
5326
3078
7610
1372
5428
2773
5287
2379
6203
3420
7246
6497
1723
1168
7731
4256
7176
5181
145
7413
6492
3156
7399
4593
7505
2720
4773
1903
612
5950
7588
6334
5405
3610
5782
5857
4004
2224
3874
6099
1528
417
1526
468
2142
5533
5515
66
5592
7943
6429
7669
1989
2682
3724
7943
7118
3177
2197
2631
2577
1770
5479
4104
7689
4530
4543
2775
988
3049
7714
6932
7127
7059
1019
4814
4836
7113
2810
1664
7954
4080
7961
7833
405
2716
6955
5681
44
6750
4651
6309
7398
1162
2055
5828
102
1400
1204
5969
7272
4726
2745
6191
7298
4196
7803
7457
6860
2783
7735
4589
7088
114
5709
2580
4382
7302
3563
7581
6273
5595
2673
1302
4433
5979
3984
6127
3637
3416
6268
4387
6497
2633
4802
2520
7320
3776
5958
6969
4046
76
4620
7586
1264
3681
7388
7534
4177
305
1204
6548
741
6070
2892
7168
3536
3032
3954
758
4856
1043
6651
5700
2917
3341
6951
1373
1421
2741
4830
2751
864
7844
6577
226
2053
2413
2740
7275
2886
4919
471
4223
3009
5199
3716
6206
7876
175
4513
1020
3265
3475
7792
857
4767
1378
7321
2631
2923
6603
6973
1784
2703
5501
2609
6622
85
1838
5571
7809
3894
6085
4639
50
1306
905
3039
4203
6566
3496
2120
7416
7103
521
201
5496
1485
4067
2492
4721
4723
7791
2954
2244
7408
5337
1692
828
7381
5308
113
3182
1034
6377
1297
3827
7594
4571
4547
1478
7054
7152
6424
5260
6467
7957
5077
1646
240
3444
3565
5282
4699
2856
7492
5675
2321
2518
2677
717
3579
2540
7641
5863
5622
2359
7564
3295
7670
1623
6027
3451
7687
3048
574
4243
5855
5667
6794
896
753
6283
6097
187
3400
2531
4967
6152
5465
5398
5070
828
4057
5843
4609
5827
3051
1876
5041
7914
1266
5814
6436
6991
2855
6543
1310
7764
6733
7071
1900
1748
2614
2129
6210
7176
6323
7663
6881
5927
5518
7363
5764
5438
3766
1205
2300
1631
2676
2138
343
6374
3718
6292
4753
7151
6126
3475
6676
2152
5761
122
7079
2671
4400
5502
7845
6303
5188
6155
7328
3002
5211
242
2362
5367
2239
5112
1324
4252
3049
6437
4032
4880
3809
618
411
1947
7939
4222
6973
3262
927
7371
4352
4366
5358
1302
7971
2281
6540
2973
371
4700
1568
1498
5015
550
6051
2832
3224
631
365
5064
2423
6700
5514
2599
5851
2727
2019
6089
2602
5152
4893
4621
1827
6324
7353
3865
5501
7797
4956
6416
1384
3564
6538
3591
1578
2101
623
2196
5212
2763
2880
6019
6465
2468
7185
3833
890
2216
1933
1388
7307
11
1149
3139
6883
7901
7422
5623
6210
490
3063
6651
7344
5595
4932
64
3505
183
4758
1944
3860
2899
2750
3817
3159
7639
2432
2908
4778
6785
819
4577
5518
1713
4343
6611
3412
68
216
3634
2442
2747
5412
331
6251
4503
2312
3623
6149
1849
5651
984
3280
4911
4899
1630
342
4870
1716
1559
3398
1974
2975
5445
1859
4967
7054
3018
5319
6715
4395
2711
1620
6613
4225
978
2433
2127
4257
6581
3142
7013
3643
4756
3044
2164
101
2414
5488
5631
5415
6843
3696
6207
2159
6048
6523
527
3660
2483
1170
580
2298
2414
1926
4846
6915
3890
1990
5075
2374
4218
738
2475
6921
1718
2785
4263
5985
1818
7227
7690
2319
7943
7946
3799
435
844
1410
3018
4930
5924
1127
195
3283
1605
1888
2582
6747
3193
6693
7466
3018
1516
4572
1991
5737
7906
5040
6497
2485
7250
1188
2355
4400
394
6515
6970
6137
4922
6027
2992
6696
5554
8
2227
2419
5816
4886
5206
6724
2005
5014
4692
4039
5369
6049
1535
5159
7025
6573
2768
4943
7285
3151
6809
6371
3865
880
6911
4491
3491
2905
3655
643
1643
2145
7353
3689
1618
4258
1987
2100
7612
888
1478
3417
5342
6499
1147
4736
3337
7854
7927
1722
1469
7359
5351
5674
1790
4493
5208
7991
7085
4989
4417
1677
5585
4810
1803
2087
6007
7946
7637
3291
4037
2988
2635
2372
1694
2694
1883
2256
6334
5743
2969
706
2048
7834
6941
1145
2754
4245
6671
6358
7476
5815
6408
694
4386
855
4590
2473
7063
6124
3695
4804
398
5491
6476
1433
1179
3889
723
2820
219
3973
6714
6031
279
6450
4102
6303
3670
5416
2368
5003
7783
5150
1397
4589
1340
7096
6783
5208
7595
2262
7343
1466
1773
7077
1229
5507
4469
7514
6671
3272
6450
4922
1924
6943
3905
5519
7432
140
7334
21
4760
5827
4782
1867
6922
6640
95
1772
6949
7381
6777
87
3849
2042
541
7310
1056
1460
5664
2130
7339
1213
2500
7812
6049
6019
7629
6112
5509
2141
1999
6768
1486
6907
2546
1992
4093
7512
4656
6737
3110
7030
7660
6710
4090
4223
246
4780
4517
7935
5127
1108
6178
7689
5984
3234
496
6363
387
7800
905
2257
7729
1654
1680
7475
4477
4688
5467
1159
1837
1453
4740
369
4611
2544
2421
7303
3364
3793
2776
4860
6188
1740
5367
3800
4896
6750
1050
1854
7549
3386
7695
5201
1935
3619
7143
7519
7058
7162
539
3111
2650
510
1129
495
6919
2988
5461
2767
5351
6081
1405
2646
7282
2238
4988
1162
1156
3924
7798
4768
7788
4414
3172
1481
4351
5456
1979
4409
7122
4363
7316
7365
1712
270
641
1412
4236
5497
6915
581
6823
5959
2303
4534
6769
5611
2497
2953
980
7396
4719
1740
2916
2928
6
586
7400
881
7174
3990
3116
4495
3406
4891
6039
517
6884
7492
7434
7622
338
3338
5526
2929
5568
1193
4304
1502
3744
4302
7377
3913
7346
5644
4197
5028
4666
7570
2826
4074
4901
4294
3892
643
2135
7974
6209
7741
7028
4543
1035
5546
7132
6095
7064
1807
3849
7760
2471
5903
2076
3674
59
6249
843
7537
1495
6986
7071
7078
7162
6600
7505
3438
2698
7164
6624
548
5545
3695
4633
1604
7238
2286
1940
748
3623
7017
4039
1766
2315
1142
7386
6187
6025
4311
3637
3954
3866
2090
5608
6166
4466
5074
1945
6172
3163
1933
3778
1132
3954
7557
3828
7060
3881
2118
5097
4106
2698
426
6743
3753
2298
6960
3331
3141
6154
3068
191
5834
535
7940
2452
2892
5335
4372
554
7937
7815
6512
2292
5876
2975
4134
320
6015
435
1975
1592
5039
3491
885
1217
2464
2510
5146
1255
1312
7158
681
7788
6795
4896
2440
5668
3996
6546
1126
199
4820
7592
6593
2968
5758
204
17
1291
7
738
2371
6409
6877
3594
2168
6906
5466
3198
3280
7333
7409
7548
6093
474
5171
6336
5322
4007
2467
2339
7355
4003
6858
5537
1938
3288
96
6003
6934
881
4415
2457
6767
954
2335
7046
898
6875
1588
1567
4675
2563
126
7804
1444
3963
5770
843
2517
5214
1532
3647
3231
4723
4243
3404
3546
5407
7852
7284
1710
7755
2394
4770
18
3359
3450
3509
5894
2393
7083
627
3959
922
7952
5874
3413
2264
4825
4284
1287
981
1189
6684
7913
4544
648
5568
2985
7203
2029
19
500
5229
3965
4220
7531
3995
4520
2577
1491
6481
5523
5132
1552
173
2696
6390
6214
6501
6036
6432
30
6770
5739
2762
4410
4837
4964
3214
5619
7459
2746
5515
5678
1551
7010
357
7038
1384
6974
2125
4064
2232
5523
2220
5583
959
7284
7427
3565
3976
431
881
5704
5134
4395
4271
7244
5110
7180
2926
4591
4187
2598
6181
1939
1768
7162
3960
5287
5434
565
4908
4478
6415
1624
1200
456
5060
5181
3773
7935
3509
7165
7032
3864
3324
7891
6574
6179
693
657
1059
1412
2449
3661
2678
5983
4356
1215
7291
2646
6681
7534
4022
3713
6940
716
2807
7296
5958
7255
5522
1348
3215
123
257
6987
6034
3106
4522
3598
4805
6206
5575
5192
2898
6828
5206
6633
4458
5446
2167
2499
5311
6712
1184
714
813
4067
6678
4413
1131
1357
1771
7961
793
5138
7767
315
664
3235
1467
1277
2878
2198
7429
6964
265
1700
2205
7394
5419
7089
2505
7354
1943
4471
6979
3144
4923
3654
4341
7773
2429
5076
7654
3538
150
272
5829
1084
4066
4019
5185
6902
6737
1661
1630
6153
7480
4332
575
460
5929
2532
6324
2188
5173
5660
1155
4314
942
3891
3277
2111
2371
494
5731
1995
7954
2207
4909
5944
6600
2878
3637
3920
2340
3992
7700
6033
1965
939
4346
7199
4712
7446
3405
1212
1667
1320
4960
7472
1299
6134
4921
5302
2604
3654
2657
3103
5054
4435
1785
7672
890
1784
4065
5211
3802
297
3772
1985
1024
2162
4043
2377
543
464
4714
7759
7101
5242
1247
3008
4329
6644
2532
1601
4624
7010
6290
3885
3303
6881
3200
5716
1714
6946
2444
1001
2848
3565
3019
2931
5481
4738
4711
4485
5252
1247
3172
557
3351
923
7767
75
4176
265
596
3960
1132
2726
1092
6619
6757
7402
1906
4321
600
6701
1803
3288
61
6119
1644
7868
6265
1955
6352
7308
164
6511
4492
6801
6292
1903
945
4643
4232
2537
1930
14
7908
3219
4375
125
3991
1422
4649
7393
5612
1778
7813
6877
1243
563
3891
7913
5878
4100
7375
735
3516
7801
1431
6584
4824
1795
946
7321
171
2773
5113
3403
5197
5799
6197
4429
4601
65
725
1933
474
7468
3934
2332
3320
919
4887
4594
7024
5060
5763
2447
5644
4823
7812
898
2962
6988
5558
4896
699
7471
2198
2454
2568
5911
4200
4381
3524
453
1770
1557
2370
6933
4021
3138
7427
3866
5092
350
5066
168
7252
132
2501
3257
7169
527
1823
6903
3815
2499
3512
520
582
7340
7465
4477
5686
3383
937
4369
6184
3651
4707
910
634
7878
6172
71
4731
865
2805
359
6623
6908
6060
3280
4384
3912
7727
626
1400
816
6132
54
4866
4231
716
1137
3782
5078
2596
4880
5441
5798
2051
4359
4496
3967
37
4891
1566
3857
6105
2202
6478
6698
1848
4593
5896
2583
7164
3702
1500
7987
6281
7717
4765
7029
2439
5536
2415
4220
4366
154
969
7459
5169
7659
591
329
7061
3021
1703
2056
4681
4852
7209
225
6844
1987
6055
5345
7859
7897
7252
3219
6402
4106
2918
4770
162
6334
1380
2348
1201
1028
7781
1492
3909
4659
6732
6068
2256
7767
7179
5940
1536
7207
5868
2349
1851
7522
7788
1991
870
5634
1276
248
6870
1806
5194
5767
3161
424
1666
7112
7033
1499
5561
6307
4863
6238
7288
6980
979
7966
83
7001
4848
6183
4504
5789
5263
3425
2737
4140
4034
2585
46
6819
4770
4211
1308
5419
4835
3052
338
6530
7891
720
6415
5940
3301
5165
1317
4404
515
7368
6415
4052
227
31
2841
7754
141
2842
6112
2515
4604
7146
1769
5400
4753
2228
1860
1012
4153
6537
1029
4802
2563
2257
6289
3368
1518
4544
7202
7014
4555
1753
4408
9
7498
3969
5347
2848
3771
5238
6797
6973
4055
3177
6203
4651
5284
7380
2078
321
7090
7142
7026
1848
2460
2960
2427
3246
1909
5914
1017
4425
1697
2646
5935
6347
7448
2151
293
6055
42
4378
7122
3033
6510
4262
509
6435
4878
5373
5346
7096
538
1385
1662
2979
1599
2330
4925
7563
7916
4299
164
298
1848
1511
3413
4648
5560
3313
835
2970
6779
2314
3063
6616
3158
6831
2574
3288
6231
7798
6717
3480
5876
5285
2007
4850
7047
3076
1310
525
2704
705
7311
7182
717
3994
570
4903
5608
4518
3503
2667
2292
665
5274
3560
3473
3392
7115
2603
7860
7087
1190
6335
3426
1006
2863
2012
1615
4751
6544
762
4902
7369
4233
6915
2536
6015
6406
633
6756
6
6199
3192
5588
3420
5790
5077
5367
2346
5018
6400
6254
1347
4246
2832
4879
3707
4948
5640
1397
2465
4606
5915
6457
7203
1962
1812
2753
7995
1301
1379
1594
5025
560
2607
7106
5735
2791
7191
4919
7753
5213
4696
4941
3857
2924
4442
7993
401
1826
6754
3405
3932
3375
1969
4869
4385
5796
4241
2449
6049
2349
2256
680
6341
7559
730
1126
5183
1402
4
5168
7088
4333
3016
2510
6777
4800
1587
262
3115
6662
2814
7894
2710
5385
1702
2522
6707
4886
348
1905
2682
1443
5156
1039
1064
5086
6210
3327
5800
4031
7945
4915
5822
2991
6390
968
3309
360
5350
2607
6170
1576
7474
1168
6703
5886
6870
5225
5994
6312
2683
7845
616
5116
7928
5187
1039
6759
1915
1198
5677
7076
4084
6485
543
2079
6562
6444
1675
5593
6457
6559
403
5567
5712
5933
4789
3871
4754
471
541
7013
6782
714
5371
1627
7890
2549
6974
3707
4638
3184
3851
4497
3275
4944
5074
3597
3254
478
5668
825
3008
4686
6803
1899
2423
7922
4505
7665
4720
739
3784
5286
7581
3535
6941
4316
5891
3534
3339
7205
3078
458
7831
767
5926
2450
2766
1102
4977
7464
3958
4478
3768
6164
2497
366
3857
4669
6956
5189
2320
999
1271
5917
1372
7205
3588
4857
4007
6750
3125
2962
6958
1075
3677
5003
4933
1344
6821
7557
7037
3135
3429
7649
2263
3854
4783
7736
4266
2228
4736
7190
3410
2871
3820
153
2338
5700
6179
142
4800
2013
3534
1496
1783
3141
6108
2262
7189
18
5374
6022
1272
6439
5184
3874
104
6710
6727
932
5148
4535
6136
6817
4204
6134
3795
6195
807
2891
2073
443
6069
7388
3780
358
5965
897
4565
7060
327
7637
2074
7325
3450
1053
4930
6809
2349
1555
2039
3632
885
39
1227
5505
5875
2817
4837
3496
6883
2520
994
842
5500
1881
4288
3746
4236
4628
3678
7308
1734
4091
3562
7426
1420
7717
7773
2012
1932
3730
423
579
2118
5055
2075
4978
1484
6892
3166
69
6598
3281
7798
1243
2306
7909
3059
4911
7967
2805
7547
7277
6641
7091
1923
7674
5195
6238
1477
5898
5839
5944
3974
2261
314
1408
3683
6318
7139
4179
2267
3824
1206
2881
4492
56
3966
1791
3532
3088
2059
4172
706
7046
1584
630
6008
1764
6029
668
6745
64
1372
2926
1209
2558
286
7711
5787
3449
2182
3866
2868
1587
7151
743
6592
4784
2421
2257
5968
6041
4044
2817
4482
7571
7437
4535
5548
2714
7909
412
5387
5721
3845
4192
1185
2454
6919
3822
4720
5571
5533
5021
1634
1645
6730
2089
2773
3374
4962
2024
6894
449
4003
6202
1868
5292
4305
702
204
6477
3204
5168
6583
3684
5696
7381
7357
4799
7408
6633
7631
967
4975
6113
613
7646
615
1325
2441
7500
7917
2724
4136
3267
2614
7137
1203
582
562
5894
7038
6281
6071
568
981
7040
7291
1558
7428
2289
7173
156
4171
7098
5538
7810
6224
4487
1846
5025
6148
899
571
5817
2754
6674
6743
2467
7469
6759
4225
6242
2411
2914
6604
4640
7574
2677
5776
7079
5585
3037
6092
2816
3344
2919
3297
7664
5857
3418
7354
2135
2214
6086
4536
3940
3825
3702
935
4571
3831
5711
4011
1258
2020
4571
2149
2887
6513
5535
3419
201
5022
6433
1871
7389
4626
4442
5103
2290
3725
1102
555
1156
4647
5647
2540
7009
650
335
1229
4378
5600
3830
423
7353
6885
5448
7043
5921
7508
5834
3931
4043
1817
5878
3754
4579
4863
1138
3156
5533
3431
4395
1531
6253
2731
891
4962
606
863
2936
7411
4731
2008
3527
2030
7494
4515
6121
3137
593
7094
7560
5000
1594
7750
642
2258
7693
1756
278
1362
2002
6451
6753
4158
7423
1762
1427
4216
5770
6471
5965
133
5349
5617
3563
6069
7462
7041
1040
7335
1220
6785
7719
5450
7799
4090
760
7476
6904
5265
2992
300
6986
5544
694
371
3525
