1268
2766
2080
1089
3218
1352
872
2944
727
680
2740
996
226
1532
403
3157
1551
3779
3597
953
3458
3511
2581
1919
3282
2252
1131
1274
1162
2465
1219
2980
392
120
2699
2829
1068
2634
1958
2383
563
2725
9
1126
1661
1743
1508
360
1482
969
3234
3935
1881
1217
1496
1533
926
2224
992
2198
1378
3219
2070
548
734
3859
2203
3008
602
2646
3020
3081
1307
1985
2762
1758
1509
1389
1306
691
590
2952
1657
1978
2343
1186
387
572
3389
2551
2800
3474
3782
2648
1217
939
866
271
2987
2164
3271
1937
2394
1387
2146
382
2612
1495
816
251
3083
601
3754
2074
3929
2741
2911
761
1900
3201
832
336
333
1713
824
1796
1549
1867
520
1558
3004
2325
2863
426
1772
2379
3369
2941
1910
3109
2216
979
3110
1247
1357
3301
735
3147
1961
2959
81
1214
687
259
1074
3823
1660
1206
1418
1372
1756
262
2967
1521
488
1722
2723
2253
2953
2075
1770
3366
3866
1776
1224
2973
2243
356
3924
3953
13
536
3026
1484
1897
3864
2828
1181
1341
3370
3997
975
3835
2839
3001
2565
320
3364
3346
3830
1274
3827
1375
2832
358
49
1493
3371
3502
1633
13
952
834
1636
1619
1997
3183
719
3590
2156
1176
3148
2796
2457
2072
912
3846
458
3356
212
3158
3656
766
2075
2146
3747
1987
3673
990
1464
290
3214
1690
2482
2367
2511
2444
34
890
2085
86
3280
2032
571
2206
2664
3971
334
3710
2788
3427
1053
3362
1528
3427
2954
1374
1613
1500
471
2252
1199
2891
268
615
3026
3179
51
2097
1419
1364
2742
1723
728
1392
1623
3545
3638
1138
2675
323
2962
2778
1421
887
289
304
3514
3800
2692
2954
3090
3852
404
364
3647
2889
3797
2562
680
1921
2482
561
2148
1610
880
1773
1635
1332
1693
613
742
3188
685
1817
3785
3181
3667
2015
781
2558
3329
214
1788
3026
507
3161
377
276
177
2109
2462
624
119
3408
160
1327
2930
2605
1895
2951
904
3625
2937
384
21
716
2325
2006
342
1399
2893
3073
2982
1806
1196
2821
2130
1389
1636
1565
820
1366
2786
1639
936
50
1773
159
3731
2994
2476
2258
3142
546
3485
3167
244
2377
1284
1660
1508
1039
1710
1654
3470
1508
1488
1116
3889
857
77
1915
3121
3406
2369
3774
3035
3459
2358
482
2741
931
1646
3253
3280
48
1346
102
515
3254
3229
1199
1259
539
723
279
1410
2375
923
3141
1983
63
760
3842
2118
3061
1027
2054
876
2034
897
974
3939
2480
1141
1861
2275
954
3912
852
557
182
3308
2898
3016
401
2566
98
2036
1743
74
1379
2959
2400
2580
2410
652
638
2040
953
399
3950
3283
447
2569
2765
935
746
1878
563
1718
1547
3728
3257
2537
871
2309
1929
1842
3100
3077
1970
3658
782
1727
791
3840
623
564
1914
2683
2901
1351
3998
412
3174
3327
3573
2222
1701
2226
3614
231
1015
362
1118
2475
3402
3331
295
3600
1683
226
3104
3084
3583
646
1592
899
1626
1312
3038
2812
235
3813
2467
1643
393
2766
971
2406
2165
2269
3808
2645
3235
681
2846
385
115
3253
3461
2216
208
1521
2045
1179
3002
1567
3983
879
1411
3302
2392
2499
603
2918
2142
2744
1808
2546
1366
315
2567
742
1060
447
2082
3019
1698
2295
3500
861
3687
821
2471
347
819
1680
3786
3446
93
2543
1477
2785
1863
797
1200
843
1438
1891
3463
2090
380
416
3067
2077
310
3524
668
1180
3953
1201
718
1852
1863
3317
1672
272
2849
2762
1108
389
498
2890
1481
2444
3339
1273
3007
586
3805
3759
453
207
1334
3250
3992
2068
1794
755
2424
310
1516
1642
2778
768
2540
450
2121
1333
1329
994
1508
2712
3768
2008
3145
1629
2602
2171
3608
815
2017
2091
2668
1242
1627
492
2788
2042
2745
1642
2135
2011
2402
2777
2793
50
1883
2044
1604
2416
592
3316
1673
898
3286
960
2593
1319
464
771
2133
2080
3478
112
3791
1536
649
3328
2928
1283
1444
2881
404
603
3839
3786
1431
2537
771
3563
2110
2578
1506
755
232
453
2618
21
2631
1410
2489
147
740
3914
1315
431
3662
3334
3773
1993
1505
107
929
2074
3117
1783
1075
3975
1722
651
785
1246
653
1119
2925
1725
2250
3029
795
221
2321
1932
1033
1555
2800
2671
3731
2633
3746
2159
2315
2927
1834
3998
70
2590
777
1007
3844
770
1593
1669
1119
1385
618
1449
1458
3789
3580
3663
3620
3612
2571
75
3890
2557
3898
3785
3628
1527
633
2287
2415
2056
3824
788
2451
3576
2183
2984
3230
1810
2205
2023
1778
1013
1117
1767
3966
2345
708
2766
182
2422
2677
1783
3002
1241
862
464
3608
3509
1173
583
1808
2276
3174
2036
2483
3619
1133
695
3344
633
3366
1128
3071
3293
843
1549
3236
3664
3846
2603
2889
2881
813
34
3608
956
162
381
1978
1914
579
2675
176
2185
458
1912
1653
719
1671
2302
1222
2323
1897
2477
2455
3057
1316
2715
964
2819
430
3615
3892
78
3342
3828
2815
247
3231
1915
1453
2653
345
1437
948
3143
3652
1487
1248
437
2274
3619
1442
3106
3926
2845
3830
389
3568
1714
970
368
1897
1652
672
1088
3181
3087
1630
1749
2751
872
3134
3935
370
1113
1228
2996
3678
782
3152
2546
2275
3300
2371
505
1845
526
3824
1569
2279
2986
37
1542
3815
1937
1109
682
2564
1081
1229
1701
1812
1532
186
1489
146
849
1277
1334
1910
280
461
3374
2165
2456
3082
1909
2698
1094
1651
1850
942
3136
3411
3360
2995
1426
3698
2273
1997
1316
882
317
3777
428
1277
1336
2497
439
108
525
2486
720
3595
1435
951
2216
746
3411
277
3209
3507
1406
3400
3107
45
2659
3370
752
3247
498
2263
1523
424
2770
2142
553
2744
3478
1033
2050
613
3896
2060
521
3823
967
2922
2131
2067
1010
2212
990
111
777
2534
2308
1483
3059
225
601
3571
2744
1440
1143
1372
3365
424
1222
2836
435
3153
1756
1963
3257
3055
250
251
2177
2236
2137
3401
3727
167
89
708
147
2556
2160
853
1688
1840
3352
1014
2854
2336
1494
1734
3422
2280
701
266
3827
940
2499
3573
309
1616
2835
3120
2927
2175
312
3988
1466
3962
905
3248
823
69
2696
332
3499
3407
1117
412
1293
2706
399
3650
857
859
906
209
3107
3358
3777
19
637
866
2837
1471
3193
1997
2381
3048
1182
3482
1239
3367
3876
645
2639
1415
371
1757
2659
1156
1024
1967
1202
876
642
3854
2861
1144
243
2304
3250
2028
3972
3037
1897
3834
2131
2416
3794
403
617
3114
3885
2371
1823
2906
1160
3850
3789
134
3012
1466
1618
543
3847
2482
1874
3215
2799
3061
1605
3829
2904
3783
3170
2782
2992
1022
2108
205
1159
2858
606
3095
3951
2804
1235
1868
1863
3080
2891
1519
3216
3587
119
1282
2503
3844
2169
384
2559
1603
3583
2639
102
3764
3585
1298
37
1939
960
2646
3611
3780
350
662
3472
1971
3895
3125
2061
658
1872
2096
3937
3370
484
3016
703
3363
273
3711
3237
220
3074
2971
2687
227
485
3101
2701
434
1032
1638
3372
1666
3459
1294
2941
2836
96
463
1078
1922
1536
3249
674
2286
1860
3688
653
381
3668
2794
316
121
405
70
2279
3072
2327
2614
1354
3693
95
486
3252
199
1596
102
2140
1339
964
3147
3568
2132
2334
3667
1905
78
2956
3600
2697
3362
1472
584
1819
458
2170
2350
2052
1410
1607
620
1660
645
1528
429
1305
10
1035
3725
2247
3386
3431
1788
2964
2350
2587
2164
2428
2576
2138
2176
2461
2539
2592
767
934
804
312
3422
3292
867
3305
1739
3944
3729
3169
1242
1828
3807
196
359
538
3415
1099
1486
362
306
3851
1686
2407
3491
1144
3257
511
1354
3153
2413
486
2457
143
1121
814
902
911
67
2476
163
2341
828
1315
1516
1637
1477
2529
1043
1118
674
1527
2431
1514
580
1061
3500
883
2579
3150
2868
734
262
1340
1816
1671
1313
2560
1705
1496
1694
55
182
2038
1495
2987
3142
408
3213
2782
3966
1794
1926
1921
2843
2377
3232
2449
770
2680
42
3291
533
2116
2846
193
1811
390
2367
2476
318
2569
679
2177
3446
3679
2489
1664
1301
2597
2427
181
1731
1020
3046
3283
1824
2900
1365
291
239
3933
2343
3730
3373
1225
3781
2677
3631
3002
3128
734
619
3807
2996
2936
3008
3312
3
560
429
1440
2350
550
2241
3143
649
761
2743
697
3463
1978
390
3694
1942
838
3800
2718
3829
1839
2178
1344
3142
1931
664
1742
45
1719
1950
1652
1686
1661
2695
1554
3676
3804
238
2086
3729
2509
974
3677
1526
344
976
142
853
183
1883
3316
1415
3651
2595
3634
3733
2892
3170
3132
1382
1111
675
1192
101
2506
141
1135
1852
1056
180
2338
1324
2447
3781
492
3794
3209
3187
3404
1333
2558
3301
2762
350
2555
2395
1937
3507
3127
2884
664
982
3116
3825
2324
155
1809
2437
3588
3457
2820
1884
1560
3249
2020
2743
2745
2762
3493
2048
2497
1120
1192
1125
756
3278
1484
1163
3021
3853
2591
671
3953
3681
2027
1937
1698
649
241
3782
3367
1683
3782
3757
2198
3157
1164
1723
821
3623
3824
994
1685
2538
1786
1856
576
1209
2640
3833
1917
967
619
1162
2934
1811
3145
3433
1552
2385
1152
1845
933
341
1756
1727
875
2531
495
3261
1305
594
1550
331
2688
3215
3529
1701
531
3361
3528
3885
3881
1907
1606
470
3005
244
1991
1339
1523
2471
33
1467
729
1558
2504
3172
3530
778
1253
2662
2424
447
3209
49
1824
589
2517
3493
2908
2737
2222
2119
3115
3834
1487
531
3260
3717
3389
3468
3667
56
3101
698
1407
3306
1473
2905
292
1714
50
305
3831
738
3368
3772
194
2448
3342
1484
2826
323
2051
1455
2089
306
1168
1080
418
3608
2326
383
3837
2490
3138
376
396
1989
923
3675
1950
1903
1000
1087
2103
883
1561
1525
873
3506
3066
668
223
3979
3584
2074
2604
891
457
106
1575
460
885
314
172
114
3981
2266
160
2413
281
2443
2974
1369
1722
62
3687
1273
613
3053
3788
3376
545
583
3049
1592
1692
2680
214
1732
3925
1648
214
3999
2108
2019
3473
546
2487
842
1641
3233
428
1926
3498
3531
1607
1790
3189
2014
685
3200
2076
1624
2233
2575
739
2515
3585
1463
3009
3353
650
946
3893
3387
169
3171
1156
2205
2685
1382
2337
1343
51
3365
2171
3082
282
2499
1541
1529
3102
1564
44
3740
2722
3491
3426
2630
1508
353
3984
181
2686
962
47
2839
3579
1194
2265
2275
1045
1221
1467
1715
1805
1962
3882
2068
3564
2263
1769
2733
2816
1103
1733
1066
57
2157
2656
984
2269
3958
1824
3461
319
337
2380
394
2034
2687
3730
1435
546
3717
2498
3465
3700
3929
1805
1226
2334
3888
645
3855
659
1301
3269
424
3552
3218
343
3924
1221
1749
2633
1755
555
1718
2767
1591
3260
655
2948
859
3093
533
2945
3501
1852
3152
1291
277
1760
3515
2702
3586
437
954
3147
1571
1102
3874
1294
376
3406
3523
903
219
3057
397
2851
2033
3708
3382
3363
1890
2174
1708
2995
2493
1979
2099
1342
801
862
1310
3201
1983
2941
2749
1568
658
468
1940
3067
19
3929
401
2569
3003
314
895
566
926
1175
3091
3446
788
3071
3124
3
1631
1668
6
2816
3701
1992
1651
326
2814
2338
3936
1276
233
1189
2171
3044
2255
3664
2712
1668
963
3827
981
2024
3736
1905
3883
673
104
469
52
2861
3685
1739
3362
1291
2867
1358
3356
802
3018
2127
1571
1160
1753
2229
65
2850
902
860
3379
2269
2700
471
31
2405
52
266
3854
2987
1830
1461
1128
3673
3191
3427
3287
1526
2329
627
999
3681
1559
2690
700
118
178
566
1059
3871
3591
3418
3808
1209
2946
1577
634
2275
3814
2181
1247
2408
1376
1605
978
361
159
3527
3786
2677
1530
3804
1665
1286
915
53
286
3895
126
3535
1419
378
1703
897
665
1688
3780
1423
1804
682
2104
540
1101
14
2696
2074
3134
3602
1872
3623
233
2103
423
401
361
3764
2719
951
168
2504
551
2519
3800
2287
2481
980
1418
2256
3841
491
3965
2122
2279
1905
1285
2778
2538
3081
894
2849
3856
3201
986
1540
416
3219
3617
1061
3852
3735
2360
328
3797
2293
1501
376
3899
2436
2057
2828
607
3091
198
1393
2330
1272
1965
756
3605
2481
3189
2455
926
2236
3965
3262
1188
698
1925
3373
1577
3323
2898
860
3297
2043
2223
2519
4
534
150
2098
3828
2130
2856
501
441
2368
3064
3647
1653
1541
2307
3675
1667
1366
3551
1848
1263
1546
1429
3431
3815
1849
446
1477
3085
912
3769
762
665
963
89
493
3628
1763
2827
1078
1426
3764
2688
937
1168
1384
2082
2197
3962
3408
3741
237
203
3445
2330
3700
2563
1658
485
2896
1612
1432
3345
509
429
291
3029
1006
214
1021
95
1482
2828
3227
3828
1550
2136
574
2149
2900
3564
1011
1191
542
1507
345
49
2245
3584
3931
559
2804
251
315
3218
2860
3244
3317
676
3981
1907
1473
3718
3467
3180
2104
734
1088
3319
2116
1642
3620
2297
2324
2542
1486
1890
610
2083
1249
2848
1258
1553
225
2836
2643
2916
2737
3797
2592
2477
1718
1837
1955
308
3725
2665
2269
1804
2875
573
3413
2146
525
422
702
314
3627
948
1233
3603
2566
2650
2340
3273
1295
1876
3895
3720
1976
2576
1378
1426
2548
2723
2433
829
3276
1942
2119
321
2663
146
3718
347
1253
3883
3766
1
180
1459
1662
799
3900
1926
2753
2528
480
1572
726
3912
2988
1029
1889
1723
2338
763
3282
7
3203
3599
2637
3704
2721
1645
3903
2729
3325
2079
338
1196
1311
322
195
1458
435
3275
2507
3980
2643
2119
2917
1369
2524
2666
2439
574
2626
3683
443
2487
1542
857
3761
3891
826
3073
2246
1869
666
1038
3624
2160
1709
2853
1156
3445
4000
539
3821
515
193
3188
3357
1382
1523
642
2304
732
3022
1901
2718
437
1328
1521
2455
2712
2578
464
657
1573
1531
2844
264
3359
592
1174
715
1011
3147
3819
1291
257
218
722
2368
3722
1875
3624
679
1044
2215
1531
2590
3006
2826
277
1004
764
338
3432
2933
3587
369
1535
3429
983
279
968
2377
1109
1988
1325
2605
2323
495
1694
1441
2145
2824
1849
3771
1681
1225
3906
125
52
1408
872
1183
3066
3021
3611
3151
389
2691
1014
1564
1197
2846
3409
1005
2362
1518
993
3240
662
1312
2140
1161
391
3149
2384
1321
1458
174
2036
1638
170
2475
61
171
3770
544
3513
3317
3813
2421
2059
783
2416
1672
2388
3423
3084
365
3817
1135
638
3891
3541
3827
2126
2680
2153
2817
2570
3508
2400
3253
1750
2780
3405
1329
3508
1638
1620
3683
1027
2812
348
162
2898
1731
3127
2842
3629
137
1669
2684
3227
934
2632
3843
2663
2578
735
3807
925
2278
1245
2583
242
3065
3344
2701
360
2803
2762
1158
3908
2895
3798
2781
2810
1986
3659
375
1382
3470
527
2740
1680
234
32
199
1945
1120
74
2137
365
675
3240
56
3310
3692
931
184
2891
3002
1161
488
1768
3436
2664
2841
124
2946
1408
2317
454
2964
3970
638
991
1148
2802
3586
122
10
37
355
600
3462
1166
3003
733
1269
864
1728
1335
327
908
3351
3240
640
3742
2352
1697
1334
3015
3102
1133
1651
2523
3644
1335
1378
3960
3093
68
2481
2265
3872
3809
1454
1933
2624
1823
2901
2304
1635
927
292
2401
2883
1173
613
2189
3784
539
3368
2795
3200
2655
3660
2850
3767
567
3772
3002
1357
3284
1262
3047
949
1474
1518
2391
1672
886
3000
2117
3346
2137
377
1760
533
3016
2442
3300
3142
709
1384
2524
3676
3584
462
2031
1751
3497
3345
3973
3053
1758
3463
11
2683
3318
1370
3267
1423
456
1764
399
2498
1097
1904
1823
1654
1622
52
3973
1624
761
698
3719
2338
963
906
467
478
290
1694
3453
963
917
1478
474
2500
1960
2566
2039
2569
2871
2997
3464
583
1738
290
1652
3215
361
2654
2551
1536
1090
3385
1592
1217
2555
3100
2730
88
1430
169
277
428
1515
2745
401
2917
3139
3281
2997
2858
2061
3175
12
1363
2359
1586
2755
2995
1264
2380
1977
2133
1026
3265
2866
3287
779
3563
2962
1824
1767
383
1295
2069
2081
1831
3407
157
1166
2258
3118
2841
3675
307
1773
2656
3580
2959
120
1514
3729
491
3453
1644
2959
3405
3840
388
1655
2297
1022
2155
2314
3996
1760
3768
620
3289
3995
2931
2351
1823
2691
2690
3914
1721
1813
987
225
3421
1136
153
3033
3421
1709
3378
3926
3246
9
3011
529
1373
3133
2867
632
1344
3954
1732
653
1117
734
3195
1646
2617
1082
1476
2562
2677
2003
1191
1452
2040
3214
2015
1178
2905
758
3008
3640
2911
3891
1121
3343
2864
648
1892
561
1818
1887
3560
1221
2939
666
2048
429
1419
2604
1188
1235
433
809
1814
2786
58
23
3863
860
3040
559
778
2217
673
695
2575
218
737
2894
2812
139
3565
3116
2479
738
284
987
2952
3260
1157
3048
2707
1097
1153
3268
939
2700
3877
485
432
606
3674
1792
2011
1223
788
2592
785
2736
1207
3575
413
1468
3661
3246
3003
2635
2273
3888
3559
2442
2044
2041
2388
56
1930
2481
2480
492
453
1195
3213
1756
1626
3064
2202
882
572
2854
368
14
1071
1257
1022
3130
2447
1582
2563
2402
2112
1888
191
818
2239
36
1733
3621
804
528
739
571
3238
3696
2675
1776
3456
297
1285
791
2072
2659
2919
1515
1759
3027
2831
1304
1705
1568
383
3584
1219
3995
3249
2807
976
1725
2607
1802
69
2664
3892
3981
2792
3
2056
3837
495
2135
1167
3453
2356
1586
3996
2879
936
2982
3276
2184
693
1254
2978
467
2682
2564
462
718
3654
78
729
1764
3724
3257
1794
2160
3745
3317
1792
2023
935
1831
758
297
691
2031
3533
2119
2530
3509
247
2457
614
537
224
2533
3052
2359
3534
16
2265
3961
2654
1964
1489
2887
640
1437
222
1065
1567
2949
1066
2890
1473
3374
2683
1170
952
1046
3844
3911
3220
2122
2985
1049
739
1405
1024
919
3160
1336
352
1469
1576
2217
2507
1476
806
213
1486
3824
1227
2455
1733
2553
3144
318
3433
2303
2508
1166
2067
2027
479
1950
3943
3844
3045
1971
1427
2692
1498
1973
544
893
1696
494
3236
1961
3716
884
41
3427
1095
633
2667
3542
76
1418
28
980
2905
233
1045
405
718
221
2873
3115
361
3138
2136
777
3863
493
602
2192
2459
2517
3683
2912
2263
3071
1673
2324
911
751
3523
2295
289
1403
1866
3293
2221
3184
730
3037
337
527
1897
1984
2345
3277
3829
2964
3575
2058
3027
3716
1526
391
2903
3546
1945
3671
880
3828
70
1404
3190
1342
76
1140
781
1112
945
2922
3259
2962
3676
387
982
3865
978
1532
2881
2224
3828
3181
512
990
1404
2776
2931
26
2685
2217
2515
3335
3135
2032
75
1154
39
3732
944
1107
1974
2217
1086
2252
235
1223
1965
1972
2868
1789
1944
1635
2098
1758
3943
1881
772
2143
410
2977
1929
2001
1277
2567
624
3105
705
822
1953
3504
460
1078
3940
3786
102
2175
532
2045
424
3698
1058
1779
2569
1065
840
1134
511
3210
2291
2905
3683
3885
2751
438
3694
3740
3637
3711
2942
1889
3446
3592
112
1608
2462
3255
2035
1290
2211
2151
3791
1717
905
1606
3171
175
1752
3442
983
2385
3401
2037
695
3877
926
2649
561
2238
59
3704
2285
1056
255
1627
1562
1056
1349
2559
951
1182
2914
1230
3965
3730
2306
2099
3442
248
2260
739
2903
3959
256
3915
1854
3138
3865
2200
663
250
3798
3351
2025
3215
218
1501
3575
3749
3078
479
1924
748
3020
1932
328
12
3981
3307
332
515
158
3325
584
3091
2982
836
1929
3137
265
753
2015
3932
2058
574
1123
3441
3518
2682
1166
3067
1023
2283
3973
3684
3836
2255
595
1142
322
3780
1156
1768
1003
1967
1234
2540
3475
2487
2217
235
2071
607
1656
1668
1385
1994
1068
2745
1224
3498
3472
2988
2626
2262
1787
971
2319
407
2427
951
3483
732
852
2005
3989
3999
1154
2834
379
1321
1561
2151
2455
3820
2034
3142
911
3740
900
208
174
2574
3874
2113
2728
3733
966
3623
1281
679
1145
1888
3333
3247
255
1507
667
3942
3868
3668
1315
2246
3935
3307
1155
2936
726
1372
1064
2438
2338
3317
2715
3742
683
1761
103
2215
916
2853
2394
2531
2385
862
4
1078
2608
704
3036
1420
1459
3154
1962
106
3594
1322
2473
1366
950
3572
2231
2156
647
2964
711
3575
2905
3286
3029
1888
2666
2117
3251
3351
3747
592
3110
3382
3237
1303
1458
2699
2002
3591
237
676
1952
1503
1458
3230
2572
3098
3143
283
1626
134
711
2899
593
3379
1234
1391
661
3237
2760
1004
2376
631
2894
789
3272
2763
585
2768
1436
161
1895
1736
2843
2642
3787
3140
2308
65
2721
1426
1356
1816
262
1491
3701
1842
834
3251
3434
2627
3944
3030
1403
1917
38
2521
3077
2963
3001
3620
1161
2956
2116
2419
3018
963
326
56
819
1853
103
1491
298
3612
34
3765
593
3193
1390
2764
3279
2305
1527
1920
2497
1244
2633
639
3221
2684
3327
1825
403
3166
1747
2288
2495
2378
679
2826
3408
1866
2391
1546
1986
865
126
3774
1344
3967
3967
3504
678
1255
1640
1545
1561
36
910
530
3726
1254
2791
2055
1826
3161
519
3309
3484
646
3935
37
745
1738
714
1815
3370
3005
928
2651
2682
3049
864
161
870
1708
1926
2360
2779
217
331
1313
942
2528
183
2207
1316
445
3512
1907
2773
1399
1012
3042
2642
837
3355
2131
2940
1224
2796
2643
1321
3116
215
645
2519
3241
1118
3877
2283
3139
217
865
1075
2343
1001
2299
3262
3837
2140
1116
1389
1729
1401
169
2587
3189
3016
440
1330
1801
304
3003
1295
1052
988
527
2517
1486
305
3707
2423
1829
622
3298
3728
2970
917
2051
3584
334
439
3986
2349
1278
1333
84
2122
2852
1598
2121
979
1963
428
3426
1422
1177
27
528
3317
2773
1869
2718
2258
3842
99
1103
2096
3245
834
484
641
1742
1573
310
2515
1029
142
75
1164
543
3611
1196
1699
2168
1020
865
2007
2940
3640
492
2290
564
783
3940
1594
2100
3934
3809
2025
2731
1130
2222
1398
3130
55
237
718
536
59
1405
3857
185
273
1562
3371
2667
251
3496
1217
2496
911
2961
1450
1303
2933
3207
3511
2473
2243
711
1291
1946
858
3764
824
2304
3661
2282
1827
2794
2025
2043
1596
731
3700
2390
3707
1905
836
255
3718
3880
2031
661
3240
676
1938
2489
281
3533
1104
1744
3736
3753
466
2331
2924
1995
2692
3709
458
2748
1716
